1 1 0 0 0 0 0 0 0 0 0 0 0 0 0 
.2795 .278 0 0 1 .152 1 0 .154 .0945 .1065 .129 .1385 0 .246 
0 0 0 0 0 0 0 0 0 0 0 0 0 0 0 
.2755 .557 0 0 .111 .05 .353 0 .551 .0125 .01 .085 .0135 0 .0375 
.2145 1 0 0 .1515 .034 .096 0 .143 .026 .0155 .0645 .0245 0 .0725 
.3665 .533 0 0 .4585 .66 .4455 0 .2115 .1605 .2615 .1365 .129 0 .1345 
.431 1 0 0 .2005 .0845 1 0 .449 .028 .025 .152 .026 0 .07 
.161 .601 0 0 .0745 .0225 .489 0 .0935 .017 .0095 .076 .0175 0 .034 
.5135 .43 0 0 .4685 .222 .3745 0 .6945 .1005 .135 .254 .092 0 .146 
.2335 .4405 0 0 .332 .1505 .2805 0 .122 .562 .279 .1005 .3715 0 .133 
.212 .28 0 0 .2415 .201 .4145 0 .14 .2805 .498 .0775 .221 0 .065 
.534 .3615 0 0 .664 .1905 .38 0 .3375 .087 .0665 .746 .0835 0 .189 
.17 .4395 0 0 .3005 .0875 .23 0 .106 .364 .1885 .112 .549 0 .1155 
0 0 0 0 0 0 0 0 0 0 0 0 0 0 0 
.235 .3125 0 0 .601 .195 .222 0 .1395 .1335 .1285 .1485 .1145 0 .754 
