#TS1
2 2 3 1 0 3 3 3 4 1 2 0 1 1 0 2 3 1 1 3 1 2 3 2 3 3 2 1 0 0 1 2 4 1 0 1 4 0 3 1 3 0 4 0 0 4 1 1 3 4 2 0 2 4 3 3 0 0 0 3 0 0 2 3 1 3 0 0 1 0 4 2 1 0 1 0 3 4 2 2 2 1 4 0 1 1 0 4 0 3 3 3 0 3 0 2 3 3 0 3 0 0 0 0 0 0 0 0 0 0 
2 1 3 2 0 3 2 2 4 1 2 0 1 2 1 1 3 0 2 3 1 1 3 1 3 4 1 2 0 0 1 3 3 1 0 1 3 0 3 1 4 0 4 0 0 4 1 1 3 3 1 1 1 4 3 3 0 0 0 3 0 0 2 3 1 3 0 0 2 0 4 2 1 0 2 0 2 3 2 1 2 1 4 0 1 2 0 4 0 3 3 3 0 3 0 4 2 4 0 3 0 0 0 0 0 0 0 0 0 0 
#TS2
2 2 3 2 0 4 3 2 4 1 2 0 1 1 0 1 3 1 2 3 1 1 3 2 3 3 1 4 0 0 1 1 3 1 0 1 3 0 3 1 3 0 4 0 0 4 2 1 3 4 2 2 3 4 3 2 0 0 0 3 0 0 2 3 1 3 0 0 1 0 4 2 1 0 2 0 2 3 3 2 2 2 4 0 1 2 0 4 0 3 3 3 0 3 0 3 1 4 0 3 0 0 0 0 0 0 0 0 0 0 
2 1 3 2 0 3 3 3 4 1 2 0 1 1 0 1 3 2 3 3 1 0 3 2 3 3 1 2 0 0 1 2 3 1 0 0 3 0 4 1 4 0 4 0 0 4 2 1 3 4 1 2 2 4 4 2 0 0 0 3 0 0 2 3 1 3 0 0 1 0 4 2 1 0 2 0 2 4 2 1 2 2 4 0 1 2 0 4 0 3 3 3 0 3 0 3 2 3 0 3 0 0 0 0 0 0 0 0 0 0 
#TS3
4 1 3 1 2 3 3 3 4 1 0 0 2 4 0 2 3 2 3 3 1 1 1 2 3 3 1 2 3 0 1 1 3 2 0 0 1 0 2 1 4 2 4 0 1 0 2 1 1 4 1 2 2 4 3 3 3 0 0 3 1 0 1 3 1 3 0 0 1 0 4 1 3 0 2 0 2 3 3 2 4 4 0 0 2 3 0 4 0 3 3 4 0 4 0 3 2 3 0 4 0 0 1 0 0 0 0 0 0 0 
3 1 3 1 2 3 3 3 4 1 0 0 3 4 1 2 3 2 2 2 1 1 1 1 3 3 1 2 4 0 1 1 3 2 0 0 1 0 1 1 4 3 4 0 2 0 1 0 2 3 1 2 2 4 2 3 3 0 0 2 2 0 2 3 1 4 0 0 1 1 4 2 3 0 2 0 3 3 2 1 3 3 0 0 1 3 0 4 0 3 3 3 0 4 0 3 2 3 0 4 0 0 1 0 0 0 0 0 0 0 
#TS4
2 1 3 1 0 3 2 3 4 2 2 0 1 1 0 2 3 2 4 3 1 0 3 2 3 3 1 2 0 0 1 2 3 1 0 0 3 0 3 1 4 0 4 0 0 4 2 2 3 4 1 2 2 4 3 2 0 0 0 3 0 0 2 2 1 3 0 0 1 0 4 2 1 0 2 0 2 3 2 1 2 2 4 0 2 3 0 4 0 3 3 3 0 3 0 3 2 2 0 3 0 0 0 0 0 0 0 0 0 0 
2 1 3 2 0 3 3 3 4 1 2 0 1 1 0 2 3 2 3 3 1 1 3 1 3 4 1 3 0 0 1 1 3 1 0 0 3 0 4 1 4 0 4 0 0 4 2 1 3 4 1 2 2 4 3 2 0 0 0 3 0 0 2 3 1 3 0 0 2 0 4 2 1 0 2 0 2 3 2 2 2 1 4 0 2 3 0 4 0 4 3 3 0 3 0 2 2 3 0 3 0 0 0 0 0 0 0 0 0 0 
#TS5
2 1 3 2 0 3 2 2 4 1 2 0 1 2 1 1 3 0 2 3 1 1 3 1 3 4 1 2 0 0 1 3 3 1 0 1 3 0 3 1 4 0 4 0 0 4 1 1 3 3 1 1 1 4 3 3 0 0 0 3 0 0 2 3 1 3 0 0 2 0 4 2 1 0 2 0 2 3 2 1 2 1 4 0 1 2 0 4 0 3 3 3 0 3 0 4 2 4 0 3 0 0 0 0 0 0 0 0 0 0 
2 2 3 2 0 3 3 3 4 1 2 1 1 1 0 2 3 0 2 3 1 1 3 1 3 3 1 3 0 0 1 2 3 2 0 1 3 0 3 1 4 0 4 0 0 4 2 1 2 4 1 2 2 4 3 2 0 0 0 4 0 0 2 3 1 3 0 0 1 0 4 2 1 0 2 0 2 3 2 1 2 2 4 0 1 2 0 4 0 3 3 3 0 3 0 3 2 3 0 3 0 0 0 0 0 0 0 0 0 0 
#TS6
2 1 3 2 0 3 2 3 4 2 2 0 0 0 1 1 3 2 3 3 1 0 3 2 3 3 0 3 0 0 0 2 3 0 0 0 2 0 3 1 4 0 4 0 0 4 1 1 2 3 0 2 3 3 3 1 0 0 0 3 0 0 1 2 1 4 0 0 1 0 3 2 1 0 2 0 2 2 2 1 2 1 4 0 3 3 3 4 0 3 2 3 1 1 0 2 2 3 0 3 0 0 0 0 0 0 0 0 0 0 
2 0 3 2 1 3 2 3 4 1 2 0 1 0 1 1 2 2 3 3 1 0 2 2 3 3 1 2 0 0 0 2 3 0 0 0 2 0 3 1 4 0 4 0 0 4 1 1 2 4 0 2 3 2 3 1 0 0 0 3 0 0 2 2 1 3 0 0 2 0 4 2 1 0 2 0 3 3 3 1 2 2 4 0 3 3 3 3 0 3 3 3 1 2 0 2 4 3 0 3 0 0 0 0 0 0 0 0 0 0 
#TS7
2 1 3 2 0 3 3 3 4 1 2 0 1 1 0 2 3 2 3 3 1 0 3 2 3 3 2 2 0 0 1 3 3 1 0 0 3 1 3 1 4 0 4 0 0 4 2 1 3 4 1 2 2 4 3 1 0 0 0 3 0 0 3 3 1 3 0 0 1 0 4 2 1 0 2 0 2 3 2 0 2 1 4 0 2 3 0 4 2 3 3 2 0 3 0 3 2 4 0 3 0 0 0 0 0 0 0 0 0 0 
2 1 3 2 0 3 3 3 4 1 2 0 1 1 0 2 3 2 3 3 1 0 3 2 3 3 2 2 0 0 1 3 3 1 0 0 3 1 3 1 4 0 4 0 0 4 2 1 3 4 1 2 2 4 3 1 0 0 0 3 0 0 3 3 1 3 0 0 1 0 4 2 1 0 2 0 2 3 2 0 2 1 4 0 2 3 0 4 2 3 3 2 0 3 0 3 2 4 0 3 0 0 0 0 0 0 0 0 0 0 
#TS8
1 1 3 2 1 3 2 1 4 2 2 2 3 1 0 0 3 2 1 3 2 3 2 0 3 3 1 2 0 0 2 2 3 2 0 2 3 0 3 0 4 0 4 0 0 4 2 1 4 4 3 2 0 4 3 2 0 1 0 3 0 0 1 3 2 2 0 0 1 0 4 3 2 0 2 0 2 2 2 1 2 2 4 1 1 1 0 3 0 3 3 3 0 4 0 3 2 1 0 3 0 0 0 0 0 0 0 0 0 0 
2 2 2 2 0 3 2 2 4 2 2 1 4 2 0 0 3 1 1 3 2 2 2 1 4 3 1 2 0 0 1 2 3 2 0 1 3 0 4 1 4 1 4 0 0 3 1 1 4 3 3 1 0 4 3 2 1 0 0 3 0 0 2 3 3 3 0 0 3 0 4 3 1 0 2 0 2 3 2 1 2 2 4 0 1 0 0 1 0 3 3 3 0 3 0 3 2 2 0 3 0 0 0 0 0 0 0 0 0 0 
#TS9
2 2 3 2 0 3 3 2 3 3 2 2 1 2 1 2 3 4 1 2 2 2 1 3 3 3 1 2 0 0 1 2 3 2 0 2 3 0 2 3 4 0 3 0 0 4 2 2 3 3 1 2 2 4 4 2 0 0 0 3 0 0 2 3 1 3 0 0 1 1 3 2 0 0 2 0 2 3 2 1 2 1 4 0 1 1 0 4 0 1 3 3 0 4 0 3 2 3 0 2 0 0 0 0 0 0 0 0 0 0 
2 2 3 2 0 3 3 2 4 2 2 2 1 1 0 2 3 3 3 3 0 0 2 2 3 3 1 2 0 0 1 2 3 2 0 2 3 0 4 2 4 0 4 0 0 4 2 1 3 3 1 2 2 4 2 2 0 0 0 3 0 0 2 3 1 3 0 0 1 0 4 2 0 0 2 0 2 3 2 1 2 1 4 0 1 2 0 4 0 2 3 3 0 3 0 3 2 2 0 3 0 0 0 0 0 0 0 0 0 0 
#TS10
2 1 3 1 1 3 3 0 4 1 2 0 1 1 0 2 3 2 3 2 1 0 3 2 3 4 1 2 0 0 2 2 3 1 0 0 2 1 3 0 4 0 1 0 1 3 2 1 3 4 2 2 2 4 3 2 0 0 0 2 0 2 2 3 1 2 0 0 1 2 4 1 1 0 2 0 3 3 2 1 3 2 0 0 2 0 0 4 0 3 0 4 0 3 0 3 2 4 0 3 0 0 0 0 0 0 0 0 1 0 
2 1 2 1 1 3 3 0 4 2 2 0 0 1 0 2 3 2 3 2 1 0 3 2 3 3 1 2 0 0 3 3 3 1 0 0 2 0 3 0 3 0 0 0 1 3 3 1 3 4 3 1 2 4 3 2 0 0 0 2 0 3 2 3 1 0 0 0 2 3 3 1 1 0 2 0 3 3 2 2 3 1 0 0 2 0 0 4 0 3 0 4 0 3 0 3 1 3 0 3 0 0 0 0 0 0 0 0 1 0 
#TS11
2 1 3 2 2 3 2 2 2 2 2 3 2 1 1 0 3 2 0 3 0 3 0 0 3 3 1 2 0 0 3 3 3 1 0 1 3 0 3 0 3 1 2 0 0 3 2 1 3 4 2 2 0 4 3 4 0 4 0 3 0 0 0 3 2 0 0 0 1 0 4 4 4 0 2 0 2 2 2 0 2 2 4 1 1 1 0 2 1 3 3 4 0 3 0 3 2 0 0 3 1 0 0 0 0 0 0 0 0 0 
1 1 3 2 3 3 2 3 2 2 2 4 3 1 0 0 3 1 1 2 1 2 0 0 3 3 1 2 0 0 3 2 4 2 1 1 3 0 4 0 4 2 2 0 0 4 2 2 3 4 3 1 0 4 3 3 0 3 0 3 0 0 0 3 3 0 0 0 1 0 4 4 4 0 2 0 2 1 2 0 3 2 4 1 1 0 0 3 0 3 2 3 0 3 0 3 2 0 0 2 1 0 0 0 0 0 0 0 0 0 
#TS12
1 2 3 2 0 3 3 0 0 2 3 4 2 2 1 0 3 2 2 4 2 2 0 2 3 3 4 2 3 0 2 2 3 4 3 1 3 0 3 1 0 1 4 0 2 4 0 0 2 0 3 2 2 4 0 3 2 1 0 3 2 0 2 4 3 3 0 0 1 0 4 2 1 0 2 3 2 3 2 4 2 1 4 0 0 2 0 4 0 3 3 3 0 4 0 3 2 3 0 3 0 0 0 0 1 0 0 0 0 0 
2 2 3 2 0 3 3 0 0 3 3 4 3 1 1 1 3 2 1 3 2 1 0 2 3 2 3 2 2 0 3 3 3 4 4 1 3 0 3 1 0 0 4 0 2 3 0 0 2 0 3 2 2 4 0 3 1 1 0 2 1 0 1 4 3 3 0 0 1 1 4 2 1 0 2 3 2 3 2 4 2 2 4 0 0 1 0 4 0 3 3 3 0 4 0 3 2 3 0 3 0 0 0 0 1 0 0 0 0 0 
#TS13
3 1 3 0 2 3 2 2 4 0 0 0 2 4 1 2 3 3 2 2 1 1 1 1 3 2 1 2 4 0 1 1 3 1 0 1 1 0 0 3 4 4 4 0 4 0 0 0 0 2 1 2 3 4 2 3 4 2 0 1 3 0 2 3 1 3 0 0 1 0 4 2 3 0 2 0 2 3 2 1 4 4 0 0 0 2 0 4 0 3 3 3 0 3 0 3 3 3 0 3 0 0 1 0 0 0 0 0 0 0 
4 1 3 1 2 3 2 1 4 1 0 0 2 3 1 2 3 4 2 3 1 1 1 1 3 3 1 2 4 0 1 0 4 1 0 1 1 0 0 2 4 4 4 0 4 0 0 0 0 2 1 2 2 4 1 3 4 2 0 1 3 0 2 3 1 3 0 0 1 0 4 2 3 0 2 0 2 3 2 1 3 4 0 0 1 2 0 4 0 3 3 3 0 4 0 3 2 2 0 3 0 0 1 0 0 0 0 0 0 0 
#TS14
2 1 3 3 0 3 3 2 4 1 2 1 3 1 0 2 3 0 3 3 3 1 3 0 4 2 3 3 3 0 3 1 3 3 3 0 3 0 2 0 3 0 1 0 1 3 1 1 3 3 2 2 0 4 2 3 3 0 0 2 1 0 1 3 2 2 0 0 2 3 4 2 3 0 2 0 2 3 3 1 1 2 4 0 0 3 0 4 0 3 1 0 0 3 0 3 2 1 0 3 0 0 0 0 0 0 0 0 0 1 
2 0 3 2 0 3 3 2 4 1 2 0 3 2 0 2 3 0 2 2 2 2 3 1 3 2 4 2 2 0 4 0 3 2 1 0 3 0 3 0 2 1 1 0 1 3 0 0 2 3 2 2 0 3 1 3 3 0 0 2 1 0 2 3 3 3 0 0 2 3 4 2 3 0 2 0 3 3 2 1 2 2 4 0 0 2 0 4 0 4 2 0 0 3 0 2 1 1 0 3 0 0 0 0 0 0 0 0 0 1 
#TS15
4 1 3 0 0 3 2 3 4 2 2 4 0 0 1 2 2 2 0 0 2 0 3 1 3 3 0 2 0 0 1 1 3 1 0 0 2 1 4 0 0 0 4 0 0 4 2 1 3 4 1 2 2 1 2 2 0 1 0 3 0 0 4 3 1 3 0 0 0 0 4 0 0 0 1 1 2 1 0 0 1 1 4 3 1 2 2 4 0 0 3 0 0 3 0 4 2 3 0 3 0 1 0 0 0 0 0 0 0 0 
4 1 3 0 0 3 3 3 4 1 2 3 0 1 1 2 1 2 0 0 2 0 3 2 3 2 0 2 0 0 1 1 3 1 0 0 2 2 3 0 0 0 4 0 0 3 3 2 4 4 1 2 2 1 3 2 0 1 0 3 0 0 4 2 1 3 0 0 0 0 4 0 0 0 0 2 2 1 0 0 2 1 4 3 1 2 3 4 0 0 3 0 0 2 0 3 2 3 0 3 0 0 0 0 0 0 0 0 0 0 
#TS16
2 1 3 2 0 3 3 3 4 1 2 0 0 1 0 2 3 1 3 3 1 0 3 2 3 3 3 2 0 0 2 2 3 1 0 0 3 0 3 0 3 0 2 0 0 3 2 1 3 4 1 2 1 4 3 2 1 0 0 3 0 0 3 3 1 3 0 0 1 3 4 2 2 0 2 0 3 3 2 0 2 2 4 0 0 2 0 4 0 3 2 1 0 3 0 3 2 2 0 3 0 0 0 0 0 0 0 0 0 1 
2 0 3 2 0 3 3 3 4 1 2 0 0 1 0 2 3 1 3 3 1 0 3 2 3 3 3 2 1 0 3 1 3 2 1 0 3 0 3 0 3 0 1 0 0 3 2 1 3 4 1 2 0 4 2 2 2 0 0 2 0 0 3 3 1 3 0 0 2 3 4 2 3 0 1 0 2 3 2 1 2 2 4 0 0 2 0 4 0 3 2 0 0 3 0 2 2 1 0 3 0 0 0 0 0 0 0 0 0 1 
#TS17
2 1 3 2 0 3 2 1 4 2 2 2 2 2 0 2 3 0 1 3 2 1 3 1 3 3 3 2 2 0 4 0 2 3 3 1 3 0 3 0 4 0 1 0 2 3 0 0 1 2 4 1 0 4 0 3 3 0 0 2 1 0 1 3 4 2 0 0 2 4 4 2 3 0 2 0 2 3 2 1 2 2 4 0 0 1 0 4 0 3 1 0 0 2 0 3 2 1 0 3 0 0 0 0 0 0 0 0 0 1 
2 1 4 2 0 3 3 2 4 1 2 0 2 1 0 2 3 0 1 2 3 1 2 0 4 3 4 2 2 0 4 1 3 3 3 2 3 0 3 0 3 0 1 0 2 3 0 0 1 3 2 1 0 4 0 3 3 0 0 2 1 0 1 3 2 2 0 0 3 3 4 2 3 0 2 0 2 3 2 1 2 2 4 0 0 1 0 3 0 3 1 0 0 3 0 3 2 1 0 3 0 0 0 0 0 0 0 0 0 0 
#TS18
2 1 3 2 0 3 3 3 4 2 2 1 1 1 0 2 3 2 3 3 1 0 3 2 3 3 1 2 0 0 1 2 3 1 0 0 3 0 3 1 3 0 4 0 0 4 1 1 3 4 1 2 2 4 4 2 0 0 0 3 0 0 2 3 1 3 0 0 1 0 4 2 1 0 1 0 2 3 2 2 2 2 4 0 2 3 0 4 0 3 3 3 0 3 0 3 2 3 0 3 0 0 0 0 0 0 0 0 0 0 
2 1 3 3 0 3 3 3 3 1 2 0 1 1 0 2 3 2 3 3 1 0 3 2 3 4 1 2 0 0 1 2 3 1 0 0 2 0 3 1 4 0 4 0 0 4 2 1 3 4 1 2 2 4 3 1 0 0 0 3 0 0 2 3 1 3 0 0 1 0 4 2 1 0 2 0 2 3 2 1 2 2 4 0 2 3 0 4 0 3 3 3 0 3 0 3 2 3 0 3 0 0 0 0 0 0 0 0 0 0 
#TS19
2 0 3 3 0 3 3 3 4 1 2 2 1 3 2 2 3 2 3 3 2 4 3 3 3 3 1 2 1 4 1 2 3 2 0 3 3 0 3 0 3 0 4 0 0 4 0 1 2 3 0 2 1 4 1 3 3 0 0 3 0 0 2 3 0 3 0 0 1 0 3 0 0 0 2 0 2 4 0 1 3 2 4 4 0 0 0 0 0 2 2 3 0 3 0 3 2 0 0 3 0 0 0 1 0 0 0 0 0 0 
2 0 4 3 0 3 2 3 4 1 2 1 1 3 1 2 3 2 3 3 2 3 3 3 3 3 1 2 1 3 1 2 3 2 0 2 3 0 3 0 4 0 4 0 1 4 0 1 3 2 0 2 2 4 1 4 4 0 0 3 0 0 2 3 0 3 0 1 1 0 3 0 0 0 2 0 2 3 0 1 3 2 4 4 1 0 0 0 0 2 2 3 0 3 0 3 1 0 0 3 0 0 0 1 0 0 0 0 0 0 
#TS20
3 1 3 2 0 3 4 3 4 1 1 0 1 1 0 2 3 2 4 3 1 0 3 2 3 2 2 2 0 0 1 2 3 1 0 0 3 1 3 1 4 0 4 0 0 4 2 2 3 4 1 2 2 4 3 1 0 0 0 3 0 0 4 3 1 3 0 0 2 0 3 2 1 0 2 0 2 3 2 0 2 2 4 0 3 3 3 4 2 3 3 3 0 3 0 2 2 3 0 3 0 0 0 0 0 0 0 0 0 0 
2 1 3 2 0 3 3 3 4 1 2 0 1 1 0 1 3 2 3 3 1 0 3 2 3 2 1 2 0 0 1 4 3 1 0 0 3 1 3 1 3 0 4 0 0 4 2 2 3 4 1 2 2 4 3 1 0 0 0 3 0 0 4 3 1 3 0 0 1 0 4 2 1 0 2 0 3 3 2 0 2 1 4 0 3 3 1 4 1 3 2 3 0 3 0 3 2 2 0 3 0 0 0 0 0 0 0 0 0 0 
#TS21
2 1 3 1 0 3 2 3 4 2 2 1 1 1 0 2 2 2 3 3 1 1 3 2 3 4 1 2 0 0 1 3 3 1 0 1 3 0 3 1 4 0 4 0 0 4 1 1 2 4 1 2 2 4 3 3 1 0 0 3 0 0 2 3 1 3 0 0 1 0 4 2 1 0 2 0 2 3 2 1 2 1 4 0 1 3 0 4 0 3 3 3 0 3 0 3 3 3 0 3 0 0 0 0 0 0 0 0 0 0 
2 1 3 1 0 3 3 2 4 1 2 0 1 1 0 2 3 2 3 3 1 0 3 2 3 3 1 2 0 0 1 1 3 1 0 1 3 0 3 1 4 0 4 0 0 4 1 1 1 4 1 1 2 4 3 3 0 0 0 3 0 0 2 3 1 3 0 0 1 0 4 2 1 0 2 0 2 3 2 1 2 2 4 0 1 3 0 4 0 3 2 3 0 4 0 3 2 3 0 2 0 0 0 0 0 0 0 0 0 0 
#TS22
2 0 4 3 0 3 2 3 4 1 2 1 1 3 1 2 3 2 3 3 2 3 3 3 3 3 1 2 1 3 1 2 3 2 0 2 3 0 3 0 4 0 4 0 1 4 0 1 3 2 0 2 2 4 1 4 4 0 0 3 0 0 2 3 0 3 0 1 1 0 3 0 0 0 2 0 2 3 0 1 3 2 4 4 1 0 0 0 0 2 2 3 0 3 0 3 1 0 0 3 0 0 0 1 0 0 0 0 0 0 
2 0 3 2 0 3 3 3 4 1 2 1 1 3 2 2 3 2 3 3 2 4 4 3 3 3 1 2 1 4 1 3 3 1 0 2 3 0 3 0 4 0 4 0 1 3 0 1 3 3 0 2 2 4 0 4 3 0 0 3 0 0 2 3 0 3 0 2 1 0 3 0 0 0 2 0 2 4 0 1 2 2 4 4 1 0 0 0 0 2 2 4 0 3 0 3 2 0 0 3 0 0 0 1 0 0 0 0 0 0 
#TS23
2 1 3 2 0 3 2 2 4 1 2 0 1 1 0 2 3 2 3 3 1 0 3 2 3 4 1 2 0 0 1 2 3 1 0 0 3 0 3 1 3 0 4 0 0 4 2 2 3 4 1 4 2 4 3 3 0 0 0 3 0 0 1 3 1 3 0 0 1 0 4 2 1 0 2 0 2 3 2 1 2 2 4 0 2 3 0 4 0 3 3 2 0 3 0 2 3 3 0 3 0 0 0 0 0 0 0 0 0 0 
2 1 3 2 0 3 3 3 4 1 2 0 1 2 0 2 3 2 3 3 0 0 3 2 3 4 1 2 0 0 1 2 3 0 0 0 3 0 3 1 4 0 4 0 0 4 2 1 3 4 1 1 2 4 3 4 0 0 0 3 0 0 1 3 1 3 0 0 1 0 4 2 1 0 2 0 2 3 2 1 2 1 4 0 2 3 0 4 0 3 3 3 0 3 0 3 2 3 0 3 0 0 0 0 0 0 0 0 0 0 
#TS24
4 1 3 1 0 3 3 4 4 1 2 3 0 0 1 2 3 2 0 0 2 0 4 1 3 2 1 2 0 0 3 2 3 1 1 0 3 1 3 0 0 0 4 0 0 4 1 1 3 4 2 2 2 3 3 2 0 1 0 3 0 0 2 3 2 3 0 0 0 0 4 0 0 0 0 2 2 1 0 1 2 1 4 4 1 2 3 4 0 2 3 0 0 4 0 3 2 3 0 3 0 1 0 0 0 0 0 0 0 0 
4 1 3 0 0 3 3 3 4 1 2 3 0 0 2 2 2 2 0 0 3 0 3 2 3 2 1 2 0 0 2 2 3 1 0 0 3 1 3 0 0 0 4 0 0 3 2 1 3 4 1 3 2 2 3 2 0 1 0 3 0 0 2 4 1 3 0 0 0 0 4 0 0 0 0 3 3 1 0 1 2 1 4 3 1 1 2 4 0 1 3 0 0 4 0 4 2 3 0 2 0 1 0 0 0 0 0 0 0 0 
#TS25
4 1 3 0 0 3 3 3 4 1 2 3 0 1 1 2 1 2 0 0 2 0 3 2 3 2 0 2 0 0 1 1 3 1 0 0 2 2 3 0 0 0 4 0 0 3 3 2 4 4 1 2 2 1 3 2 0 1 0 3 0 0 4 2 1 3 0 0 0 0 4 0 0 0 0 2 2 1 0 0 2 1 4 3 1 2 3 4 0 0 3 0 0 2 0 3 2 3 0 3 0 0 0 0 0 0 0 0 0 0 
3 1 3 1 0 3 2 3 4 1 2 0 0 0 1 2 1 1 3 3 2 0 3 2 3 2 0 2 0 0 2 0 3 1 0 0 3 3 3 1 4 0 4 0 0 4 2 1 2 4 0 2 2 4 4 1 0 0 0 3 0 0 2 1 0 4 0 0 1 0 3 2 0 0 1 1 2 2 2 0 2 1 4 0 2 3 1 4 0 2 3 2 0 2 0 3 3 3 0 3 0 0 0 0 0 0 0 0 0 0 
#TS26
2 0 3 2 0 3 2 3 3 1 2 0 0 0 1 2 2 2 3 3 1 0 3 2 3 1 0 3 0 0 0 1 3 0 0 0 2 2 3 1 3 0 4 0 0 4 2 1 3 4 0 2 2 4 3 0 0 0 0 3 0 0 3 1 1 4 0 0 2 0 4 2 0 0 2 0 2 2 2 0 2 1 4 0 4 3 1 4 0 3 3 3 1 1 1 2 2 3 0 3 0 0 0 0 0 0 0 0 0 0 
2 0 3 2 0 3 2 3 4 1 2 0 0 1 1 2 3 2 3 3 1 0 3 2 3 1 0 2 0 0 1 2 3 1 0 0 2 3 3 1 4 0 4 0 0 4 2 1 2 4 0 3 2 4 3 0 0 0 1 3 0 0 3 2 1 3 0 0 2 0 4 2 0 0 2 0 2 2 2 0 1 1 4 0 2 3 1 4 0 3 3 3 1 1 1 2 4 3 0 4 0 0 0 0 0 0 0 0 0 0 
#TS27
3 0 3 2 0 3 3 3 4 1 2 0 0 3 1 2 3 2 4 3 0 0 3 3 3 2 1 3 0 0 1 2 3 1 0 0 3 0 3 0 4 0 4 0 0 4 3 1 3 2 0 2 2 4 3 3 0 0 0 3 0 0 2 3 0 4 0 4 1 0 0 0 0 3 0 0 2 2 3 1 0 0 4 0 2 3 0 4 0 3 3 3 0 3 0 3 2 3 2 2 0 0 0 0 0 0 0 0 0 0 
3 0 1 2 0 3 3 3 4 1 2 0 0 2 3 2 3 2 3 3 0 0 3 2 2 3 1 3 0 0 1 2 3 1 0 0 2 0 4 1 4 0 4 0 0 4 4 1 3 1 0 2 3 2 3 3 0 0 0 3 0 0 2 3 0 3 0 3 1 0 0 0 1 2 0 1 1 2 3 1 0 0 4 0 2 3 2 3 0 4 3 3 0 3 0 3 2 3 4 2 0 0 0 0 0 0 0 0 0 0 
#TS28
2 1 3 2 0 3 3 3 4 1 2 0 0 1 0 1 3 2 3 3 1 0 3 2 4 3 1 2 0 0 1 2 3 2 0 0 3 0 3 1 4 0 4 0 0 4 2 1 2 4 1 2 2 4 3 2 0 0 0 3 0 1 2 3 1 3 0 0 1 0 4 2 1 0 2 0 2 3 2 1 2 2 4 0 2 3 0 4 0 4 3 3 0 3 0 3 2 3 0 3 0 0 0 0 0 0 0 0 0 0 
2 1 3 2 0 4 2 3 4 1 2 0 1 1 0 2 3 2 4 3 1 0 3 2 3 3 2 2 0 0 1 3 3 1 0 0 3 0 3 1 4 0 4 0 0 4 2 1 2 4 1 2 2 4 3 2 0 0 0 3 0 0 2 3 1 3 0 0 0 0 4 2 1 0 2 0 2 3 2 1 2 1 4 0 2 3 0 4 0 3 3 3 0 3 0 3 2 3 0 3 0 0 0 0 0 0 0 0 0 0 
#TS29
2 2 3 2 0 3 2 1 4 1 2 0 3 2 1 2 3 1 0 3 2 2 2 2 3 3 1 2 0 0 1 2 3 1 0 2 3 0 3 1 4 1 4 0 0 4 2 1 3 3 3 0 1 4 2 3 1 0 0 3 0 0 2 4 1 2 0 0 3 0 4 2 1 0 2 0 2 3 2 1 2 2 4 0 1 1 0 1 0 2 3 3 0 3 0 3 2 3 0 3 0 0 0 0 0 0 0 0 0 0 
2 2 3 1 0 3 3 1 4 1 1 0 2 2 1 2 3 1 1 3 1 1 2 2 3 3 1 2 0 0 1 2 3 1 0 2 3 0 3 1 4 0 4 0 0 4 2 1 3 4 3 1 2 4 3 3 1 0 0 3 0 0 2 3 1 3 0 0 2 0 4 2 1 0 1 0 2 3 2 2 2 1 4 0 1 1 0 3 0 3 3 3 0 4 0 3 2 2 0 3 0 0 0 0 0 0 0 0 0 0 
#TS30
2 1 3 2 0 3 3 3 4 1 2 0 1 1 0 2 3 1 3 3 1 0 3 2 3 3 2 2 0 0 1 2 3 1 0 0 3 0 3 1 3 0 4 0 0 3 2 2 3 4 1 2 2 4 3 2 0 0 0 3 0 0 2 3 1 2 0 0 1 0 3 2 0 0 2 0 2 3 2 1 2 1 4 0 1 2 0 4 0 3 3 3 0 3 0 2 2 4 0 3 0 0 0 0 0 0 0 0 0 0 
2 1 3 2 0 3 3 3 4 1 2 0 1 1 0 2 3 1 3 3 1 0 3 2 3 2 1 3 0 0 1 2 3 1 0 0 3 0 3 1 4 0 4 0 0 4 3 1 3 3 1 2 2 4 3 2 0 0 0 3 0 0 1 3 1 3 0 0 0 0 3 2 1 0 2 0 2 3 3 1 2 2 4 0 2 3 0 4 0 3 3 3 0 3 0 3 2 4 0 3 0 0 0 0 0 0 0 0 0 0 
#TS31
2 1 2 1 1 3 3 0 4 2 2 0 0 1 0 2 3 2 3 2 1 0 3 2 3 3 1 2 0 0 3 3 3 1 0 0 2 0 3 0 3 0 0 0 1 3 3 1 3 4 3 1 2 4 3 2 0 0 0 2 0 3 2 3 1 0 0 0 2 3 3 1 1 0 2 0 3 3 2 2 3 1 0 0 2 0 0 4 0 3 0 4 0 3 0 3 1 3 0 3 0 0 0 0 0 0 0 0 1 0 
1 2 2 0 2 3 4 0 4 1 2 0 1 1 0 2 4 3 3 2 0 0 3 3 3 3 1 2 0 0 3 2 3 1 0 0 2 0 2 0 4 0 0 0 1 2 2 1 2 3 4 1 2 4 3 2 0 0 0 1 0 3 1 3 1 1 0 0 1 3 3 1 1 0 2 0 1 4 2 3 3 1 0 0 2 0 0 4 0 3 0 4 0 3 0 3 1 3 0 3 0 0 0 0 0 0 0 0 1 0 
#TS32
0 2 0 2 1 1 3 0 4 2 2 0 0 1 0 2 3 3 2 2 0 0 4 3 3 4 1 2 0 0 2 2 3 1 0 0 1 0 1 0 3 0 0 0 1 3 1 0 2 3 4 0 2 2 3 2 0 0 0 2 0 3 0 3 1 0 0 0 0 3 4 0 1 0 2 0 0 3 2 4 4 1 0 0 2 0 1 4 0 3 0 3 0 3 0 3 1 3 0 3 0 0 0 0 0 0 0 0 1 0 
1 1 0 2 1 2 3 0 4 1 2 1 0 1 1 2 2 4 3 2 0 0 4 3 4 3 1 3 0 0 2 2 3 1 0 0 1 0 0 0 4 0 0 0 1 3 2 1 3 3 4 1 1 4 3 2 0 0 0 2 0 3 0 3 0 0 0 0 1 4 3 0 1 0 2 0 2 3 2 3 2 2 0 0 3 0 2 4 0 3 0 3 0 3 0 3 0 3 0 3 0 0 0 0 0 0 0 0 1 0 
#TS33
2 1 3 2 0 3 2 3 4 1 2 0 0 1 1 2 2 1 3 3 1 0 3 2 3 3 0 2 0 0 0 2 3 0 0 0 1 0 2 2 3 0 4 0 0 4 1 1 2 4 1 2 2 4 3 1 0 0 0 3 0 0 1 2 0 3 0 0 2 0 4 2 1 0 2 0 2 2 2 2 2 2 4 0 3 3 2 4 0 3 3 3 0 1 0 2 2 3 0 3 0 0 0 0 0 0 0 0 0 0 
2 1 3 2 0 3 2 3 4 2 2 0 0 0 1 1 3 2 3 3 1 0 3 2 3 3 0 3 0 0 0 2 3 0 0 0 2 0 3 1 4 0 4 0 0 4 1 1 2 3 0 2 3 3 3 1 0 0 0 3 0 0 1 2 1 4 0 0 1 0 3 2 1 0 2 0 2 2 2 1 2 1 4 0 3 3 3 4 0 3 2 3 1 1 0 2 2 3 0 3 0 0 0 0 0 0 0 0 0 0 
#TS34
2 1 3 2 0 4 3 2 4 1 2 0 1 1 0 2 3 2 3 2 1 0 3 2 3 3 1 2 0 0 1 2 3 1 0 1 3 0 3 1 3 0 4 0 0 4 0 0 1 2 1 2 2 4 3 2 1 0 0 3 0 0 2 3 1 3 0 0 1 0 4 2 1 0 1 0 2 2 2 1 1 1 4 0 1 3 0 4 0 2 3 3 0 3 0 3 2 4 0 3 0 0 0 0 0 0 0 0 0 0 
2 1 3 2 0 3 3 3 4 1 2 0 1 1 0 2 3 2 3 3 1 0 4 2 3 3 1 1 0 0 1 1 3 1 0 0 3 0 3 1 4 0 4 0 0 4 1 1 2 4 1 2 2 4 4 2 0 0 0 3 0 0 2 3 1 3 0 0 1 0 4 2 1 0 3 0 2 3 2 1 2 2 4 0 1 2 0 4 0 3 3 3 0 2 0 3 2 2 0 2 0 0 0 0 0 0 0 0 0 0 
#TS35
2 1 3 2 0 3 3 3 4 1 2 0 1 0 0 2 3 2 3 3 1 0 3 2 3 2 1 2 0 0 1 2 3 1 0 0 3 1 3 0 3 0 4 0 0 4 2 1 3 4 0 2 2 3 3 0 0 0 0 3 0 0 2 3 1 3 0 0 2 0 4 2 1 0 2 0 2 3 3 0 2 2 4 0 3 3 4 4 0 3 3 3 1 2 0 3 2 3 0 3 0 0 0 0 0 0 0 0 0 0 
2 1 3 2 0 3 3 3 4 1 2 0 1 1 0 1 3 2 3 3 1 0 3 2 2 3 1 2 0 0 0 2 4 1 0 0 3 2 3 1 4 0 4 0 0 4 2 1 3 4 0 2 2 4 4 1 0 0 0 3 0 0 3 3 1 3 0 0 1 0 4 2 1 0 1 0 3 3 2 0 2 1 4 0 2 4 2 4 0 3 3 3 0 3 0 3 2 3 0 3 0 0 0 0 0 0 0 0 0 0 
#TS36
2 3 3 2 1 3 2 2 1 3 1 3 2 1 0 3 3 4 1 3 3 2 0 2 3 4 1 3 0 1 1 2 3 3 0 3 2 0 0 1 4 0 3 0 0 4 2 0 1 4 1 2 2 4 3 2 0 2 0 1 1 0 2 3 1 2 0 0 1 2 4 2 0 0 2 0 2 3 0 2 3 1 0 0 1 1 0 3 0 0 0 4 0 3 0 3 2 3 0 2 0 0 0 0 0 1 0 0 0 0 
2 3 3 1 0 4 3 2 2 2 1 3 2 2 0 2 3 4 1 2 2 3 0 3 3 4 1 2 0 1 1 3 3 2 0 3 3 0 0 1 4 0 3 0 0 4 2 0 1 4 1 2 2 4 3 2 0 1 0 1 1 0 2 3 1 2 0 0 1 2 3 2 0 0 1 0 2 4 0 2 3 1 0 0 1 1 0 3 0 0 0 3 0 3 0 3 1 3 0 3 0 0 0 0 0 0 0 0 0 0 
#TS37
2 1 3 2 0 3 3 2 4 1 2 1 2 2 1 2 3 3 2 3 1 2 2 1 3 2 1 2 0 0 1 2 3 1 0 2 3 0 3 1 4 0 4 0 0 4 0 1 2 3 1 2 2 4 3 3 1 0 0 3 0 0 2 3 1 3 0 0 1 0 4 2 1 0 2 0 2 4 2 2 2 2 4 0 1 2 0 4 0 3 3 3 0 3 0 3 2 3 0 3 0 0 0 0 0 0 0 0 0 0 
2 1 3 3 0 3 3 2 4 1 2 0 1 1 0 3 3 2 2 3 2 1 3 2 3 3 1 2 0 0 1 2 3 1 0 1 3 0 3 1 4 0 4 0 0 4 1 1 2 2 1 2 2 4 3 3 0 0 0 3 0 0 2 3 1 3 0 0 1 0 4 2 1 0 2 0 2 3 2 2 2 2 4 0 1 1 0 3 0 3 3 3 0 3 0 3 2 4 0 3 0 0 0 0 0 0 0 0 0 0 
#TS38
2 1 3 2 0 3 3 3 4 1 2 0 1 1 0 2 3 2 3 3 1 0 4 2 3 3 1 1 0 0 1 1 3 1 0 0 3 0 3 1 4 0 4 0 0 4 1 1 2 4 1 2 2 4 4 2 0 0 0 3 0 0 2 3 1 3 0 0 1 0 4 2 1 0 3 0 2 3 2 1 2 2 4 0 1 2 0 4 0 3 3 3 0 2 0 3 2 2 0 2 0 0 0 0 0 0 0 0 0 0 
2 1 3 2 0 3 3 3 4 1 2 0 0 1 0 1 3 2 3 3 1 0 3 2 4 3 1 2 0 0 1 2 3 2 0 0 3 0 3 1 4 0 4 0 0 4 2 1 2 4 1 2 2 4 3 2 0 0 0 3 0 1 2 3 1 3 0 0 1 0 4 2 1 0 2 0 2 3 2 1 2 2 4 0 2 3 0 4 0 4 3 3 0 3 0 3 2 3 0 3 0 0 0 0 0 0 0 0 0 0 
#TS39
2 1 3 2 0 3 3 2 4 1 2 1 1 1 0 1 3 2 3 3 1 0 3 2 3 3 1 2 0 0 1 2 3 1 0 0 3 0 3 1 3 0 4 0 0 4 2 1 3 4 1 2 2 4 3 2 0 0 0 3 0 0 2 3 1 3 0 0 3 0 4 2 1 0 2 0 2 3 2 1 2 1 4 0 2 3 0 4 0 3 2 3 0 3 0 2 2 3 0 3 0 0 0 0 0 0 0 0 0 0 
2 1 3 3 0 3 3 3 4 2 2 0 1 1 0 2 3 2 3 3 1 0 3 2 3 4 1 3 0 0 1 2 3 1 0 0 3 0 3 0 3 0 4 0 0 4 2 1 3 4 1 2 2 4 3 2 0 0 0 3 0 0 2 3 1 4 0 0 1 0 3 2 1 0 2 0 2 3 2 1 2 2 4 0 2 3 0 4 0 3 3 3 0 3 0 3 2 3 0 3 0 0 0 0 0 0 0 0 0 0 
#TS40
0 1 0 2 1 1 3 0 4 2 2 0 0 1 1 2 2 3 2 3 0 0 4 2 3 4 1 3 0 0 2 2 3 1 0 0 1 0 0 0 4 0 0 0 1 3 1 0 1 4 4 1 2 2 3 1 0 0 0 2 0 3 0 3 0 0 0 0 1 4 3 1 1 0 2 0 1 3 2 4 2 2 0 0 2 0 4 3 0 3 0 3 0 3 0 4 0 3 0 3 0 0 0 0 0 0 0 0 1 0 
1 2 0 2 2 1 3 0 4 1 2 0 0 0 1 2 2 3 2 3 0 0 4 3 3 4 1 3 0 0 2 1 3 1 0 0 1 0 0 0 4 0 0 0 1 3 1 0 2 3 4 1 2 4 2 1 0 0 0 2 0 3 0 3 0 0 0 0 1 4 3 0 1 0 1 0 1 3 2 4 3 1 0 0 3 0 3 4 0 3 0 3 0 4 0 2 2 3 0 3 0 0 0 0 0 0 0 0 1 0 
#TS41
2 1 3 2 0 3 3 3 4 1 2 0 1 1 0 1 3 2 3 3 1 0 3 2 2 3 1 2 0 0 0 2 4 1 0 0 3 2 3 1 4 0 4 0 0 4 2 1 3 4 0 2 2 4 4 1 0 0 0 3 0 0 3 3 1 3 0 0 1 0 4 2 1 0 1 0 3 3 2 0 2 1 4 0 2 4 2 4 0 3 3 3 0 3 0 3 2 3 0 3 0 0 0 0 0 0 0 0 0 0 
3 1 3 2 0 3 4 3 4 1 1 0 1 1 0 2 3 2 4 3 1 0 3 2 3 2 2 2 0 0 1 2 3 1 0 0 3 1 3 1 4 0 4 0 0 4 2 2 3 4 1 2 2 4 3 1 0 0 0 3 0 0 4 3 1 3 0 0 2 0 3 2 1 0 2 0 2 3 2 0 2 2 4 0 3 3 3 4 2 3 3 3 0 3 0 2 2 3 0 3 0 0 0 0 0 0 0 0 0 0 
#TS42
2 3 3 1 0 4 3 2 2 2 1 3 2 2 0 2 3 4 1 2 2 3 0 3 3 4 1 2 0 1 1 3 3 2 0 3 3 0 0 1 4 0 3 0 0 4 2 0 1 4 1 2 2 4 3 2 0 1 0 1 1 0 2 3 1 2 0 0 1 2 3 2 0 0 1 0 2 4 0 2 3 1 0 0 1 1 0 3 0 0 0 3 0 3 0 3 1 3 0 3 0 0 0 0 0 0 0 0 0 0 
2 2 3 2 0 3 3 2 3 3 2 2 1 2 1 2 3 4 1 2 2 2 1 3 3 3 1 2 0 0 1 2 3 2 0 2 3 0 2 3 4 0 3 0 0 4 2 2 3 3 1 2 2 4 4 2 0 0 0 3 0 0 2 3 1 3 0 0 1 1 3 2 0 0 2 0 2 3 2 1 2 1 4 0 1 1 0 4 0 1 3 3 0 4 0 3 2 3 0 2 0 0 0 0 0 0 0 0 0 0 
#TS43
3 1 3 2 1 3 2 2 4 0 2 0 4 2 0 4 4 4 0 2 4 2 2 2 1 2 3 2 3 0 4 2 4 2 1 1 3 0 2 1 4 3 4 0 2 4 0 0 1 3 1 2 4 4 3 3 2 0 0 0 4 0 1 3 1 3 3 0 0 0 4 2 0 0 2 0 2 3 0 2 2 2 3 0 1 1 0 3 0 0 3 3 0 3 0 3 2 3 0 3 0 0 0 0 0 0 1 0 0 0 
2 1 3 2 0 3 2 1 4 0 2 1 4 1 0 3 3 3 0 2 4 2 2 2 1 2 4 2 1 0 3 1 3 2 0 2 3 0 3 1 4 3 4 0 2 3 0 0 1 2 1 2 3 4 3 3 2 0 0 0 4 0 2 3 1 3 3 0 0 0 4 2 0 0 2 0 2 3 0 2 2 2 4 0 1 1 0 3 0 0 3 4 0 3 0 3 2 3 0 3 0 0 0 0 0 0 0 0 0 0 
#TS44
2 1 3 2 0 3 3 3 4 1 2 0 1 1 0 2 3 2 3 3 1 0 3 2 3 3 1 2 0 0 1 2 3 1 0 0 3 0 3 1 4 0 4 0 0 4 2 1 3 4 1 2 2 4 3 2 0 0 0 3 0 0 2 3 1 3 0 0 1 0 4 2 1 0 2 0 2 3 2 1 2 2 4 0 2 3 0 4 0 3 3 3 0 3 0 3 2 3 0 3 0 0 0 0 0 0 0 0 0 1 
2 1 3 2 0 3 3 3 4 1 2 0 0 1 0 2 3 1 3 3 1 0 3 2 3 3 3 2 0 0 2 2 3 1 0 0 3 0 3 0 3 0 2 0 0 3 2 1 3 4 1 2 1 4 3 2 1 0 0 3 0 0 3 3 1 3 0 0 1 3 4 2 2 0 2 0 3 3 2 0 2 2 4 0 0 2 0 4 0 3 2 1 0 3 0 3 2 2 0 3 0 0 0 0 0 0 0 0 0 1 
#TS45
2 0 3 2 1 3 0 3 4 1 2 0 0 1 1 2 1 0 3 4 1 0 3 4 2 1 0 3 0 0 0 2 2 1 0 0 1 2 3 1 3 0 4 0 0 4 2 2 4 4 0 2 2 2 3 0 0 0 0 3 0 0 4 0 1 4 0 0 2 0 3 1 1 0 2 0 2 2 3 0 2 1 4 0 3 3 4 4 4 3 3 3 2 0 2 2 2 4 0 3 0 0 0 0 0 0 0 0 0 0 
2 0 3 2 1 3 0 3 4 1 2 0 0 1 1 2 1 0 3 4 1 0 3 4 2 1 0 3 0 0 0 2 2 1 0 0 1 2 3 1 3 0 4 0 0 4 2 2 4 4 0 2 2 2 3 0 0 0 0 3 0 0 4 0 1 4 0 0 2 0 3 1 1 0 2 0 2 2 3 0 2 1 4 0 3 3 4 4 4 3 3 3 2 0 2 2 2 4 0 3 0 0 0 0 0 0 0 0 0 0 
#TS46
2 1 3 2 0 3 3 3 4 1 2 0 1 1 0 1 3 2 4 3 1 0 2 2 3 3 1 2 0 0 0 2 3 1 0 0 2 2 2 1 4 0 4 0 0 4 2 1 2 4 1 2 2 4 3 0 0 0 0 3 0 0 3 3 2 4 0 0 1 0 4 2 1 0 2 0 2 2 2 0 2 1 4 0 2 4 0 4 1 3 2 2 0 2 0 3 1 3 0 2 0 0 0 0 0 0 0 0 0 0 
2 1 3 2 0 3 3 3 4 1 2 0 1 1 0 2 3 2 4 3 2 0 2 2 2 3 2 2 0 0 1 2 3 1 0 0 3 2 3 1 4 0 4 0 0 3 2 2 2 4 1 2 2 4 3 1 0 0 0 3 0 0 4 3 1 3 0 0 1 0 4 2 1 0 2 0 3 3 2 0 2 2 4 0 3 3 0 4 1 3 2 3 0 2 0 4 2 3 0 3 0 0 0 0 0 0 0 0 0 0 
#TS47
3 0 1 2 0 4 3 3 4 1 2 0 0 2 3 2 2 2 3 3 0 0 3 2 3 2 1 3 0 0 1 2 3 0 0 0 2 0 3 1 3 0 4 0 0 4 3 2 3 4 0 2 2 1 4 2 0 0 0 3 0 0 2 3 0 4 0 1 1 0 2 0 1 0 0 0 2 2 2 1 0 0 4 0 2 3 4 4 0 4 3 3 0 3 0 2 2 3 1 3 0 0 0 0 0 0 0 0 0 0 
2 0 3 1 0 3 2 3 4 1 2 0 0 1 1 2 2 1 3 3 0 0 3 3 2 2 1 2 0 0 1 2 3 0 0 0 2 1 4 1 4 0 4 0 0 4 4 2 3 4 0 2 2 0 4 2 0 0 0 3 0 0 2 3 0 3 0 2 1 0 2 0 1 0 0 0 2 2 2 1 0 0 4 0 3 4 3 4 0 3 3 3 0 3 0 2 2 3 0 2 0 0 0 0 0 0 0 0 0 0 
#TS48
3 1 3 2 0 3 3 3 4 1 2 0 1 1 0 2 3 2 3 2 1 0 3 2 3 3 1 2 0 0 1 3 3 1 0 0 3 2 3 1 4 0 4 0 0 3 2 1 3 4 1 2 3 4 3 0 0 0 0 3 0 0 3 3 1 3 0 0 1 0 3 2 1 0 3 0 2 3 2 0 2 2 4 0 2 3 0 4 0 3 3 3 0 3 0 3 2 4 0 3 0 0 0 0 0 0 0 0 0 0 
2 1 3 2 0 3 3 3 4 1 2 0 1 1 0 2 3 2 3 3 1 0 3 2 3 3 2 2 0 0 1 3 3 1 0 0 3 1 3 1 4 0 4 0 0 4 2 1 3 4 1 2 2 4 3 1 0 0 0 3 0 0 3 3 1 3 0 0 1 0 4 2 1 0 2 0 2 3 2 0 2 1 4 0 2 3 0 4 2 3 3 2 0 3 0 3 2 4 0 3 0 0 0 0 0 0 0 0 0 0 
#TS49
2 1 3 2 0 3 2 1 4 1 3 1 3 1 0 4 3 4 1 2 3 2 2 2 3 3 3 2 2 0 3 2 3 3 1 2 3 0 3 1 4 1 4 0 2 4 0 0 1 2 1 2 3 4 3 4 2 0 0 2 2 0 1 3 1 4 0 0 0 0 4 2 0 0 2 0 3 3 2 2 2 1 4 0 1 1 0 4 0 1 3 3 0 3 0 3 1 4 0 3 0 0 0 0 0 0 0 0 0 0 
2 1 2 1 0 3 3 1 4 1 2 2 3 1 1 2 3 4 2 3 2 2 2 2 3 3 1 2 1 0 2 1 2 1 0 2 3 0 3 1 3 1 4 0 3 4 0 1 1 2 1 2 2 4 3 4 2 0 0 2 1 0 1 3 1 4 0 0 0 0 4 2 1 0 2 0 2 3 1 2 2 2 4 0 1 1 0 3 0 2 3 3 0 4 0 3 2 3 0 3 0 0 0 0 0 0 0 0 0 0 
#TS50
2 1 3 2 0 3 3 3 4 1 2 0 1 1 0 2 3 1 3 3 1 0 3 2 3 2 1 3 0 0 1 2 3 1 0 0 3 0 3 1 4 0 4 0 0 4 3 1 3 3 1 2 2 4 3 2 0 0 0 3 0 0 1 3 1 3 0 0 0 0 3 2 1 0 2 0 2 3 3 1 2 2 4 0 2 3 0 4 0 3 3 3 0 3 0 3 2 4 0 3 0 0 0 0 0 0 0 0 0 0 
2 1 3 2 0 3 3 3 4 1 3 1 1 1 0 1 3 2 4 3 1 0 3 2 3 2 1 2 0 0 2 2 3 1 0 0 3 0 3 1 4 0 4 0 0 4 2 2 2 4 1 2 2 4 3 2 0 0 0 3 0 0 1 4 1 3 0 0 0 0 4 2 1 0 2 0 2 3 2 1 2 2 4 0 3 3 0 4 0 3 3 3 0 3 0 3 2 3 0 3 0 0 0 0 0 0 0 0 0 0 
#TS51
2 0 3 2 0 3 3 3 4 1 2 1 0 3 1 2 3 2 4 3 1 0 4 2 3 2 1 2 0 1 1 2 3 1 0 1 3 0 3 1 4 0 4 0 0 4 2 1 3 3 0 2 1 4 3 3 1 0 0 3 0 0 2 3 0 3 0 2 0 0 1 0 0 2 1 0 2 3 2 1 1 0 4 1 1 2 0 3 0 2 3 3 0 3 0 2 2 2 2 2 0 0 0 0 0 0 0 0 0 0 
3 0 3 2 0 3 3 3 4 1 2 0 0 3 1 2 3 2 4 3 0 0 3 3 3 2 1 3 0 0 1 2 3 1 0 0 3 0 3 0 4 0 4 0 0 4 3 1 3 2 0 2 2 4 3 3 0 0 0 3 0 0 2 3 0 4 0 4 1 0 0 0 0 3 0 0 2 2 3 1 0 0 4 0 2 3 0 4 0 3 3 3 0 3 0 3 2 3 2 2 0 0 0 0 0 0 0 0 0 0 
#TS52
1 2 2 3 0 3 4 1 0 1 3 1 1 1 1 0 4 2 3 3 2 0 0 2 3 4 4 2 2 0 2 2 3 3 2 0 3 0 3 1 0 1 4 0 1 4 2 0 3 2 2 2 2 4 3 3 2 0 0 3 1 0 1 3 2 3 0 0 2 0 4 2 1 0 2 3 2 3 2 2 2 2 4 0 1 3 0 4 0 3 3 4 0 3 0 3 2 3 0 3 0 0 0 0 1 0 0 0 0 0 
1 1 3 2 0 3 3 0 0 2 3 3 1 1 1 0 3 2 3 3 1 0 0 2 3 3 3 2 2 0 2 2 3 4 2 0 3 0 3 1 0 1 4 0 1 3 1 0 3 1 2 2 2 4 1 3 2 0 0 2 1 0 2 3 2 3 0 0 1 0 4 2 1 0 2 3 2 3 2 2 2 1 4 0 1 3 0 4 0 3 3 4 0 4 0 3 1 4 0 3 0 0 0 0 1 0 0 0 0 0 
#TS53
1 2 3 2 3 3 3 2 4 0 2 0 2 2 0 1 3 0 2 3 2 2 3 2 3 3 1 2 1 0 3 1 3 3 0 2 3 0 3 1 4 3 4 0 1 4 2 0 2 3 3 2 0 4 2 4 2 0 0 0 0 0 2 3 3 3 3 0 1 0 4 4 0 0 2 0 3 4 0 1 3 2 3 1 1 2 0 4 0 1 3 3 0 3 0 3 1 0 0 3 0 0 0 0 0 0 0 1 0 0 
2 3 3 2 2 3 2 1 4 0 2 2 4 3 0 1 3 1 1 2 3 2 2 2 3 3 1 2 1 0 3 2 3 3 0 3 3 0 3 0 4 4 4 0 1 3 2 1 2 3 3 1 0 3 3 3 2 0 0 0 0 0 2 3 3 3 4 0 1 0 4 4 1 0 2 0 2 4 0 2 2 2 4 2 1 1 0 2 0 0 3 3 0 3 0 3 1 0 0 2 0 0 0 0 0 0 0 1 0 0 
#TS54
2 1 3 1 3 3 2 2 2 2 2 2 2 2 0 0 3 1 2 3 0 3 0 0 3 3 1 2 0 0 3 2 3 1 1 0 3 0 3 1 4 1 3 0 0 4 2 1 3 4 2 2 0 4 3 4 0 4 0 3 1 0 0 3 2 0 0 0 1 0 4 4 4 0 2 0 2 2 3 0 3 2 4 1 1 1 0 4 1 3 3 3 0 3 0 3 2 0 0 3 1 0 0 0 0 0 0 0 0 0 
3 2 3 2 3 3 3 2 2 2 2 3 3 2 0 0 3 1 2 3 0 2 0 0 3 3 1 2 0 0 4 2 3 1 0 1 3 0 3 0 4 1 2 0 0 4 2 2 3 3 2 2 0 4 3 3 0 3 0 3 0 0 0 3 3 0 0 0 1 0 4 3 4 0 2 0 2 1 2 0 2 2 4 2 1 1 0 4 1 3 2 3 0 3 0 3 1 0 0 3 1 0 0 0 0 0 0 0 0 0 
#TS55
1 1 0 2 1 2 3 0 4 1 2 1 0 1 1 2 2 4 3 2 0 0 4 3 4 3 1 3 0 0 2 2 3 1 0 0 1 0 0 0 4 0 0 0 1 3 2 1 3 3 4 1 1 4 3 2 0 0 0 2 0 3 0 3 0 0 0 0 1 4 3 0 1 0 2 0 2 3 2 3 2 2 0 0 3 0 2 4 0 3 0 3 0 3 0 3 0 3 0 3 0 0 0 0 0 0 0 0 1 0 
1 2 0 0 2 1 3 0 4 1 2 0 0 0 1 2 3 4 3 3 0 0 3 3 3 3 1 2 0 0 2 2 3 1 0 0 1 0 0 0 4 0 0 0 1 3 1 1 1 4 3 0 1 2 3 2 0 0 0 1 0 3 0 3 0 1 0 0 1 4 4 0 1 0 2 0 1 3 2 4 2 1 0 0 2 0 2 3 0 3 0 3 0 3 0 3 2 3 0 3 0 0 0 0 0 0 0 0 1 0 
#TS56
2 3 3 1 0 3 2 2 2 2 0 4 2 1 0 2 3 3 2 1 3 2 0 2 3 3 1 2 0 1 1 2 3 3 0 3 2 0 1 0 4 0 4 0 0 4 2 0 1 4 1 2 2 4 3 3 0 1 0 1 1 0 2 3 1 1 0 0 1 2 4 2 0 0 2 0 2 3 0 1 3 1 0 1 1 1 0 4 0 1 0 3 0 3 0 3 2 3 0 3 0 0 0 0 0 1 0 0 0 0 
2 3 3 0 1 3 3 1 3 3 1 3 3 1 0 3 3 3 1 2 3 2 1 3 3 4 1 3 0 1 1 2 3 2 0 4 2 0 0 0 4 0 4 0 0 3 2 0 1 4 1 2 2 4 3 3 0 2 0 1 1 0 2 4 1 1 0 0 1 1 4 2 0 0 2 0 2 4 0 1 2 1 0 0 1 1 0 4 0 0 0 3 0 4 0 3 2 3 0 3 0 0 0 0 0 1 0 0 0 0 
#TS57
2 1 3 2 0 3 3 3 4 1 2 0 1 1 0 2 3 2 4 3 2 0 2 2 2 3 2 2 0 0 1 2 3 1 0 0 3 2 3 1 4 0 4 0 0 3 2 2 2 4 1 2 2 4 3 1 0 0 0 3 0 0 4 3 1 3 0 0 1 0 4 2 1 0 2 0 3 3 2 0 2 2 4 0 3 3 0 4 1 3 2 3 0 2 0 4 2 3 0 3 0 0 0 0 0 0 0 0 0 0 
3 1 3 2 0 3 3 3 4 1 1 0 1 1 0 2 3 2 4 3 1 0 3 2 3 3 1 2 0 0 1 1 3 2 0 0 3 2 2 1 4 0 4 0 0 4 2 1 3 4 1 2 2 4 3 1 0 0 0 3 0 0 4 3 1 3 0 0 1 0 4 2 1 0 2 0 3 2 2 0 2 2 4 0 2 3 0 4 0 3 3 3 0 2 0 3 2 3 0 3 0 0 0 0 0 0 0 0 0 0 
#TS58
2 1 3 2 0 3 3 3 4 1 2 0 1 1 0 2 3 2 3 3 1 0 3 2 3 3 1 2 0 0 1 2 3 1 0 0 3 0 3 1 4 0 4 0 0 4 2 1 3 4 1 2 2 4 3 2 0 0 0 3 0 0 2 3 1 3 0 0 1 0 4 2 1 0 2 0 2 3 2 1 2 2 4 0 2 3 0 4 0 3 3 3 0 3 0 3 2 3 0 3 0 0 0 0 0 1 0 0 0 0 
2 2 3 2 1 3 3 3 2 2 1 0 1 1 0 2 3 2 3 3 1 1 1 2 3 4 2 3 0 0 1 3 3 3 0 2 3 0 4 0 4 0 4 0 0 4 2 0 2 4 1 2 2 4 3 3 0 1 0 2 1 0 2 3 1 3 0 0 1 1 3 2 1 0 1 0 2 3 0 1 2 2 0 0 2 3 0 4 0 3 0 3 0 3 0 3 2 3 0 2 0 0 0 0 0 1 0 0 0 0 
#TS59
3 0 1 2 0 3 3 3 4 1 2 0 0 2 3 2 3 2 3 3 0 0 3 2 2 3 1 3 0 0 1 2 3 1 0 0 2 0 4 1 4 0 4 0 0 4 4 1 3 1 0 2 3 2 3 3 0 0 0 3 0 0 2 3 0 3 0 3 1 0 0 0 1 2 0 1 1 2 3 1 0 0 4 0 2 3 2 3 0 4 3 3 0 3 0 3 2 3 4 2 0 0 0 0 0 0 0 0 0 0 
3 0 2 1 0 3 3 3 4 1 2 0 0 3 3 2 3 2 3 3 0 0 3 2 3 3 1 2 0 0 1 1 3 1 0 0 2 0 3 0 3 0 4 0 0 4 4 1 3 3 0 2 2 2 3 2 0 0 0 3 0 0 2 2 0 4 0 1 1 0 1 0 1 1 0 1 1 1 2 1 0 0 4 0 3 3 1 4 0 3 3 3 0 3 0 2 2 4 3 1 0 0 0 0 0 0 0 0 0 0 
#TS60
2 1 3 2 0 3 2 3 4 1 2 2 1 4 2 1 3 2 2 3 3 4 3 2 3 3 1 2 1 4 1 2 3 2 0 2 4 0 3 0 4 0 4 0 0 4 1 1 3 3 1 2 1 4 0 4 3 0 0 3 0 0 1 3 0 3 0 0 1 0 4 0 0 0 2 0 2 3 0 1 2 2 4 4 1 0 0 0 0 3 1 3 0 3 0 2 2 0 0 3 0 0 0 1 0 0 0 0 0 0 
2 1 4 2 0 3 3 3 4 1 2 1 1 2 2 2 3 2 3 3 2 4 3 3 3 3 1 2 1 4 1 2 3 2 0 3 3 0 3 0 3 0 4 0 0 4 1 1 3 3 1 1 1 4 1 2 4 0 0 3 0 0 2 3 0 4 0 0 1 0 4 0 0 0 2 0 2 3 0 1 3 2 4 4 1 0 0 0 0 3 2 3 0 3 0 3 2 0 0 3 0 0 0 1 0 0 0 0 0 0 
#TS61
2 1 2 1 0 3 3 1 4 1 2 2 3 1 1 2 3 4 2 3 2 2 2 2 3 3 1 2 1 0 2 1 2 1 0 2 3 0 3 1 3 1 4 0 3 4 0 1 1 2 1 2 2 4 3 4 2 0 0 2 1 0 1 3 1 4 0 0 0 0 4 2 1 0 2 0 2 3 1 2 2 2 4 0 1 1 0 3 0 2 3 3 0 4 0 3 2 3 0 3 0 0 0 0 0 0 0 0 0 0 
2 1 3 3 0 3 3 1 4 1 2 1 2 1 0 2 3 2 1 3 1 1 2 1 3 3 1 2 1 0 2 2 3 1 0 2 3 0 3 0 4 0 4 0 1 4 0 1 1 3 1 2 2 4 3 3 1 0 0 3 1 0 2 3 2 3 0 0 1 0 4 2 0 0 2 0 2 3 2 2 2 2 4 0 1 1 0 3 0 3 3 3 0 3 0 3 2 3 0 3 0 0 0 0 0 0 0 0 0 0 
#TS62
2 1 2 2 0 3 3 2 4 1 2 0 2 1 0 2 3 0 1 3 3 1 3 1 3 2 4 2 1 0 4 2 3 2 1 1 3 0 3 0 3 0 1 0 2 3 0 0 2 3 3 2 0 4 0 3 2 0 0 2 2 0 1 3 3 3 0 0 3 4 4 2 3 0 2 0 2 3 2 1 2 1 4 0 0 2 0 4 0 3 1 0 0 3 0 3 2 1 0 3 0 0 0 0 0 0 0 0 0 1 
2 1 3 2 0 3 2 1 4 2 2 2 2 2 0 2 3 0 1 3 2 1 3 1 3 3 3 2 2 0 4 0 2 3 3 1 3 0 3 0 4 0 1 0 2 3 0 0 1 2 4 1 0 4 0 3 3 0 0 2 1 0 1 3 4 2 0 0 2 4 4 2 3 0 2 0 2 3 2 1 2 2 4 0 0 1 0 4 0 3 1 0 0 2 0 3 2 1 0 3 0 0 0 0 0 0 0 0 0 1 
#TS63
2 1 2 2 0 3 3 3 4 1 2 1 1 1 0 1 3 1 2 3 1 1 3 2 3 3 1 2 0 0 1 1 2 1 0 1 3 0 4 1 4 0 4 0 0 4 2 1 3 4 1 2 2 4 3 1 0 0 0 3 0 0 2 4 1 2 0 0 0 0 4 2 1 0 2 0 2 3 2 1 2 2 4 0 1 2 0 4 0 3 3 4 0 3 0 2 2 3 0 3 0 0 0 0 0 0 0 0 0 0 
2 1 3 2 0 3 3 3 4 1 2 1 1 1 0 2 3 2 3 3 1 1 3 1 3 3 1 2 0 0 1 2 3 1 0 1 3 0 4 1 3 0 4 0 0 4 2 1 3 4 1 2 1 4 3 2 0 0 0 3 0 0 2 3 1 3 0 0 1 0 4 2 1 0 2 0 2 3 2 2 2 2 4 0 1 2 0 4 0 4 3 3 0 3 0 3 2 3 0 3 0 0 0 0 0 0 0 0 0 0 
#TS64
3 1 3 2 0 3 3 3 4 1 2 0 1 1 0 2 3 2 3 3 1 0 3 2 3 3 1 2 0 0 0 2 3 1 0 0 3 0 3 1 4 0 4 0 0 4 2 1 3 4 1 2 2 4 3 3 1 0 0 3 0 0 2 3 1 3 0 0 1 0 4 2 1 0 1 0 2 3 2 1 2 1 4 0 1 2 0 4 0 3 3 3 0 3 0 3 2 3 0 3 0 0 0 0 0 0 0 0 0 0 
2 1 3 2 0 3 3 3 4 1 2 0 1 1 0 1 3 2 3 3 1 0 3 1 3 3 1 2 0 0 0 1 3 1 0 0 3 0 3 1 4 0 4 0 0 4 2 1 2 4 1 2 2 4 3 2 0 0 0 3 0 0 1 3 1 3 0 0 1 0 4 2 1 0 1 0 2 3 2 1 2 2 4 0 2 3 0 4 0 3 3 3 0 3 0 3 2 3 0 3 0 0 0 0 0 0 0 0 0 0 
#TS65
2 2 3 2 3 3 2 2 1 2 2 2 3 1 0 0 3 2 1 3 0 3 0 0 3 3 1 2 1 0 4 2 3 2 0 1 3 0 3 0 3 1 2 0 0 4 3 2 3 3 3 2 0 4 3 4 0 3 0 3 0 0 0 3 2 0 0 0 2 0 4 4 4 0 2 0 2 2 2 0 4 2 4 1 1 1 0 3 1 3 3 3 0 3 0 3 1 0 0 3 1 0 0 0 0 0 0 0 0 0 
2 1 3 2 2 3 2 2 2 2 2 3 2 1 1 0 3 2 0 3 0 3 0 0 3 3 1 2 0 0 3 3 3 1 0 1 3 0 3 0 3 1 2 0 0 3 2 1 3 4 2 2 0 4 3 4 0 4 0 3 0 0 0 3 2 0 0 0 1 0 4 4 4 0 2 0 2 2 2 0 2 2 4 1 1 1 0 2 1 3 3 4 0 3 0 3 2 0 0 3 1 0 0 0 0 0 0 0 0 0 
#TS66
2 1 3 2 0 3 3 3 4 1 3 0 0 1 0 2 3 2 3 3 1 0 3 2 3 4 1 2 0 0 1 2 3 1 0 0 3 0 3 1 3 0 4 0 0 4 2 2 3 4 1 2 2 4 3 2 0 0 0 3 0 0 2 3 1 3 0 0 1 0 4 2 1 0 1 0 3 3 2 1 2 2 4 0 2 3 0 4 0 3 3 3 0 3 0 3 2 3 0 3 0 0 0 0 0 0 0 0 0 0 
2 1 3 1 0 3 2 3 4 2 2 0 1 1 0 2 3 2 4 3 1 0 3 2 3 3 1 2 0 0 1 2 3 1 0 0 3 0 3 1 4 0 4 0 0 4 2 2 3 4 1 2 2 4 3 2 0 0 0 3 0 0 2 2 1 3 0 0 1 0 4 2 1 0 2 0 2 3 2 1 2 2 4 0 2 3 0 4 0 3 3 3 0 3 0 3 2 2 0 3 0 0 0 0 0 0 0 0 0 0 
#TS67
2 1 3 2 0 3 3 3 4 1 2 0 1 1 0 2 3 2 3 3 1 0 3 2 3 3 1 2 0 0 1 2 3 1 0 0 3 0 3 1 4 0 4 0 0 4 2 1 3 4 1 2 2 4 3 2 0 0 0 3 0 0 2 3 1 3 0 0 1 0 4 2 1 0 2 0 2 3 2 1 2 2 4 0 2 3 0 4 0 3 3 3 0 3 0 3 2 3 0 3 0 0 1 0 0 0 0 0 0 0 
3 1 3 2 1 3 3 3 4 0 0 0 1 3 0 2 3 2 3 3 1 0 1 2 3 4 1 2 2 0 1 1 3 1 0 0 1 0 3 1 4 2 4 0 0 0 2 1 2 4 1 2 3 4 3 2 2 0 0 2 0 0 2 3 1 3 0 0 1 0 4 2 2 0 2 0 4 3 2 1 2 3 0 0 2 3 0 4 0 3 3 4 0 3 0 3 2 3 0 3 0 0 1 0 0 0 0 0 0 0 
#TS68
1 1 0 2 1 2 2 3 4 1 2 0 0 1 1 2 1 2 2 4 0 0 4 2 3 4 1 2 0 0 1 2 3 1 0 0 1 0 2 2 4 0 3 0 0 4 1 1 2 3 1 1 2 3 3 2 0 0 0 2 0 0 1 2 0 2 0 1 1 2 3 2 0 0 2 0 1 3 2 3 2 1 4 0 2 2 2 4 0 3 3 3 0 3 0 3 2 4 0 3 0 0 0 0 0 0 0 0 0 0 
2 1 3 2 0 3 2 3 4 1 2 0 0 1 1 2 2 1 3 3 1 0 3 2 3 3 0 2 0 0 0 2 3 0 0 0 1 0 2 2 3 0 4 0 0 4 1 1 2 4 1 2 2 4 3 1 0 0 0 3 0 0 1 2 0 3 0 0 2 0 4 2 1 0 2 0 2 2 2 2 2 2 4 0 3 3 2 4 0 3 3 3 0 1 0 2 2 3 0 3 0 0 0 0 0 0 0 0 0 0 
#TS69
2 1 3 2 0 3 3 3 4 2 2 0 1 2 0 1 3 2 3 3 1 0 3 2 3 3 1 2 0 0 1 2 3 1 0 0 3 0 3 0 4 0 4 0 0 4 2 1 3 4 1 2 2 4 3 2 0 0 0 3 0 0 2 3 1 3 0 0 1 0 3 2 1 0 1 0 2 3 2 1 2 2 4 0 2 3 0 4 0 3 3 3 0 3 0 3 1 3 0 3 0 0 0 0 0 0 0 0 0 0 
2 1 3 2 0 3 3 3 4 2 2 0 1 2 0 1 3 2 3 3 1 0 3 2 3 3 1 2 0 0 1 2 3 1 0 0 3 0 3 0 4 0 4 0 0 4 2 1 3 4 1 2 2 4 3 2 0 0 0 3 0 0 2 3 1 3 0 0 1 0 3 2 1 0 1 0 2 3 2 1 2 2 4 0 2 3 0 4 0 3 3 3 0 3 0 3 1 3 0 3 0 0 0 0 0 0 0 0 0 0 
#TS70
2 1 3 2 0 3 2 3 4 1 2 1 1 2 2 2 3 2 3 3 2 3 3 2 3 3 1 2 1 4 1 2 3 1 0 3 3 0 3 0 4 0 4 0 0 4 0 1 2 2 0 1 1 4 1 3 3 0 0 3 1 0 2 3 0 3 0 0 0 0 4 0 0 0 2 0 2 4 0 1 2 1 4 4 1 0 0 0 0 2 1 3 0 3 0 3 2 0 0 3 0 0 0 1 0 0 0 0 0 0 
2 0 3 3 0 3 3 3 4 1 2 2 1 3 2 2 3 2 3 3 2 4 3 3 3 3 1 2 1 4 1 2 3 2 0 3 3 0 3 0 3 0 4 0 0 4 0 1 2 3 0 2 1 4 1 3 3 0 0 3 0 0 2 3 0 3 0 0 1 0 3 0 0 0 2 0 2 4 0 1 3 2 4 4 0 0 0 0 0 2 2 3 0 3 0 3 2 0 0 3 0 0 0 1 0 0 0 0 0 0 
#TS71
2 1 3 2 0 3 3 3 4 1 2 1 3 1 0 3 3 2 1 3 1 1 2 1 3 3 1 2 0 0 2 2 3 1 0 1 3 0 3 0 4 0 4 0 1 4 0 1 1 2 1 2 2 4 3 3 2 0 0 3 1 0 1 3 1 3 0 0 1 0 4 2 1 0 2 0 2 3 2 2 2 2 4 0 1 1 0 3 0 3 3 3 0 3 0 3 1 3 0 2 0 0 0 0 0 0 0 0 0 0 
2 2 3 2 0 3 3 1 4 2 2 1 1 1 0 4 3 2 2 2 1 2 3 1 3 3 1 3 0 0 1 2 3 1 0 2 3 0 3 1 4 0 4 0 1 4 0 0 2 2 1 2 2 4 3 3 1 0 0 3 1 0 2 3 1 3 0 0 1 0 4 2 1 0 2 0 2 3 3 2 2 2 4 0 1 1 0 4 0 3 3 3 0 3 0 2 2 3 0 3 0 0 0 0 0 0 0 0 0 0 
#TS72
1 1 3 2 3 3 2 3 2 2 2 4 3 1 0 0 3 1 1 2 1 2 0 0 3 3 1 2 0 0 3 2 4 2 1 1 3 0 4 0 4 2 2 0 0 4 2 2 3 4 3 1 0 4 3 3 0 3 0 3 0 0 0 3 3 0 0 0 1 0 4 4 4 0 2 0 2 1 2 0 3 2 4 1 1 0 0 3 0 3 2 3 0 3 0 3 2 0 0 2 1 0 0 0 0 0 0 0 0 0 
2 1 3 2 4 3 2 2 2 1 2 3 3 1 0 0 4 2 1 2 0 3 0 0 2 3 1 2 0 0 3 2 3 2 0 2 3 0 3 1 4 1 3 0 0 3 2 1 3 4 3 1 0 4 3 3 0 3 0 3 0 0 0 4 3 0 0 0 2 0 4 4 3 0 2 0 2 1 2 0 3 2 4 2 0 0 0 2 0 3 3 3 0 3 0 3 2 0 0 3 0 0 0 0 0 0 0 0 0 0 
#TS73
2 1 3 2 2 3 3 3 2 1 2 1 1 1 0 0 3 2 3 3 0 0 0 2 3 2 1 2 0 0 3 2 3 1 0 0 3 0 4 0 4 2 2 0 0 4 2 1 4 3 1 2 1 4 3 3 0 3 0 3 0 0 0 3 1 0 0 1 1 0 4 2 4 0 2 0 2 2 2 0 4 2 4 0 2 3 0 4 0 3 3 3 0 3 0 3 2 0 0 3 1 0 0 0 0 0 0 0 0 0 
2 1 3 1 3 3 3 3 1 2 2 1 1 1 0 0 3 1 3 3 0 1 0 2 2 2 1 1 0 0 3 3 3 1 0 0 3 0 2 0 4 1 2 0 0 4 2 1 3 4 1 2 0 4 3 4 0 3 0 3 0 0 0 3 2 0 0 0 1 0 4 4 3 0 2 0 2 2 2 0 2 2 4 0 2 3 0 4 0 3 3 4 0 3 0 2 3 0 0 3 1 0 0 0 0 0 0 0 0 0 
#TS74
2 1 3 3 0 3 3 3 3 1 2 0 1 1 0 2 3 2 3 3 1 0 3 2 3 4 1 2 0 0 1 2 3 1 0 0 2 0 3 1 4 0 4 0 0 4 2 1 3 4 1 2 2 4 3 1 0 0 0 3 0 0 2 3 1 3 0 0 1 0 4 2 1 0 2 0 2 3 2 1 2 2 4 0 2 3 0 4 0 3 3 3 0 3 0 3 2 3 0 3 0 0 0 0 0 0 0 0 0 0 
2 1 3 2 0 3 3 3 4 1 2 0 1 1 0 2 3 2 3 3 1 0 3 2 3 3 1 3 0 0 1 2 3 1 0 0 3 0 3 1 4 0 4 0 0 4 2 2 3 4 1 2 2 4 4 1 0 0 0 3 0 0 1 3 1 3 0 0 1 0 4 2 1 0 2 0 2 3 2 1 2 1 4 0 2 3 0 4 0 3 3 3 0 3 0 3 2 3 0 3 0 0 0 0 0 0 0 0 0 0 
#TS75
2 1 3 2 0 3 3 3 4 1 2 0 1 1 0 2 3 2 3 3 1 0 3 2 3 3 1 2 0 0 1 3 3 1 0 0 3 0 3 1 4 0 4 0 0 4 2 1 3 4 1 2 2 4 3 2 0 0 0 3 0 0 2 3 1 3 0 0 1 0 4 2 1 0 1 0 3 3 2 1 2 2 4 0 3 3 0 4 0 3 3 3 0 3 0 2 2 3 0 3 0 0 0 0 0 0 0 0 0 0 
2 1 3 2 0 3 3 3 4 1 2 0 1 1 0 2 3 2 3 3 1 0 3 2 3 3 1 2 0 0 1 3 3 1 0 0 3 0 3 1 4 0 4 0 0 4 2 1 3 4 1 2 2 4 3 2 0 0 0 3 0 0 2 3 1 3 0 0 1 0 4 2 1 0 1 0 3 3 2 1 2 2 4 0 3 3 0 4 0 3 3 3 0 3 0 2 2 3 0 3 0 0 0 0 0 0 0 0 0 0 
#TS76
2 3 3 1 1 3 3 3 1 2 0 2 2 1 0 2 3 2 3 3 3 1 1 2 2 3 1 2 0 1 1 3 3 3 0 2 2 0 2 0 4 0 4 0 0 4 1 0 1 4 1 2 2 4 3 3 0 1 0 1 1 0 2 3 1 2 0 0 1 1 3 2 0 0 2 0 2 3 0 1 3 1 0 0 2 2 0 4 0 3 0 3 0 3 0 4 2 3 0 3 0 0 0 0 0 1 0 0 0 0 
2 2 3 1 1 3 2 3 1 2 0 3 2 2 0 2 3 3 2 1 3 2 1 3 3 4 1 3 0 1 1 3 3 2 0 4 2 0 2 0 4 0 3 0 0 4 3 0 1 4 1 2 2 4 3 3 0 1 0 2 1 0 2 3 1 2 0 0 1 2 3 2 0 0 1 0 2 3 0 2 3 1 0 0 1 2 0 4 0 2 0 3 0 4 0 3 2 3 0 3 0 0 0 0 0 1 0 0 0 0 
#TS77
3 1 3 2 0 3 3 3 4 1 1 0 1 1 0 2 3 2 4 3 1 0 3 2 3 3 1 2 0 0 1 1 3 2 0 0 3 2 2 1 4 0 4 0 0 4 2 1 3 4 1 2 2 4 3 1 0 0 0 3 0 0 4 3 1 3 0 0 1 0 4 2 1 0 2 0 3 2 2 0 2 2 4 0 2 3 0 4 0 3 3 3 0 2 0 3 2 3 0 3 0 0 0 0 0 0 0 0 0 0 
3 1 3 2 0 3 3 3 4 1 2 0 1 1 0 2 3 2 3 2 1 0 3 2 3 3 1 2 0 0 1 3 3 1 0 0 3 2 3 1 4 0 4 0 0 3 2 1 3 4 1 2 3 4 3 0 0 0 0 3 0 0 3 3 1 3 0 0 1 0 3 2 1 0 3 0 2 3 2 0 2 2 4 0 2 3 0 4 0 3 3 3 0 3 0 3 2 4 0 3 0 0 0 0 0 0 0 0 0 0 
#TS78
2 1 3 2 0 3 2 3 4 0 2 0 3 1 0 4 3 3 0 1 4 2 2 3 1 3 3 2 2 0 3 2 3 3 0 2 3 0 3 1 4 3 4 0 2 4 0 0 1 3 1 2 3 4 3 3 2 0 0 0 4 0 2 3 1 3 3 0 0 0 4 2 0 0 2 0 1 3 0 1 2 1 3 0 1 2 0 4 0 0 3 3 0 3 0 3 2 3 0 3 0 0 0 0 0 0 1 0 0 0 
2 1 3 2 0 3 2 2 4 0 2 1 4 1 0 4 3 2 0 2 4 2 2 2 1 4 4 2 2 0 3 2 3 3 1 1 3 0 3 1 4 1 4 0 2 4 0 0 2 2 1 2 3 4 2 4 2 0 0 0 4 0 2 3 1 3 3 0 0 0 4 1 0 0 1 0 2 3 0 1 2 2 3 0 1 2 0 4 0 0 3 3 0 3 0 3 2 4 0 3 0 0 0 0 0 0 1 0 0 0 
#TS79
3 0 4 2 2 3 2 2 4 1 0 0 2 4 1 3 3 2 1 3 1 1 1 0 3 2 1 2 4 0 2 0 3 1 0 0 0 0 0 2 4 4 4 0 4 0 0 0 0 2 1 2 2 4 2 3 4 1 0 2 3 0 2 3 1 4 0 0 1 0 4 1 4 0 2 0 3 3 2 1 4 4 0 0 1 2 0 4 0 3 3 3 0 4 0 3 2 3 0 3 0 0 1 0 0 0 0 0 0 0 
3 1 3 0 2 3 2 2 4 0 0 0 2 4 1 2 3 3 2 2 1 1 1 1 3 2 1 2 4 0 1 1 3 1 0 1 1 0 0 3 4 4 4 0 4 0 0 0 0 2 1 2 3 4 2 3 4 2 0 1 3 0 2 3 1 3 0 0 1 0 4 2 3 0 2 0 2 3 2 1 4 4 0 0 0 2 0 4 0 3 3 3 0 3 0 3 3 3 0 3 0 0 1 0 0 0 0 0 0 0 
#TS80
2 0 3 2 0 3 3 3 4 1 2 0 0 1 0 2 3 1 3 3 1 0 3 2 3 3 3 2 1 0 3 1 3 2 1 0 3 0 3 0 3 0 1 0 0 3 2 1 3 4 1 2 0 4 2 2 2 0 0 2 0 0 3 3 1 3 0 0 2 3 4 2 3 0 1 0 2 3 2 1 2 2 4 0 0 2 0 4 0 3 2 0 0 3 0 2 2 1 0 3 0 0 0 0 0 0 0 0 0 1 
2 0 3 2 0 3 3 3 4 1 2 0 1 1 1 1 3 0 4 3 1 0 3 2 3 2 3 2 2 0 4 0 3 3 2 0 4 0 4 0 3 0 1 0 0 3 2 2 3 4 2 2 0 4 3 2 2 0 0 2 0 0 2 3 1 3 0 0 2 4 4 2 3 0 2 0 3 3 2 1 2 2 4 0 0 3 0 4 0 3 2 0 0 3 0 3 2 1 0 3 0 0 0 0 0 0 0 0 0 1 
#TS81
2 3 3 2 2 3 3 3 4 0 2 0 3 2 0 1 3 0 3 2 2 2 3 2 3 3 1 2 1 0 3 2 3 2 0 3 3 0 3 0 4 3 4 0 0 3 3 1 2 4 3 2 1 4 1 4 3 0 0 0 0 0 2 3 3 3 4 0 1 0 4 4 1 0 2 0 3 3 0 1 3 3 3 1 1 3 0 4 0 2 3 3 0 3 0 3 2 0 0 3 0 0 0 0 0 0 0 1 0 0 
1 2 3 2 3 3 3 2 4 0 2 0 2 2 0 1 3 0 2 3 2 2 3 2 3 3 1 2 1 0 3 1 3 3 0 2 3 0 3 1 4 3 4 0 1 4 2 0 2 3 3 2 0 4 2 4 2 0 0 0 0 0 2 3 3 3 3 0 1 0 4 4 0 0 2 0 3 4 0 1 3 2 3 1 1 2 0 4 0 1 3 3 0 3 0 3 1 0 0 3 0 0 0 0 0 0 0 1 0 0 
#TS82
3 1 3 2 1 3 3 3 4 0 0 0 1 3 0 2 3 2 3 3 1 0 1 2 3 4 1 2 2 0 1 1 3 1 0 0 1 0 3 1 4 2 4 0 0 0 2 1 2 4 1 2 3 4 3 2 2 0 0 2 0 0 2 3 1 3 0 0 1 0 4 2 2 0 2 0 4 3 2 1 2 3 0 0 2 3 0 4 0 3 3 4 0 3 0 3 2 3 0 3 0 0 1 0 0 0 0 0 0 0 
4 1 3 1 2 3 3 3 4 1 0 0 2 4 0 2 3 2 3 3 1 1 1 2 3 3 1 2 3 0 1 1 3 2 0 0 1 0 2 1 4 2 4 0 1 0 2 1 1 4 1 2 2 4 3 3 3 0 0 3 1 0 1 3 1 3 0 0 1 0 4 1 3 0 2 0 2 3 3 2 4 4 0 0 2 3 0 4 0 3 3 4 0 4 0 3 2 3 0 4 0 0 1 0 0 0 0 0 0 0 
#TS83
2 0 3 2 0 3 2 2 4 1 2 1 3 2 0 2 3 3 2 3 1 2 3 1 3 2 1 2 1 0 2 2 4 1 0 1 3 0 3 2 4 2 4 0 3 4 0 0 1 2 1 2 1 4 3 4 2 1 0 2 1 0 1 3 1 3 0 0 1 0 4 2 1 0 2 0 3 3 2 2 2 2 4 0 1 2 0 4 0 3 3 3 0 3 0 3 2 3 0 3 0 0 0 0 0 0 0 0 0 0 
2 1 3 2 0 3 3 2 4 2 2 0 1 1 0 2 3 2 3 2 1 1 3 2 4 2 1 2 1 0 1 2 4 1 0 1 3 0 3 1 4 1 4 0 3 3 0 0 1 2 1 2 2 4 3 4 2 0 0 3 1 0 2 3 1 3 0 0 1 0 4 2 1 0 2 0 2 3 2 2 2 2 4 0 2 2 0 4 0 3 3 4 0 3 0 3 2 3 0 3 0 0 0 0 0 0 0 0 0 0 
#TS84
2 1 3 2 0 3 3 3 4 2 3 0 1 1 0 2 3 2 3 3 1 0 3 2 3 3 1 1 0 0 1 2 3 1 0 0 3 1 3 1 4 0 4 0 0 4 2 1 3 4 1 2 2 4 3 1 0 0 0 3 0 0 4 3 1 3 0 0 1 0 4 2 1 0 2 0 3 3 2 0 2 2 4 0 2 3 0 4 1 3 3 3 0 3 0 3 2 3 0 3 0 0 0 0 0 0 0 0 0 0 
2 1 3 2 0 3 3 3 4 2 3 0 1 1 0 2 3 2 3 3 1 0 3 2 3 3 1 1 0 0 1 2 3 1 0 0 3 1 3 1 4 0 4 0 0 4 2 1 3 4 1 2 2 4 3 1 0 0 0 3 0 0 4 3 1 3 0 0 1 0 4 2 1 0 2 0 3 3 2 0 2 2 4 0 2 3 0 4 1 3 3 3 0 3 0 3 2 3 0 3 0 0 0 0 0 0 0 0 0 0 
#TS85
4 1 3 0 0 3 3 3 4 1 2 3 0 0 2 2 2 2 0 0 3 0 3 2 3 2 1 2 0 0 2 2 3 1 0 0 3 1 3 0 0 0 4 0 0 3 2 1 3 4 1 3 2 2 3 2 0 1 0 3 0 0 2 4 1 3 0 0 0 0 4 0 0 0 0 3 3 1 0 1 2 1 4 3 1 1 2 4 0 1 3 0 0 4 0 4 2 3 0 2 0 1 0 0 0 0 0 0 0 0 
4 1 3 1 0 3 3 4 4 1 2 4 0 0 1 2 2 2 0 1 2 0 4 1 3 2 1 2 0 0 2 2 3 1 0 0 3 1 2 0 0 0 4 0 0 4 1 1 3 4 1 2 2 1 3 2 0 1 0 3 0 0 3 3 1 3 0 0 0 0 4 0 0 0 0 2 2 2 0 0 2 1 4 2 1 2 2 4 0 0 3 0 0 4 0 3 2 3 0 3 0 1 0 0 0 0 0 0 0 0 
#TS86
2 1 3 3 0 3 3 3 4 1 2 0 1 2 0 2 3 2 3 3 1 0 3 2 3 3 1 2 0 0 1 2 3 1 0 0 3 0 4 1 4 0 4 0 0 4 4 1 3 4 1 2 2 4 3 3 0 0 0 3 0 0 2 3 1 3 0 0 1 0 4 2 1 0 1 0 3 3 2 1 2 1 4 0 2 2 0 4 0 4 3 3 0 4 0 3 2 3 0 3 0 0 0 0 0 0 0 0 0 0 
2 1 3 2 0 3 3 3 4 1 2 0 1 1 0 2 3 2 3 3 1 0 3 2 3 3 1 2 0 0 1 2 3 1 0 0 3 0 3 1 3 0 4 0 0 3 2 1 3 4 1 2 2 4 3 2 0 0 0 3 0 0 1 3 1 3 0 0 1 0 4 2 1 0 2 0 2 3 2 1 2 2 4 0 2 3 0 4 0 3 3 3 0 3 0 3 2 3 0 3 0 0 0 0 0 0 0 0 0 0 
#TS87
2 1 3 2 0 3 3 2 4 1 2 0 1 1 0 2 4 1 3 3 1 0 4 2 3 3 1 2 0 0 0 2 3 1 0 0 3 0 3 1 4 0 4 0 0 4 1 1 3 4 1 2 2 4 3 3 1 0 0 3 0 0 2 3 1 3 0 0 1 0 4 2 1 0 2 0 2 2 2 1 2 2 4 0 1 2 0 4 0 3 3 3 0 3 0 3 2 3 0 3 0 0 0 0 0 0 0 0 0 0 
3 1 3 2 0 3 3 3 4 1 2 0 1 1 0 2 3 2 3 3 1 0 3 2 3 3 1 2 0 0 0 2 3 1 0 0 3 0 3 1 4 0 4 0 0 4 2 1 3 4 1 2 2 4 3 3 1 0 0 3 0 0 2 3 1 3 0 0 1 0 4 2 1 0 1 0 2 3 2 1 2 1 4 0 1 2 0 4 0 3 3 3 0 3 0 3 2 3 0 3 0 0 0 0 0 0 0 0 0 0 
#TS88
2 2 3 2 0 3 3 0 0 3 3 4 3 1 1 1 3 2 1 3 2 1 0 2 3 2 3 2 2 0 3 3 3 4 4 1 3 0 3 1 0 0 4 0 2 3 0 0 2 0 3 2 2 4 0 3 1 1 0 2 1 0 1 4 3 3 0 0 1 1 4 2 1 0 2 3 2 3 2 4 2 2 4 0 0 1 0 4 0 3 3 3 0 4 0 3 2 3 0 3 0 0 0 0 1 0 0 0 0 0 
1 2 3 2 0 3 3 1 0 3 4 4 3 1 2 0 3 2 2 4 2 1 0 2 4 4 3 1 3 0 2 2 3 4 3 1 4 0 3 1 0 1 4 0 2 3 0 0 2 0 2 2 2 4 0 3 2 1 0 3 2 0 2 3 2 2 0 0 1 0 4 2 1 0 2 4 2 3 2 4 2 2 4 0 0 2 0 3 0 3 3 3 0 3 0 3 2 3 0 3 0 0 0 0 1 0 0 0 0 0 
#TS89
2 1 3 2 0 3 3 3 4 2 2 1 1 1 0 2 3 2 4 2 1 0 3 2 3 3 1 2 1 0 1 2 3 2 0 0 3 0 3 1 3 0 4 0 0 4 2 1 3 4 1 2 2 4 3 2 0 0 0 3 0 0 2 3 1 3 0 0 1 0 4 2 0 0 2 0 2 3 2 1 2 2 4 0 2 3 0 4 0 3 3 3 0 3 0 3 3 3 0 2 0 0 0 0 0 0 0 0 0 0 
2 1 3 2 0 3 3 3 4 1 2 0 1 1 0 2 3 2 3 3 1 0 3 2 3 4 1 2 0 0 1 2 3 1 0 0 3 0 3 0 4 0 4 0 0 4 2 1 3 4 1 2 2 4 3 3 0 0 0 3 0 0 2 3 1 3 0 0 1 0 3 2 1 0 2 0 3 4 2 1 2 2 4 0 2 3 0 4 0 3 3 3 0 3 0 3 1 2 0 3 0 0 0 0 0 0 0 0 0 0 
#TS90
2 0 2 1 0 3 2 3 4 1 2 0 0 1 2 3 1 1 3 3 0 0 3 3 3 2 1 2 0 0 1 2 3 1 0 0 2 2 3 1 4 0 4 0 0 4 3 2 3 4 0 2 2 3 3 2 0 0 0 3 0 0 2 2 0 3 0 2 1 0 2 0 1 0 0 0 2 3 2 1 0 0 4 0 3 3 4 4 0 2 3 3 0 2 0 3 2 3 0 3 0 0 0 0 0 0 0 0 0 0 
2 0 3 2 0 3 2 3 4 1 3 0 0 1 2 2 1 1 3 3 0 0 3 3 3 2 0 2 0 0 0 2 3 1 0 0 1 2 3 0 4 0 4 0 0 4 3 2 3 4 0 2 2 3 3 1 0 0 0 3 0 0 4 1 0 4 0 2 2 0 3 1 1 0 1 0 2 2 2 0 1 0 4 0 4 3 3 4 0 3 3 3 0 2 0 2 2 3 0 3 0 0 0 0 0 0 0 0 0 0 
#TS91
2 1 3 3 0 3 3 2 4 1 2 0 1 1 0 3 3 2 2 3 2 1 3 2 3 3 1 2 0 0 1 2 3 1 0 1 3 0 3 1 4 0 4 0 0 4 1 1 2 2 1 2 2 4 3 3 0 0 0 3 0 0 2 3 1 3 0 0 1 0 4 2 1 0 2 0 2 3 2 2 2 2 4 0 1 1 0 3 0 3 3 3 0 3 0 3 2 4 0 3 0 0 0 0 0 0 0 0 0 0 
2 1 3 2 0 3 3 2 4 1 2 0 1 1 0 2 4 1 3 3 1 0 4 2 3 3 1 2 0 0 0 2 3 1 0 0 3 0 3 1 4 0 4 0 0 4 1 1 3 4 1 2 2 4 3 3 1 0 0 3 0 0 2 3 1 3 0 0 1 0 4 2 1 0 2 0 2 2 2 1 2 2 4 0 1 2 0 4 0 3 3 3 0 3 0 3 2 3 0 3 0 0 0 0 0 0 0 0 0 0 
#TS92
2 1 3 2 0 3 3 3 4 1 3 1 1 1 0 1 3 2 4 3 1 0 3 2 3 2 1 2 0 0 2 2 3 1 0 0 3 0 3 1 4 0 4 0 0 4 2 2 2 4 1 2 2 4 3 2 0 0 0 3 0 0 1 4 1 3 0 0 0 0 4 2 1 0 2 0 2 3 2 1 2 2 4 0 3 3 0 4 0 3 3 3 0 3 0 3 2 3 0 3 0 0 0 0 0 0 0 0 0 0 
2 1 3 2 0 3 3 3 4 1 3 1 1 1 0 1 3 2 4 3 1 0 3 2 3 2 1 2 0 0 2 2 3 1 0 0 3 0 3 1 4 0 4 0 0 4 2 2 2 4 1 2 2 4 3 2 0 0 0 3 0 0 1 4 1 3 0 0 0 0 4 2 1 0 2 0 2 3 2 1 2 2 4 0 3 3 0 4 0 3 3 3 0 3 0 3 2 3 0 3 0 0 0 0 0 0 0 0 0 0 
#TS93
2 1 3 2 0 3 2 3 4 1 2 0 1 1 0 2 3 2 3 3 1 0 3 1 3 3 1 2 0 0 1 2 3 1 0 0 3 0 3 0 4 0 4 0 0 4 2 1 2 3 1 2 2 4 4 2 0 0 0 3 0 0 2 3 1 3 0 0 2 0 4 2 1 0 1 0 3 3 2 1 2 2 4 0 2 3 0 4 0 3 3 3 0 3 0 3 2 3 0 3 0 0 0 0 0 0 0 0 0 0 
2 1 3 2 0 3 3 3 4 2 2 1 1 1 0 2 3 2 3 3 1 0 3 2 3 3 1 2 0 0 1 2 3 1 0 0 3 0 3 1 3 0 4 0 0 4 1 1 3 4 1 2 2 4 4 2 0 0 0 3 0 0 2 3 1 3 0 0 1 0 4 2 1 0 1 0 2 3 2 2 2 2 4 0 2 3 0 4 0 3 3 3 0 3 0 3 2 3 0 3 0 0 0 0 0 0 0 0 0 0 
#TS94
2 1 3 2 0 3 3 2 4 1 2 0 1 1 0 3 3 1 1 3 1 1 3 2 3 4 1 2 1 0 2 2 3 3 1 1 3 0 3 1 3 0 4 0 1 4 0 0 2 3 2 2 2 4 3 3 1 0 0 3 1 0 2 3 1 3 0 0 1 0 4 2 1 0 1 0 2 3 2 2 2 2 4 0 1 1 0 3 0 3 3 3 0 3 0 3 2 3 0 3 0 0 0 0 0 0 0 0 0 0 
2 2 3 1 0 3 3 2 4 1 2 0 1 1 0 2 3 1 2 3 1 1 3 2 3 4 1 2 1 0 1 2 3 1 0 0 3 0 4 1 4 0 4 0 0 3 0 1 2 2 1 2 2 4 3 3 1 0 0 2 0 0 2 3 1 3 0 0 1 0 4 2 1 0 2 0 2 3 2 1 2 2 4 0 1 2 0 4 0 3 3 3 0 3 0 3 2 4 0 2 0 0 0 0 0 0 0 0 0 0 
#TS95
2 3 3 2 2 3 2 2 4 0 2 1 3 2 0 1 3 0 1 3 3 3 2 2 3 3 1 2 1 0 4 2 4 3 0 4 3 0 3 1 4 3 4 0 0 3 2 1 2 2 4 0 0 4 1 4 3 0 0 0 0 0 1 3 4 2 4 0 1 0 4 4 1 0 3 0 2 4 0 1 2 3 4 1 0 1 0 2 0 0 3 3 0 3 0 3 2 0 0 3 0 0 0 0 0 0 0 1 0 0 
2 3 3 2 3 3 2 1 4 0 2 0 4 2 0 1 3 0 1 3 4 3 2 2 3 4 1 2 1 0 4 2 4 3 0 4 3 0 3 1 4 3 4 0 0 4 1 1 3 3 4 0 0 4 2 2 2 0 0 0 0 0 2 3 3 2 4 0 1 1 4 4 1 0 2 0 2 4 0 2 3 2 4 1 1 0 0 2 0 0 3 3 0 3 0 2 1 0 0 3 0 0 0 0 0 0 0 1 0 0 
#TS96
2 2 2 2 0 3 2 2 4 2 2 1 4 2 0 0 3 1 1 3 2 2 2 1 4 3 1 2 0 0 1 2 3 2 0 1 3 0 4 1 4 1 4 0 0 3 1 1 4 3 3 1 0 4 3 2 1 0 0 3 0 0 2 3 3 3 0 0 3 0 4 3 1 0 2 0 2 3 2 1 2 2 4 0 1 0 0 1 0 3 3 3 0 3 0 3 2 2 0 3 0 0 0 0 0 0 0 0 0 0 
3 1 3 2 0 3 3 1 4 1 2 2 2 2 1 1 3 1 2 3 1 2 3 0 3 4 1 2 0 0 1 2 4 1 0 2 3 0 3 1 4 0 4 0 0 4 2 1 2 4 3 2 1 4 3 2 0 0 0 4 0 0 1 3 2 3 0 0 1 0 3 2 1 0 2 0 2 3 2 2 2 2 4 0 1 1 0 4 0 3 2 2 0 3 0 2 2 3 0 3 0 0 0 0 0 0 0 0 0 0 
#TS97
2 1 3 2 0 3 3 3 4 1 2 0 1 1 0 2 3 2 3 3 1 0 3 2 3 3 1 2 0 0 1 2 3 1 0 0 3 0 3 1 4 0 4 0 0 4 2 1 3 4 1 2 2 4 3 2 0 0 0 3 0 0 2 3 1 3 0 0 1 0 4 2 1 0 2 0 2 3 2 1 2 2 4 0 2 3 0 4 0 3 3 3 0 3 0 3 2 3 0 3 0 0 0 0 0 0 0 0 1 0 
2 1 3 1 1 3 3 0 4 1 2 0 1 1 0 2 3 2 3 2 1 0 3 2 3 4 1 2 0 0 2 2 3 1 0 0 2 1 3 0 4 0 1 0 1 3 2 1 3 4 2 2 2 4 3 2 0 0 0 2 0 2 2 3 1 2 0 0 1 2 4 1 1 0 2 0 3 3 2 1 3 2 0 0 2 0 0 4 0 3 0 4 0 3 0 3 2 4 0 3 0 0 0 0 0 0 0 0 1 0 
#TS98
3 1 3 1 3 3 2 2 4 1 0 0 3 3 1 3 3 3 2 3 1 2 1 2 3 3 1 2 3 0 2 1 3 1 0 2 1 0 0 3 4 3 4 0 4 0 0 0 0 3 1 2 2 4 1 3 4 2 0 1 2 0 1 3 1 4 0 0 1 0 4 2 4 0 2 0 2 3 2 2 4 3 0 0 1 2 0 3 0 3 3 3 0 3 0 3 2 3 0 2 0 0 0 0 0 0 0 0 0 0 
3 1 3 1 1 3 2 2 4 1 2 0 2 3 0 4 3 3 2 3 1 2 2 2 3 2 1 2 1 0 2 2 3 1 0 1 2 0 1 2 4 2 4 0 3 2 0 0 0 2 1 2 2 4 3 3 2 2 0 2 3 0 2 3 1 3 0 0 1 0 3 2 1 0 2 0 2 2 2 1 2 2 4 0 1 2 0 3 0 3 3 3 0 3 0 3 2 2 0 3 0 0 0 0 0 0 0 0 0 0 
#TS99
2 3 3 1 1 3 3 2 2 2 0 4 3 1 0 2 3 3 1 2 3 2 1 3 3 3 2 2 0 1 1 4 3 3 0 4 2 0 0 0 4 0 3 0 0 4 2 0 1 4 1 2 2 4 3 3 0 2 0 1 1 0 2 4 1 2 0 0 1 2 4 2 0 0 1 0 2 3 0 2 3 1 0 0 1 1 0 3 0 0 0 3 0 3 0 3 2 3 0 3 0 0 0 0 0 1 0 0 0 0 
2 4 3 1 0 3 2 1 2 3 0 3 2 2 0 2 3 4 1 2 3 1 1 3 3 4 1 2 0 1 2 4 3 3 0 3 2 0 0 1 3 0 3 0 1 4 2 0 1 4 1 2 2 4 3 3 0 1 0 1 0 0 1 3 1 1 0 0 1 1 4 2 0 0 1 0 2 4 0 1 2 1 0 0 1 1 0 3 0 0 0 4 0 4 0 4 2 4 0 3 0 0 0 0 0 1 0 0 0 0 
#TS100
2 2 3 2 2 3 3 3 4 0 2 0 2 2 0 1 3 1 3 3 2 1 3 2 3 3 1 2 1 0 3 2 3 3 0 3 3 0 3 1 4 2 4 0 0 4 2 1 3 4 2 2 1 4 3 3 3 0 0 0 1 0 2 3 3 4 4 0 1 0 4 3 0 0 2 0 2 3 0 1 3 3 3 1 2 3 0 4 0 3 3 3 0 3 0 3 2 0 0 3 0 0 0 0 0 0 0 1 0 0 
2 3 3 2 2 3 3 3 4 0 2 0 3 2 0 1 3 0 3 2 2 2 3 2 3 3 1 2 1 0 3 2 3 2 0 3 3 0 3 0 4 3 4 0 0 3 3 1 2 4 3 2 1 4 1 4 3 0 0 0 0 0 2 3 3 3 4 0 1 0 4 4 1 0 2 0 3 3 0 1 3 3 3 1 1 3 0 4 0 2 3 3 0 3 0 3 2 0 0 3 0 0 0 0 0 0 0 1 0 0 
#TS101
2 0 3 2 0 3 3 2 4 0 2 1 2 1 0 2 3 2 1 2 4 1 3 2 0 3 4 2 2 0 3 2 3 1 0 0 3 0 3 1 3 2 4 0 0 3 1 0 2 4 1 2 3 4 3 3 1 0 0 0 4 0 2 3 1 3 3 0 0 0 4 2 0 0 1 0 2 4 0 1 2 1 3 0 2 2 0 4 0 3 3 4 0 4 0 3 2 4 0 2 0 0 0 0 0 0 1 0 0 0 
2 0 3 2 0 3 2 2 4 0 3 1 3 1 0 1 3 2 0 2 4 2 2 2 1 3 4 2 2 0 4 2 3 2 0 1 3 0 3 1 3 3 4 0 1 3 1 0 2 4 1 2 3 4 3 3 1 0 0 0 4 0 2 3 1 3 3 0 0 0 4 2 0 0 2 0 1 3 0 1 2 2 3 0 1 2 0 4 0 1 2 3 0 4 0 3 2 2 0 3 0 0 0 0 0 0 1 0 0 0 
#TS102
2 3 3 2 3 3 2 1 4 0 2 0 4 2 0 1 3 0 1 3 4 3 2 2 3 4 1 2 1 0 4 2 4 3 0 4 3 0 3 1 4 3 4 0 0 4 1 1 3 3 4 0 0 4 2 2 2 0 0 0 0 0 2 3 3 2 4 0 1 1 4 4 1 0 2 0 2 4 0 2 3 2 4 1 1 0 0 2 0 0 3 3 0 3 0 2 1 0 0 3 0 0 0 0 0 0 0 1 0 0 
2 3 3 2 2 3 2 2 4 0 2 2 4 2 1 1 3 1 1 2 3 2 2 2 3 3 2 2 1 0 4 2 3 3 0 4 3 0 3 1 4 3 4 0 1 4 1 1 2 4 4 0 0 4 1 2 3 0 0 0 0 0 2 3 3 2 3 0 1 1 4 4 1 0 2 0 2 4 0 2 4 3 4 1 1 0 0 1 0 0 3 3 0 3 0 3 2 0 0 3 0 0 0 0 0 0 0 0 0 0 
#TS103
3 1 3 2 0 4 3 3 4 1 2 3 0 1 0 2 3 2 1 1 0 0 3 2 3 3 1 2 0 0 1 2 3 1 0 0 3 0 3 0 0 0 3 0 0 4 2 1 3 4 1 2 2 4 3 2 0 1 0 3 0 0 2 4 1 2 0 0 0 0 4 1 1 0 1 2 1 2 1 1 2 1 4 1 1 2 0 4 0 3 3 2 0 3 0 3 2 3 0 2 0 1 0 0 0 0 0 0 0 0 
4 1 3 1 0 3 2 3 3 1 2 3 0 1 1 2 3 2 0 0 2 0 4 2 3 3 1 2 0 0 1 2 3 1 0 0 3 0 3 0 0 0 4 0 0 3 1 1 3 4 1 2 2 4 3 2 0 1 0 3 0 0 1 3 2 3 0 0 0 0 4 0 0 0 0 2 2 2 0 1 2 2 4 2 1 2 0 4 0 3 3 0 0 4 0 3 2 3 0 3 0 1 0 0 0 0 0 0 0 0 
#TS104
2 1 3 2 0 3 3 3 4 1 2 0 1 1 0 2 3 2 3 3 1 0 3 2 3 3 1 2 0 0 1 2 3 1 0 0 3 0 3 1 4 0 4 0 0 4 2 1 3 4 1 2 2 4 3 2 0 0 0 3 0 0 2 3 1 3 0 0 1 0 4 2 1 0 2 0 2 3 2 1 2 2 4 0 2 3 0 4 0 3 3 3 0 3 0 3 2 3 0 3 1 0 0 0 0 0 0 0 0 0 
2 1 3 2 2 3 3 3 4 1 2 0 1 1 0 1 3 2 3 3 0 0 1 2 3 3 2 2 0 0 3 3 3 1 0 0 3 0 3 0 4 1 3 0 0 4 2 2 3 4 1 2 1 4 3 2 0 2 0 2 0 0 0 3 1 1 0 0 1 0 4 2 3 0 2 0 2 2 2 0 4 2 4 0 2 2 0 4 0 3 3 3 0 3 0 3 1 1 0 2 1 0 0 0 0 0 0 0 0 0 
#TS105
2 1 3 2 0 3 2 2 4 0 2 0 4 1 0 4 3 2 0 2 3 2 2 3 1 3 3 2 3 0 4 2 3 3 1 2 3 0 3 1 3 3 4 0 2 4 0 0 1 2 1 2 2 4 3 3 2 1 0 0 4 0 1 3 1 3 3 0 0 0 4 1 0 0 2 0 2 3 0 2 2 2 3 0 1 2 0 4 0 0 3 3 0 4 0 3 2 4 0 3 0 0 0 0 0 0 1 0 0 0 
3 1 3 2 1 3 2 2 4 0 2 0 4 2 0 4 4 4 0 2 4 2 2 2 1 2 3 2 3 0 4 2 4 2 1 1 3 0 2 1 4 3 4 0 2 4 0 0 1 3 1 2 4 4 3 3 2 0 0 0 4 0 1 3 1 3 3 0 0 0 4 2 0 0 2 0 2 3 0 2 2 2 3 0 1 1 0 3 0 0 3 3 0 3 0 3 2 3 0 3 0 0 0 0 0 0 1 0 0 0 
#TS106
3 1 3 0 2 3 3 3 4 1 0 0 2 3 1 2 3 3 2 2 1 1 1 1 3 2 1 2 3 0 2 0 3 1 0 1 1 0 0 2 3 4 4 0 4 0 0 0 0 2 1 2 2 4 3 4 4 1 0 2 2 0 2 3 1 3 0 0 1 1 4 2 3 0 1 0 2 3 2 1 4 4 0 0 1 2 0 4 0 3 3 4 0 4 0 3 3 3 0 3 0 0 1 0 0 0 0 0 0 0 
3 0 4 2 2 3 2 2 4 1 0 0 2 4 1 3 3 2 1 3 1 1 1 0 3 2 1 2 4 0 2 0 3 1 0 0 0 0 0 2 4 4 4 0 4 0 0 0 0 2 1 2 2 4 2 3 4 1 0 2 3 0 2 3 1 4 0 0 1 0 4 1 4 0 2 0 3 3 2 1 4 4 0 0 1 2 0 4 0 3 3 3 0 4 0 3 2 3 0 3 0 0 1 0 0 0 0 0 0 0 
#TS107
2 2 3 3 1 3 3 3 4 0 2 0 1 2 0 2 3 2 3 3 1 0 2 2 3 3 1 2 0 0 3 4 3 3 0 1 3 0 3 1 3 2 4 0 0 4 2 1 3 4 1 2 2 4 3 3 2 0 0 1 0 0 2 3 2 3 3 0 1 0 4 3 1 0 2 0 3 3 1 1 2 3 4 1 3 3 2 4 0 4 3 3 0 3 0 3 2 1 0 3 0 0 0 0 0 0 0 1 0 0 
2 3 3 2 2 3 3 3 4 0 2 0 1 1 0 1 3 1 4 3 1 0 3 2 3 3 1 2 1 0 3 2 3 3 0 1 3 0 2 1 4 2 4 0 0 3 2 1 3 4 2 2 1 4 4 2 2 0 0 0 1 0 2 3 2 3 4 0 0 0 4 4 1 0 3 0 3 4 0 0 3 3 4 1 2 3 0 4 0 3 4 2 0 3 0 3 2 0 0 3 0 0 0 0 0 0 0 1 0 0 
#TS108
2 1 3 1 0 3 3 2 4 1 2 0 1 1 0 2 3 2 3 3 1 0 3 2 3 3 1 2 0 0 1 1 3 1 0 1 3 0 3 1 4 0 4 0 0 4 1 1 1 4 1 1 2 4 3 3 0 0 0 3 0 0 2 3 1 3 0 0 1 0 4 2 1 0 2 0 2 3 2 1 2 2 4 0 1 3 0 4 0 3 2 3 0 4 0 3 2 3 0 2 0 0 0 0 0 0 0 0 0 0 
2 1 3 2 0 3 2 3 4 1 2 0 1 1 0 2 3 2 3 3 1 0 3 1 3 3 1 2 0 0 1 2 3 1 0 0 3 0 3 0 4 0 4 0 0 4 2 1 2 3 1 2 2 4 4 2 0 0 0 3 0 0 2 3 1 3 0 0 2 0 4 2 1 0 1 0 3 3 2 1 2 2 4 0 2 3 0 4 0 3 3 3 0 3 0 3 2 3 0 3 0 0 0 0 0 0 0 0 0 0 
#TS109
2 1 3 2 0 3 3 3 4 1 2 0 1 1 0 2 3 2 3 3 1 0 3 2 3 3 1 2 0 0 1 2 3 1 0 0 3 0 3 1 4 0 4 0 0 4 2 1 3 4 1 2 2 4 3 2 0 0 0 3 0 0 2 3 1 3 0 0 1 0 4 2 1 0 2 0 2 3 2 1 2 2 4 0 2 3 0 4 0 3 3 3 0 3 0 3 2 3 0 3 0 0 0 0 1 0 0 0 0 0 
2 1 3 2 0 3 4 1 0 1 2 0 1 1 1 0 2 2 3 3 1 0 0 2 3 3 2 1 1 0 1 2 3 3 0 0 3 0 3 1 0 0 4 0 0 4 2 0 3 2 2 2 2 4 3 2 0 0 0 3 0 0 2 3 2 3 0 0 1 0 4 2 1 0 2 2 2 3 2 2 2 2 4 0 1 3 0 4 0 3 3 3 0 3 0 3 2 3 0 3 0 0 0 0 1 0 0 0 0 0 
#TS110
3 0 2 1 0 3 3 3 4 1 2 0 0 3 3 2 3 2 3 3 0 0 3 2 3 3 1 2 0 0 1 1 3 1 0 0 2 0 3 0 3 0 4 0 0 4 4 1 3 3 0 2 2 2 3 2 0 0 0 3 0 0 2 2 0 4 0 1 1 0 1 0 1 1 0 1 1 1 2 1 0 0 4 0 3 3 1 4 0 3 3 3 0 3 0 2 2 4 3 1 0 0 0 0 0 0 0 0 0 0 
3 0 1 2 0 4 3 3 4 1 2 0 0 2 3 2 2 2 3 3 0 0 3 2 3 2 1 3 0 0 1 2 3 0 0 0 2 0 3 1 3 0 4 0 0 4 3 2 3 4 0 2 2 1 4 2 0 0 0 3 0 0 2 3 0 4 0 1 1 0 2 0 1 0 0 0 2 2 2 1 0 0 4 0 2 3 4 4 0 4 3 3 0 3 0 2 2 3 1 3 0 0 0 0 0 0 0 0 0 0 
#TS111
2 3 3 2 2 3 2 2 4 0 2 2 4 2 1 1 3 1 1 2 3 2 2 2 3 3 2 2 1 0 4 2 3 3 0 4 3 0 3 1 4 3 4 0 1 4 1 1 2 4 4 0 0 4 1 2 3 0 0 0 0 0 2 3 3 2 3 0 1 1 4 4 1 0 2 0 2 4 0 2 4 3 4 1 1 0 0 1 0 0 3 3 0 3 0 3 2 0 0 3 0 0 0 0 0 0 0 0 0 0 
2 2 3 2 1 3 3 1 4 1 2 1 3 2 0 1 3 1 1 3 2 2 2 2 3 3 1 2 0 0 2 2 3 2 0 3 3 0 3 1 4 1 4 0 0 4 1 1 3 3 3 1 0 4 2 3 1 0 0 3 0 0 2 3 2 3 1 0 3 0 4 3 1 0 2 0 2 3 2 2 2 2 4 1 1 0 0 2 0 1 3 3 0 3 0 3 1 2 0 3 0 0 0 0 0 0 0 0 0 0 
#TS112
2 3 3 2 2 3 2 2 4 0 2 1 4 3 0 1 3 0 1 2 3 3 2 2 3 3 1 2 1 0 4 3 3 3 0 3 3 0 3 1 3 3 4 0 0 4 2 1 3 3 3 2 1 4 2 2 2 0 0 0 0 0 1 3 3 3 4 0 1 0 4 4 1 0 2 0 4 4 0 1 3 2 3 2 1 1 0 4 0 0 2 3 0 3 0 3 2 0 0 3 0 0 0 0 0 0 0 1 0 0 
2 3 3 2 2 3 2 2 4 0 2 1 3 2 0 1 3 0 1 3 3 3 2 2 3 3 1 2 1 0 4 2 4 3 0 4 3 0 3 1 4 3 4 0 0 3 2 1 2 2 4 0 0 4 1 4 3 0 0 0 0 0 1 3 4 2 4 0 1 0 4 4 1 0 3 0 2 4 0 1 2 3 4 1 0 1 0 2 0 0 3 3 0 3 0 3 2 0 0 3 0 0 0 0 0 0 0 1 0 0 
#TS113
2 3 3 2 2 3 3 3 4 0 2 0 1 1 0 1 3 1 4 3 1 0 3 2 3 3 1 2 1 0 3 2 3 3 0 1 3 0 2 1 4 2 4 0 0 3 2 1 3 4 2 2 1 4 4 2 2 0 0 0 1 0 2 3 2 3 4 0 0 0 4 4 1 0 3 0 3 4 0 0 3 3 4 1 2 3 0 4 0 3 4 2 0 3 0 3 2 0 0 3 0 0 0 0 0 0 0 1 0 0 
2 2 3 2 2 3 3 3 4 0 2 0 2 2 0 1 3 1 3 3 2 1 3 2 3 3 1 2 1 0 3 2 3 3 0 3 3 0 3 1 4 2 4 0 0 4 2 1 3 4 2 2 1 4 3 3 3 0 0 0 1 0 2 3 3 4 4 0 1 0 4 3 0 0 2 0 2 3 0 1 3 3 3 1 2 3 0 4 0 3 3 3 0 3 0 3 2 0 0 3 0 0 0 0 0 0 0 1 0 0 
#TS114
2 1 3 2 0 3 3 1 0 1 2 2 1 1 1 0 3 2 3 3 1 0 0 2 3 3 3 2 1 0 2 3 3 4 0 0 2 0 3 1 0 1 4 0 0 4 2 0 3 2 3 2 1 4 3 2 0 0 0 3 0 0 2 3 1 3 0 0 2 0 4 2 1 0 2 4 2 4 2 2 2 2 4 0 1 3 0 4 0 3 3 4 0 3 0 3 2 4 0 3 0 0 0 0 1 0 0 0 0 0 
1 2 2 3 0 3 4 1 0 1 3 1 1 1 1 0 4 2 3 3 2 0 0 2 3 4 4 2 2 0 2 2 3 3 2 0 3 0 3 1 0 1 4 0 1 4 2 0 3 2 2 2 2 4 3 3 2 0 0 3 1 0 1 3 2 3 0 0 2 0 4 2 1 0 2 3 2 3 2 2 2 2 4 0 1 3 0 4 0 3 3 4 0 3 0 3 2 3 0 3 0 0 0 0 1 0 0 0 0 0 
#TS115
1 1 3 2 0 3 4 0 0 2 3 3 2 2 1 0 3 1 3 3 2 1 0 2 3 4 3 2 3 0 2 3 3 4 2 0 3 0 2 1 0 1 4 0 2 3 0 0 2 1 3 2 2 4 1 4 1 0 0 2 2 0 2 4 3 3 0 0 1 0 4 2 1 0 1 3 1 3 2 3 2 2 4 0 1 2 0 4 0 3 3 3 0 4 0 3 2 3 0 2 0 0 0 0 1 0 0 0 0 0 
2 2 2 2 0 3 3 0 0 3 4 4 2 2 2 0 3 2 2 3 3 1 0 2 3 3 4 2 3 0 2 2 3 3 4 1 3 0 3 1 0 1 4 0 2 4 0 0 2 0 3 2 2 4 0 3 3 1 0 3 2 0 2 3 1 3 0 0 1 0 4 2 1 0 2 4 2 3 2 3 2 2 4 0 1 2 0 4 0 2 3 3 0 3 0 3 2 3 0 2 0 0 0 0 1 0 0 0 0 0 
#TS116
2 2 3 2 0 3 3 3 4 1 2 1 1 1 0 2 3 0 2 3 1 1 3 1 3 3 1 3 0 0 1 2 3 2 0 1 3 0 3 1 4 0 4 0 0 4 2 1 2 4 1 2 2 4 3 2 0 0 0 4 0 0 2 3 1 3 0 0 1 0 4 2 1 0 2 0 2 3 2 1 2 2 4 0 1 2 0 4 0 3 3 3 0 3 0 3 2 3 0 3 0 0 0 0 0 0 0 0 0 0 
2 2 3 2 0 4 3 2 4 1 2 0 1 1 0 1 3 1 2 3 1 1 3 2 3 3 1 4 0 0 1 1 3 1 0 1 3 0 3 1 3 0 4 0 0 4 2 1 3 4 2 2 3 4 3 2 0 0 0 3 0 0 2 3 1 3 0 0 1 0 4 2 1 0 2 0 2 3 3 2 2 2 4 0 1 2 0 4 0 3 3 3 0 3 0 3 1 4 0 3 0 0 0 0 0 0 0 0 0 0 
#TS117
2 1 3 2 0 3 3 3 4 1 2 0 1 2 0 2 3 2 3 3 0 0 3 2 3 4 1 2 0 0 1 2 3 0 0 0 3 0 3 1 4 0 4 0 0 4 2 1 3 4 1 1 2 4 3 4 0 0 0 3 0 0 1 3 1 3 0 0 1 0 4 2 1 0 2 0 2 3 2 1 2 1 4 0 2 3 0 4 0 3 3 3 0 3 0 3 2 3 0 3 0 0 0 0 0 0 0 0 0 0 
2 1 3 2 0 3 3 3 4 1 2 0 1 2 0 2 3 2 3 3 0 0 3 2 3 4 1 2 0 0 1 2 3 0 0 0 3 0 3 1 4 0 4 0 0 4 2 1 3 4 1 1 2 4 3 4 0 0 0 3 0 0 1 3 1 3 0 0 1 0 4 2 1 0 2 0 2 3 2 1 2 1 4 0 2 3 0 4 0 3 3 3 0 3 0 3 2 3 0 3 0 0 0 0 0 0 0 0 0 0 
#TS118
1 1 3 2 0 3 2 3 4 1 2 0 1 1 0 1 3 1 3 3 1 1 3 2 3 3 1 2 0 0 1 2 3 2 0 0 3 0 3 1 4 0 4 0 0 4 2 1 3 4 2 2 2 4 3 3 0 0 0 4 0 0 2 3 1 3 0 0 2 0 3 2 1 0 2 0 2 3 2 1 2 1 4 0 1 3 0 4 0 3 3 3 0 3 0 2 3 2 0 3 0 0 0 0 0 0 0 0 0 0 
2 1 2 2 0 3 3 3 4 1 2 0 1 1 0 2 3 1 3 3 1 0 3 2 3 3 1 2 0 0 1 1 3 1 0 0 2 0 3 1 4 0 4 0 0 4 2 1 3 4 1 2 2 4 3 2 0 0 0 3 0 0 1 3 1 3 0 0 1 0 4 2 1 0 2 0 2 3 2 1 2 1 4 0 2 3 0 4 0 3 3 3 0 3 0 3 2 2 0 3 0 0 0 0 0 0 0 0 0 0 
#TS119
2 1 3 2 0 3 3 3 4 1 2 0 1 1 0 2 3 2 3 3 1 1 3 1 3 4 1 3 0 0 1 1 3 1 0 0 3 0 4 1 4 0 4 0 0 4 2 1 3 4 1 2 2 4 3 2 0 0 0 3 0 0 2 3 1 3 0 0 2 0 4 2 1 0 2 0 2 3 2 2 2 1 4 0 2 3 0 4 0 4 3 3 0 3 0 2 2 3 0 3 0 0 0 0 0 0 0 0 0 0 
2 1 3 2 0 3 3 2 4 1 2 1 1 1 0 1 3 2 3 3 1 0 3 2 3 3 1 2 0 0 1 2 3 1 0 0 3 0 3 1 3 0 4 0 0 4 2 1 3 4 1 2 2 4 3 2 0 0 0 3 0 0 2 3 1 3 0 0 3 0 4 2 1 0 2 0 2 3 2 1 2 1 4 0 2 3 0 4 0 3 2 3 0 3 0 2 2 3 0 3 0 0 0 0 0 0 0 0 0 0 
#TS120
2 1 3 2 0 3 2 3 4 1 2 0 2 1 0 2 3 0 2 3 2 2 3 1 3 3 3 2 2 0 4 0 3 2 2 1 3 0 3 0 3 0 1 1 2 3 0 1 2 4 4 1 0 4 0 3 3 0 0 2 2 0 2 3 2 2 0 0 3 3 4 2 2 0 2 0 2 3 2 2 2 2 4 0 0 2 0 4 0 3 2 0 0 3 0 3 0 1 0 3 0 0 0 0 0 0 0 0 0 1 
2 1 2 2 0 3 3 2 4 1 2 0 2 1 0 2 3 0 1 3 3 1 3 1 3 2 4 2 1 0 4 2 3 2 1 1 3 0 3 0 3 0 1 0 2 3 0 0 2 3 3 2 0 4 0 3 2 0 0 2 2 0 1 3 3 3 0 0 3 4 4 2 3 0 2 0 2 3 2 1 2 1 4 0 0 2 0 4 0 3 1 0 0 3 0 3 2 1 0 3 0 0 0 0 0 0 0 0 0 1 
#TS121
2 1 3 2 0 3 3 3 4 1 2 0 1 1 0 2 3 2 3 3 1 0 3 2 3 4 1 2 0 0 1 2 3 1 0 0 3 0 3 0 4 0 4 0 0 4 2 1 3 4 1 2 2 4 3 3 0 0 0 3 0 0 2 3 1 3 0 0 1 0 3 2 1 0 2 0 3 4 2 1 2 2 4 0 2 3 0 4 0 3 3 3 0 3 0 3 1 2 0 3 0 0 0 0 0 0 0 0 0 0 
2 1 3 2 0 3 3 3 4 1 3 0 0 1 0 2 3 2 3 3 1 0 3 2 3 4 1 2 0 0 1 2 3 1 0 0 3 0 3 1 3 0 4 0 0 4 2 2 3 4 1 2 2 4 3 2 0 0 0 3 0 0 2 3 1 3 0 0 1 0 4 2 1 0 1 0 3 3 2 1 2 2 4 0 2 3 0 4 0 3 3 3 0 3 0 3 2 3 0 3 0 0 0 0 0 0 0 0 0 0 
#TS122
2 1 3 2 0 3 2 2 4 1 2 1 1 3 1 2 3 2 4 3 1 4 3 2 3 3 2 2 1 3 1 2 4 1 0 1 3 0 3 0 4 0 4 0 0 4 1 1 2 3 1 2 2 4 1 3 2 0 0 3 0 0 2 3 1 3 0 0 1 0 4 1 1 0 2 0 2 4 0 1 3 2 4 2 1 2 0 3 0 3 2 3 0 3 0 2 2 1 0 3 0 0 0 1 0 0 0 0 0 0 
2 1 3 2 0 3 2 3 4 1 2 2 1 3 1 2 3 3 3 3 2 4 3 2 3 2 1 2 1 3 0 2 4 2 0 2 3 0 3 0 4 0 4 0 1 4 0 1 3 3 1 2 2 4 0 3 2 0 0 3 0 0 2 3 1 3 0 0 1 0 4 1 0 0 2 0 2 4 0 1 3 2 4 3 1 1 0 2 0 3 2 3 0 3 0 3 2 0 0 3 0 0 0 1 0 0 0 0 0 0 
#TS123
2 2 3 2 1 3 3 3 2 2 1 0 1 1 0 2 3 2 3 3 1 1 1 2 3 4 2 3 0 0 1 3 3 3 0 2 3 0 4 0 4 0 4 0 0 4 2 0 2 4 1 2 2 4 3 3 0 1 0 2 1 0 2 3 1 3 0 0 1 1 3 2 1 0 1 0 2 3 0 1 2 2 0 0 2 3 0 4 0 3 0 3 0 3 0 3 2 3 0 2 0 0 0 0 0 1 0 0 0 0 
2 3 3 1 1 3 3 3 1 2 0 2 2 1 0 2 3 2 3 3 3 1 1 2 2 3 1 2 0 1 1 3 3 3 0 2 2 0 2 0 4 0 4 0 0 4 1 0 1 4 1 2 2 4 3 3 0 1 0 1 1 0 2 3 1 2 0 0 1 1 3 2 0 0 2 0 2 3 0 1 3 1 0 0 2 2 0 4 0 3 0 3 0 3 0 4 2 3 0 3 0 0 0 0 0 1 0 0 0 0 
#TS124
1 1 3 2 0 3 3 0 0 2 3 3 1 1 1 0 3 2 3 3 1 0 0 2 3 3 3 2 2 0 2 2 3 4 2 0 3 0 3 1 0 1 4 0 1 3 1 0 3 1 2 2 2 4 1 3 2 0 0 2 1 0 2 3 2 3 0 0 1 0 4 2 1 0 2 3 2 3 2 2 2 1 4 0 1 3 0 4 0 3 3 4 0 4 0 3 1 4 0 3 0 0 0 0 1 0 0 0 0 0 
1 1 3 2 0 3 4 0 0 2 3 3 2 2 1 0 3 1 3 3 2 1 0 2 3 4 3 2 3 0 2 3 3 4 2 0 3 0 2 1 0 1 4 0 2 3 0 0 2 1 3 2 2 4 1 4 1 0 0 2 2 0 2 4 3 3 0 0 1 0 4 2 1 0 1 3 1 3 2 3 2 2 4 0 1 2 0 4 0 3 3 3 0 4 0 3 2 3 0 2 0 0 0 0 1 0 0 0 0 0 
#TS125
2 4 3 1 0 3 2 1 2 3 0 3 2 2 0 2 3 4 1 2 3 1 1 3 3 4 1 2 0 1 2 4 3 3 0 3 2 0 0 1 3 0 3 0 1 4 2 0 1 4 1 2 2 4 3 3 0 1 0 1 0 0 1 3 1 1 0 0 1 1 4 2 0 0 1 0 2 4 0 1 2 1 0 0 1 1 0 3 0 0 0 4 0 4 0 4 2 4 0 3 0 0 0 0 0 1 0 0 0 0 
2 3 3 2 1 3 2 2 1 3 1 3 2 1 0 3 3 4 1 3 3 2 0 2 3 4 1 3 0 1 1 2 3 3 0 3 2 0 0 1 4 0 3 0 0 4 2 0 1 4 1 2 2 4 3 2 0 2 0 1 1 0 2 3 1 2 0 0 1 2 4 2 0 0 2 0 2 3 0 2 3 1 0 0 1 1 0 3 0 0 0 4 0 3 0 3 2 3 0 2 0 0 0 0 0 1 0 0 0 0 
#TS126
2 0 3 2 0 3 3 3 4 1 2 0 1 1 1 1 3 0 4 3 1 0 3 2 3 2 3 2 2 0 4 0 3 3 2 0 4 0 4 0 3 0 1 0 0 3 2 2 3 4 2 2 0 4 3 2 2 0 0 2 0 0 2 3 1 3 0 0 2 4 4 2 3 0 2 0 3 3 2 1 2 2 4 0 0 3 0 4 0 3 2 0 0 3 0 3 2 1 0 3 0 0 0 0 0 0 0 0 0 1 
2 0 3 2 0 4 2 3 4 2 2 0 2 1 0 2 3 0 3 3 2 1 3 2 3 2 3 2 2 0 4 0 3 2 1 0 3 0 3 0 2 0 1 0 1 3 2 1 3 4 2 2 0 3 2 3 3 0 0 2 1 0 1 3 2 3 0 0 1 4 4 2 3 0 1 0 2 3 2 1 2 2 4 0 0 3 0 4 0 3 3 0 0 3 0 2 2 1 0 3 0 0 0 0 0 0 0 0 0 1 
#TS127
3 1 3 2 0 3 3 1 4 1 2 2 2 2 1 1 3 1 2 3 1 2 3 0 3 4 1 2 0 0 1 2 4 1 0 2 3 0 3 1 4 0 4 0 0 4 2 1 2 4 3 2 1 4 3 2 0 0 0 4 0 0 1 3 2 3 0 0 1 0 3 2 1 0 2 0 2 3 2 2 2 2 4 0 1 1 0 4 0 3 2 2 0 3 0 2 2 3 0 3 0 0 0 0 0 0 0 0 0 0 
2 1 2 1 0 3 3 2 4 1 2 1 1 1 0 2 3 1 1 3 1 2 2 0 3 4 1 2 0 0 1 2 3 2 0 1 3 0 3 1 4 0 4 0 0 4 2 1 4 4 2 1 1 4 3 4 0 0 0 3 0 0 1 3 1 3 0 0 1 0 4 2 1 0 1 0 1 3 2 2 2 2 4 0 1 1 0 4 0 3 3 3 0 3 0 2 2 3 0 3 0 0 0 0 0 0 0 0 0 0 
#TS128
2 2 3 2 0 3 3 2 4 2 2 2 1 1 0 2 3 3 3 3 0 0 2 2 3 3 1 2 0 0 1 2 3 2 0 2 3 0 4 2 4 0 4 0 0 4 2 1 3 3 1 2 2 4 2 2 0 0 0 3 0 0 2 3 1 3 0 0 1 0 4 2 0 0 2 0 2 3 2 1 2 1 4 0 1 2 0 4 0 2 3 3 0 3 0 3 2 2 0 3 0 0 0 0 0 0 0 0 0 0 
2 1 3 2 0 3 3 3 4 2 2 1 1 1 0 2 3 2 4 2 1 0 3 2 3 3 1 2 1 0 1 2 3 2 0 0 3 0 3 1 3 0 4 0 0 4 2 1 3 4 1 2 2 4 3 2 0 0 0 3 0 0 2 3 1 3 0 0 1 0 4 2 0 0 2 0 2 3 2 1 2 2 4 0 2 3 0 4 0 3 3 3 0 3 0 3 3 3 0 2 0 0 0 0 0 0 0 0 0 0 
#TS129
2 2 3 2 0 2 2 1 4 2 3 3 2 1 0 2 3 2 2 3 1 2 2 1 3 3 2 2 1 0 2 2 3 2 1 1 3 0 3 1 4 0 4 0 2 3 0 1 2 3 2 1 2 4 1 3 2 0 0 3 2 0 2 3 1 3 0 0 1 0 4 2 1 0 2 0 2 4 2 1 2 2 4 0 1 2 0 4 0 4 3 3 0 3 0 3 2 2 0 3 0 0 0 0 0 0 0 0 0 0 
2 1 3 2 0 3 3 3 4 1 2 1 3 1 0 3 3 2 1 3 1 1 2 1 3 3 1 2 0 0 2 2 3 1 0 1 3 0 3 0 4 0 4 0 1 4 0 1 1 2 1 2 2 4 3 3 2 0 0 3 1 0 1 3 1 3 0 0 1 0 4 2 1 0 2 0 2 3 2 2 2 2 4 0 1 1 0 3 0 3 3 3 0 3 0 3 1 3 0 2 0 0 0 0 0 0 0 0 0 0 
#TS130
2 2 2 3 4 3 2 3 2 2 2 2 2 1 0 0 3 1 3 3 0 1 0 1 3 3 1 2 0 0 3 2 3 1 0 0 3 0 2 0 4 2 2 0 0 4 2 2 3 4 2 2 0 4 3 3 1 3 0 3 0 0 0 4 2 0 0 0 1 0 4 3 3 0 2 0 2 1 2 0 3 2 4 1 1 2 0 4 1 3 3 3 0 3 0 2 2 0 0 3 1 0 0 0 0 0 0 0 0 0 
2 1 3 1 3 3 2 2 2 2 2 2 2 2 0 0 3 1 2 3 0 3 0 0 3 3 1 2 0 0 3 2 3 1 1 0 3 0 3 1 4 1 3 0 0 4 2 1 3 4 2 2 0 4 3 4 0 4 0 3 1 0 0 3 2 0 0 0 1 0 4 4 4 0 2 0 2 2 3 0 3 2 4 1 1 1 0 4 1 3 3 3 0 3 0 3 2 0 0 3 1 0 0 0 0 0 0 0 0 0 
#TS131
2 1 3 2 0 3 2 2 4 1 2 2 1 1 0 2 3 2 2 2 1 2 2 1 3 3 1 2 0 0 1 2 4 1 0 1 3 0 3 1 4 0 4 0 0 4 1 1 2 3 1 2 2 4 3 3 0 0 0 3 0 0 2 3 2 3 0 0 0 0 4 2 1 0 2 0 2 3 2 2 2 1 4 0 1 1 0 3 0 3 3 3 0 3 0 2 3 3 0 3 0 0 0 0 0 0 0 0 0 0 
2 1 3 2 0 3 2 2 4 1 2 1 1 2 0 2 3 2 2 3 1 1 2 1 3 4 2 2 0 0 1 2 3 1 0 2 3 0 3 1 4 0 4 0 0 4 1 1 3 3 1 2 2 4 3 3 0 0 0 4 0 0 2 3 1 3 0 0 1 0 3 2 1 0 2 0 3 3 2 1 2 1 4 0 1 1 0 3 0 3 3 3 0 3 0 3 3 3 0 3 0 0 0 0 0 0 0 0 0 0 
#TS132
2 1 3 2 0 3 3 3 4 1 2 0 1 1 0 2 2 2 3 3 1 0 3 2 3 3 1 2 0 0 1 2 3 1 0 0 3 0 3 1 4 0 4 0 0 4 2 1 3 4 1 2 2 4 3 2 0 0 0 2 0 0 2 3 1 3 0 0 1 0 4 2 1 0 2 0 2 3 2 1 1 1 4 0 2 4 0 4 0 3 3 2 0 3 0 2 2 3 0 3 0 0 0 0 0 0 0 0 0 0 
2 1 3 2 0 3 3 3 4 1 2 1 1 1 0 1 3 2 3 3 1 0 3 1 3 2 1 2 0 0 1 2 4 1 0 0 3 0 3 1 4 0 4 0 0 4 2 1 3 4 1 2 2 4 3 2 0 0 0 3 0 0 2 3 1 3 0 0 0 0 4 2 1 0 1 0 4 3 2 1 2 2 4 0 3 3 0 4 0 3 3 3 0 3 0 3 2 4 0 2 0 0 0 0 0 0 0 0 0 0 
#TS133
2 1 3 3 0 3 3 3 4 1 2 0 1 1 0 2 4 2 3 3 1 0 3 2 2 3 3 2 1 0 2 2 3 2 0 0 3 0 3 1 3 1 4 0 0 4 2 0 3 4 1 2 3 4 3 2 0 0 0 0 2 0 1 4 1 3 2 0 0 0 4 1 1 0 2 0 2 3 0 1 2 2 3 0 2 3 0 4 0 3 3 4 0 3 0 3 2 3 0 3 0 0 0 0 0 0 1 0 0 0 
2 1 3 2 0 3 2 3 4 1 2 0 2 1 0 2 4 2 2 2 2 1 3 2 0 4 3 3 1 0 3 2 3 2 0 0 3 0 3 1 4 2 4 0 0 4 2 0 3 4 1 2 2 4 3 2 0 0 0 0 2 0 2 3 1 3 3 0 0 0 4 1 0 0 2 0 2 4 0 1 2 2 3 0 2 3 0 4 0 2 3 3 0 4 0 3 2 3 0 3 0 0 0 0 0 0 1 0 0 0 
#TS134
2 1 3 2 4 3 2 2 2 1 2 3 3 1 0 0 4 2 1 2 0 3 0 0 2 3 1 2 0 0 3 2 3 2 0 2 3 0 3 1 4 1 3 0 0 3 2 1 3 4 3 1 0 4 3 3 0 3 0 3 0 0 0 4 3 0 0 0 2 0 4 4 3 0 2 0 2 1 2 0 3 2 4 2 0 0 0 2 0 3 3 3 0 3 0 3 2 0 0 3 0 0 0 0 0 0 0 0 0 0 
1 1 3 2 1 3 2 1 4 2 2 2 3 1 0 0 3 2 1 3 2 3 2 0 3 3 1 2 0 0 2 2 3 2 0 2 3 0 3 0 4 0 4 0 0 4 2 1 4 4 3 2 0 4 3 2 0 1 0 3 0 0 1 3 2 2 0 0 1 0 4 3 2 0 2 0 2 2 2 1 2 2 4 1 1 1 0 3 0 3 3 3 0 4 0 3 2 1 0 3 0 0 0 0 0 0 0 0 0 0 
#TS135
3 1 3 1 2 3 3 3 4 1 0 0 3 4 1 2 3 2 2 2 1 1 1 1 3 3 1 2 4 0 1 1 3 2 0 0 1 0 1 1 4 3 4 0 2 0 1 0 2 3 1 2 2 4 2 3 3 0 0 2 2 0 2 3 1 4 0 0 1 1 4 2 3 0 2 0 3 3 2 1 3 3 0 0 1 3 0 4 0 3 3 3 0 4 0 3 2 3 0 4 0 0 1 0 0 0 0 0 0 0 
4 1 3 1 2 4 2 2 4 0 0 0 3 4 1 2 3 2 2 2 1 2 1 1 3 2 1 2 4 0 1 0 3 1 0 1 1 0 1 1 4 4 4 0 3 0 0 0 1 2 1 2 2 4 2 4 4 1 0 2 2 0 2 3 1 3 0 0 1 0 3 2 2 0 2 0 3 4 2 2 4 4 0 0 1 2 0 4 0 2 3 3 0 4 0 3 2 3 0 3 0 0 1 0 0 0 0 0 0 0 
#TS136
2 1 3 2 0 3 2 3 4 2 2 0 0 1 0 1 3 2 4 3 1 0 3 3 3 3 1 1 0 0 1 1 3 0 0 0 2 2 3 1 4 0 4 0 0 4 2 2 3 4 0 2 3 3 3 0 0 0 1 3 0 0 4 3 1 3 0 0 2 0 4 2 0 0 2 0 3 1 2 0 2 2 4 0 2 3 3 4 2 3 3 3 0 1 1 2 2 3 0 2 0 0 0 0 0 0 0 0 0 0 
2 1 3 2 0 3 2 3 4 1 2 0 0 1 1 2 2 2 4 3 1 0 3 2 3 2 1 2 0 0 0 2 3 1 0 0 3 2 3 1 4 0 4 0 0 3 2 1 3 4 1 2 2 4 4 0 0 0 0 3 0 0 4 3 1 3 0 0 1 0 3 2 1 0 2 0 2 3 2 0 2 2 4 0 3 4 2 4 1 3 3 3 0 2 0 3 2 3 0 3 0 0 0 0 0 0 0 0 0 0 
#TS137
2 1 3 2 0 3 2 3 4 1 2 0 0 1 1 2 2 2 4 3 1 0 3 2 3 2 1 2 0 0 0 2 3 1 0 0 3 2 3 1 4 0 4 0 0 3 2 1 3 4 1 2 2 4 4 0 0 0 0 3 0 0 4 3 1 3 0 0 1 0 3 2 1 0 2 0 2 3 2 0 2 2 4 0 3 4 2 4 1 3 3 3 0 2 0 3 2 3 0 3 0 0 0 0 0 0 0 0 0 0 
2 1 3 2 0 3 3 3 4 1 2 0 1 1 0 1 3 2 4 3 1 0 2 2 3 3 1 2 0 0 0 2 3 1 0 0 2 2 2 1 4 0 4 0 0 4 2 1 2 4 1 2 2 4 3 0 0 0 0 3 0 0 3 3 2 4 0 0 1 0 4 2 1 0 2 0 2 2 2 0 2 1 4 0 2 4 0 4 1 3 2 2 0 2 0 3 1 3 0 2 0 0 0 0 0 0 0 0 0 0 
#TS138
2 2 3 1 0 3 3 1 4 1 1 0 2 2 1 2 3 1 1 3 1 1 2 2 3 3 1 2 0 0 1 2 3 1 0 2 3 0 3 1 4 0 4 0 0 4 2 1 3 4 3 1 2 4 3 3 1 0 0 3 0 0 2 3 1 3 0 0 2 0 4 2 1 0 1 0 2 3 2 2 2 1 4 0 1 1 0 3 0 3 3 3 0 4 0 3 2 2 0 3 0 0 0 0 0 0 0 0 0 0 
2 2 3 1 0 3 3 3 4 1 2 0 1 1 0 2 3 1 1 3 1 2 3 2 3 3 2 1 0 0 1 2 4 1 0 1 4 0 3 1 3 0 4 0 0 4 1 1 3 4 2 0 2 4 3 3 0 0 0 3 0 0 2 3 1 3 0 0 1 0 4 2 1 0 1 0 3 4 2 2 2 1 4 0 1 1 0 4 0 3 3 3 0 3 0 2 3 3 0 3 0 0 0 0 0 0 0 0 0 0 
#TS139
2 1 3 2 0 3 3 3 4 1 2 0 1 1 0 2 3 2 3 3 1 0 3 2 3 3 1 2 0 0 1 2 3 1 0 0 3 0 3 1 4 0 4 0 0 4 2 1 3 4 1 2 2 4 3 2 0 0 0 3 0 0 2 3 1 3 0 0 1 0 4 2 1 0 2 0 2 3 2 1 2 2 4 0 2 3 0 4 0 3 3 3 0 3 0 3 2 3 0 3 0 0 0 0 0 0 0 1 0 0 
2 2 3 3 1 3 3 3 4 0 2 0 1 2 0 2 3 2 3 3 1 0 2 2 3 3 1 2 0 0 3 4 3 3 0 1 3 0 3 1 3 2 4 0 0 4 2 1 3 4 1 2 2 4 3 3 2 0 0 1 0 0 2 3 2 3 3 0 1 0 4 3 1 0 2 0 3 3 1 1 2 3 4 1 3 3 2 4 0 4 3 3 0 3 0 3 2 1 0 3 0 0 0 0 0 0 0 1 0 0 
#TS140
2 1 3 2 0 3 3 3 4 1 2 0 1 1 0 2 3 2 3 3 1 0 3 2 3 3 1 2 0 0 1 2 3 1 0 0 3 0 3 1 4 0 4 0 0 4 2 1 3 4 1 2 2 4 3 2 0 0 0 3 0 0 2 3 1 3 0 0 1 0 4 2 1 0 2 0 2 3 2 1 2 2 4 0 2 3 0 4 0 3 3 3 0 3 0 3 2 3 0 3 0 0 0 0 0 0 0 0 0 0 
2 1 3 2 0 3 3 3 4 1 2 0 1 1 0 2 3 2 3 3 1 0 3 2 3 3 1 2 0 0 1 2 3 1 0 0 3 0 3 1 4 0 4 0 0 4 2 1 3 4 1 2 2 4 3 2 0 0 0 3 0 0 2 3 1 3 0 0 1 0 4 2 1 0 2 0 2 3 2 1 2 2 4 0 2 3 0 4 0 3 3 3 0 3 0 3 2 3 0 3 0 0 0 0 0 0 0 0 0 0 
#TS141
2 2 3 1 0 4 2 2 2 2 0 2 4 1 0 2 3 4 1 1 3 3 0 4 3 4 1 2 0 1 1 3 3 3 0 3 2 0 0 1 3 0 3 0 0 4 2 0 1 4 1 2 2 4 3 3 0 2 0 1 1 0 1 3 1 2 0 0 1 2 3 2 0 0 2 0 2 4 0 2 3 1 0 1 1 1 0 3 0 0 0 3 0 3 0 3 2 4 0 3 0 0 0 0 0 1 0 0 0 0 
2 3 3 1 1 3 3 2 2 2 0 4 3 1 0 2 3 3 1 2 3 2 1 3 3 3 2 2 0 1 1 4 3 3 0 4 2 0 0 0 4 0 3 0 0 4 2 0 1 4 1 2 2 4 3 3 0 2 0 1 1 0 2 4 1 2 0 0 1 2 4 2 0 0 1 0 2 3 0 2 3 1 0 0 1 1 0 3 0 0 0 3 0 3 0 3 2 3 0 3 0 0 0 0 0 1 0 0 0 0 
#TS142
2 0 3 2 1 3 2 3 4 1 2 0 1 0 1 1 2 2 3 3 1 0 2 2 3 3 1 2 0 0 0 2 3 0 0 0 2 0 3 1 4 0 4 0 0 4 1 1 2 4 0 2 3 2 3 1 0 0 0 3 0 0 2 2 1 3 0 0 2 0 4 2 1 0 2 0 3 3 3 1 2 2 4 0 3 3 3 3 0 3 3 3 1 2 0 2 4 3 0 3 0 0 0 0 0 0 0 0 0 0 
2 1 3 2 0 3 3 3 4 1 2 0 1 0 0 2 3 2 3 3 1 0 3 2 3 2 1 2 0 0 1 2 3 1 0 0 3 1 3 0 3 0 4 0 0 4 2 1 3 4 0 2 2 3 3 0 0 0 0 3 0 0 2 3 1 3 0 0 2 0 4 2 1 0 2 0 2 3 3 0 2 2 4 0 3 3 4 4 0 3 3 3 1 2 0 3 2 3 0 3 0 0 0 0 0 0 0 0 0 0 
#TS143
2 0 3 2 1 3 1 3 4 0 2 0 0 1 1 2 0 1 3 3 0 0 3 2 2 2 0 2 0 0 0 2 3 1 0 0 1 2 3 1 4 0 4 0 0 4 2 2 3 4 0 2 2 4 3 1 0 0 0 3 0 0 3 1 0 3 0 0 2 0 3 1 1 0 1 0 2 2 3 0 1 1 4 0 2 3 4 4 1 3 3 3 1 1 0 2 4 3 0 2 0 0 0 0 0 0 0 0 0 0 
2 0 3 2 1 3 0 3 4 1 2 0 0 1 1 2 1 0 3 4 1 0 3 4 2 1 0 3 0 0 0 2 2 1 0 0 1 2 3 1 3 0 4 0 0 4 2 2 4 4 0 2 2 2 3 0 0 0 0 3 0 0 4 0 1 4 0 0 2 0 3 1 1 0 2 0 2 2 3 0 2 1 4 0 3 3 4 4 4 3 3 3 2 0 2 2 2 4 0 3 0 0 0 0 0 0 0 0 0 0 
#TS144
1 2 2 0 2 3 4 0 4 1 2 0 1 1 0 2 4 3 3 2 0 0 3 3 3 3 1 2 0 0 3 2 3 1 0 0 2 0 2 0 4 0 0 0 1 2 2 1 2 3 4 1 2 4 3 2 0 0 0 1 0 3 1 3 1 1 0 0 1 3 3 1 1 0 2 0 1 4 2 3 3 1 0 0 2 0 0 4 0 3 0 4 0 3 0 3 1 3 0 3 0 0 0 0 0 0 0 0 1 0 
0 1 1 1 1 3 3 0 4 1 2 0 0 1 0 2 3 2 2 3 0 0 4 2 3 3 1 2 0 0 3 2 3 1 0 0 1 0 1 0 4 0 0 0 1 2 1 1 2 3 4 1 2 4 2 2 0 0 0 2 0 3 1 3 0 1 0 0 0 3 4 1 1 0 2 0 1 3 2 3 3 1 0 0 2 0 0 4 0 3 0 3 0 3 0 3 2 3 0 3 0 0 0 0 0 0 0 0 1 0 
#TS145
2 1 3 2 0 3 3 3 4 1 2 0 1 1 0 2 3 2 3 3 1 0 3 2 3 3 1 2 0 0 1 2 3 1 0 0 3 0 3 1 4 0 4 0 0 4 2 1 3 4 1 2 2 4 3 2 0 0 0 3 0 0 2 3 1 3 0 0 1 0 4 2 1 0 2 0 2 3 2 1 2 2 4 0 2 3 0 4 0 3 3 3 0 3 0 3 2 3 0 3 0 0 0 0 0 0 1 0 0 0 
2 1 3 3 0 3 3 3 4 1 2 0 1 1 0 2 4 2 3 3 1 0 3 2 2 3 3 2 1 0 2 2 3 2 0 0 3 0 3 1 3 1 4 0 0 4 2 0 3 4 1 2 3 4 3 2 0 0 0 0 2 0 1 4 1 3 2 0 0 0 4 1 1 0 2 0 2 3 0 1 2 2 3 0 2 3 0 4 0 3 3 4 0 3 0 3 2 3 0 3 0 0 0 0 0 0 1 0 0 0 
#TS146
2 1 3 2 0 3 3 3 4 2 2 0 1 1 0 2 3 2 3 3 1 0 2 2 3 3 2 2 0 0 1 1 3 2 0 0 3 0 3 1 3 0 4 0 0 3 2 2 3 4 1 2 2 4 4 2 0 0 0 3 0 0 2 3 1 3 0 1 1 0 4 2 1 0 2 0 3 3 2 1 2 1 4 0 1 3 0 3 0 3 3 3 0 3 0 2 2 3 0 3 0 0 0 0 0 0 0 0 0 0 
2 1 3 2 0 3 2 2 4 1 2 0 1 1 0 2 3 2 3 3 1 0 3 2 3 4 1 2 0 0 1 2 3 1 0 0 3 0 3 1 3 0 4 0 0 4 2 2 3 4 1 4 2 4 3 3 0 0 0 3 0 0 1 3 1 3 0 0 1 0 4 2 1 0 2 0 2 3 2 1 2 2 4 0 2 3 0 4 0 3 3 2 0 3 0 2 3 3 0 3 0 0 0 0 0 0 0 0 0 0 
#TS147
2 1 3 2 0 3 4 1 0 1 2 0 1 1 1 0 2 2 3 3 1 0 0 2 3 3 2 1 1 0 1 2 3 3 0 0 3 0 3 1 0 0 4 0 0 4 2 0 3 2 2 2 2 4 3 2 0 0 0 3 0 0 2 3 2 3 0 0 1 0 4 2 1 0 2 2 2 3 2 2 2 2 4 0 1 3 0 4 0 3 3 3 0 3 0 3 2 3 0 3 0 0 0 0 1 0 0 0 0 0 
2 1 3 2 0 3 3 1 0 1 2 2 1 1 1 0 3 2 3 3 1 0 0 2 3 3 3 2 1 0 2 3 3 4 0 0 2 0 3 1 0 1 4 0 0 4 2 0 3 2 3 2 1 4 3 2 0 0 0 3 0 0 2 3 1 3 0 0 2 0 4 2 1 0 2 4 2 4 2 2 2 2 4 0 1 3 0 4 0 3 3 4 0 3 0 3 2 4 0 3 0 0 0 0 1 0 0 0 0 0 
#TS148
2 1 3 2 0 3 2 1 4 0 2 1 4 1 0 3 3 3 0 2 4 2 2 2 1 2 4 2 1 0 3 1 3 2 0 2 3 0 3 1 4 3 4 0 2 3 0 0 1 2 1 2 3 4 3 3 2 0 0 0 4 0 2 3 1 3 3 0 0 0 4 2 0 0 2 0 2 3 0 2 2 2 4 0 1 1 0 3 0 0 3 4 0 3 0 3 2 3 0 3 0 0 0 0 0 0 0 0 0 0 
2 1 3 2 0 3 2 1 4 1 3 1 3 1 0 4 3 4 1 2 3 2 2 2 3 3 3 2 2 0 3 2 3 3 1 2 3 0 3 1 4 1 4 0 2 4 0 0 1 2 1 2 3 4 3 4 2 0 0 2 2 0 1 3 1 4 0 0 0 0 4 2 0 0 2 0 3 3 2 2 2 1 4 0 1 1 0 4 0 1 3 3 0 3 0 3 1 4 0 3 0 0 0 0 0 0 0 0 0 0 
#TS149
2 1 3 2 0 3 3 2 4 1 2 1 1 1 0 2 3 1 2 3 1 1 3 1 3 3 2 2 1 0 2 2 3 2 2 1 3 0 3 1 4 0 4 0 1 3 0 0 2 3 3 2 2 4 2 4 1 0 0 3 1 0 2 4 1 3 0 0 1 0 4 2 1 0 2 0 3 3 2 2 2 2 4 0 1 1 0 3 0 3 2 3 0 3 0 4 1 2 0 3 0 0 0 0 0 0 0 0 0 0 
2 1 3 2 0 3 3 2 4 1 2 0 1 1 0 3 3 1 1 3 1 1 3 2 3 4 1 2 1 0 2 2 3 3 1 1 3 0 3 1 3 0 4 0 1 4 0 0 2 3 2 2 2 4 3 3 1 0 0 3 1 0 2 3 1 3 0 0 1 0 4 2 1 0 1 0 2 3 2 2 2 2 4 0 1 1 0 3 0 3 3 3 0 3 0 3 2 3 0 3 0 0 0 0 0 0 0 0 0 0 
#TS150
2 3 3 2 2 3 2 1 4 0 2 2 4 3 0 1 3 1 1 2 3 2 2 2 3 3 1 2 1 0 3 2 3 3 0 3 3 0 3 0 4 4 4 0 1 3 2 1 2 3 3 1 0 3 3 3 2 0 0 0 0 0 2 3 3 3 4 0 1 0 4 4 1 0 2 0 2 4 0 2 2 2 4 2 1 1 0 2 0 0 3 3 0 3 0 3 1 0 0 2 0 0 0 0 0 0 0 1 0 0 
2 3 3 2 2 3 2 2 4 0 2 1 4 3 0 1 3 0 1 2 3 3 2 2 3 3 1 2 1 0 4 3 3 3 0 3 3 0 3 1 3 3 4 0 0 4 2 1 3 3 3 2 1 4 2 2 2 0 0 0 0 0 1 3 3 3 4 0 1 0 4 4 1 0 2 0 4 4 0 1 3 2 3 2 1 1 0 4 0 0 2 3 0 3 0 3 2 0 0 3 0 0 0 0 0 0 0 1 0 0 
#TS151
2 1 3 2 0 3 2 3 4 1 2 2 1 3 1 2 3 3 3 3 2 4 3 2 3 2 1 2 1 3 0 2 4 2 0 2 3 0 3 0 4 0 4 0 1 4 0 1 3 3 1 2 2 4 0 3 2 0 0 3 0 0 2 3 1 3 0 0 1 0 4 1 0 0 2 0 2 4 0 1 3 2 4 3 1 1 0 2 0 3 2 3 0 3 0 3 2 0 0 3 0 0 0 1 0 0 0 0 0 0 
2 1 3 2 0 3 2 3 4 1 2 2 1 4 2 1 3 2 2 3 3 4 3 2 3 3 1 2 1 4 1 2 3 2 0 2 4 0 3 0 4 0 4 0 0 4 1 1 3 3 1 2 1 4 0 4 3 0 0 3 0 0 1 3 0 3 0 0 1 0 4 0 0 0 2 0 2 3 0 1 2 2 4 4 1 0 0 0 0 3 1 3 0 3 0 2 2 0 0 3 0 0 0 1 0 0 0 0 0 0 
#TS152
3 1 3 1 1 3 2 2 4 1 2 0 2 3 0 4 3 3 2 3 1 2 2 2 3 2 1 2 1 0 2 2 3 1 0 1 2 0 1 2 4 2 4 0 3 2 0 0 0 2 1 2 2 4 3 3 2 2 0 2 3 0 2 3 1 3 0 0 1 0 3 2 1 0 2 0 2 2 2 1 2 2 4 0 1 2 0 3 0 3 3 3 0 3 0 3 2 2 0 3 0 0 0 0 0 0 0 0 0 0 
2 0 3 2 0 3 2 2 4 1 2 1 3 2 0 2 3 3 2 3 1 2 3 1 3 2 1 2 1 0 2 2 4 1 0 1 3 0 3 2 4 2 4 0 3 4 0 0 1 2 1 2 1 4 3 4 2 1 0 2 1 0 1 3 1 3 0 0 1 0 4 2 1 0 2 0 3 3 2 2 2 2 4 0 1 2 0 4 0 3 3 3 0 3 0 3 2 3 0 3 0 0 0 0 0 0 0 0 0 0 
#TS153
2 2 2 3 0 3 3 2 4 3 4 3 3 1 0 2 3 2 1 3 2 1 2 2 4 3 1 2 2 0 3 2 3 3 3 1 3 0 3 1 3 0 4 0 2 4 0 0 1 2 3 2 2 4 1 3 3 1 0 3 2 0 2 3 1 2 0 0 1 0 4 2 1 0 2 0 1 4 2 4 3 2 4 0 1 1 0 3 0 3 3 3 0 3 0 4 2 3 0 3 0 0 0 0 0 0 0 0 0 0 
2 2 3 2 0 2 2 1 4 2 3 3 2 1 0 2 3 2 2 3 1 2 2 1 3 3 2 2 1 0 2 2 3 2 1 1 3 0 3 1 4 0 4 0 2 3 0 1 2 3 2 1 2 4 1 3 2 0 0 3 2 0 2 3 1 3 0 0 1 0 4 2 1 0 2 0 2 4 2 1 2 2 4 0 1 2 0 4 0 4 3 3 0 3 0 3 2 2 0 3 0 0 0 0 0 0 0 0 0 0 
#TS154
2 1 3 2 0 3 3 2 4 0 2 0 3 1 0 3 3 2 0 2 4 2 2 2 0 3 3 2 2 0 4 2 3 2 0 1 3 0 4 1 4 2 4 0 1 4 1 0 2 3 1 2 3 4 2 4 2 0 0 0 3 0 2 3 1 3 3 0 0 0 4 2 0 0 2 0 3 3 0 1 2 2 3 0 1 1 0 4 0 0 3 4 0 3 0 2 2 3 0 3 0 0 0 0 0 0 1 0 0 0 
2 1 3 2 0 3 2 3 4 0 2 0 3 1 0 4 3 3 0 1 4 2 2 3 1 3 3 2 2 0 3 2 3 3 0 2 3 0 3 1 4 3 4 0 2 4 0 0 1 3 1 2 3 4 3 3 2 0 0 0 4 0 2 3 1 3 3 0 0 0 4 2 0 0 2 0 1 3 0 1 2 1 3 0 1 2 0 4 0 0 3 3 0 3 0 3 2 3 0 3 0 0 0 0 0 0 1 0 0 0 
#TS155
2 0 3 1 0 3 2 3 4 1 2 0 0 1 1 2 2 1 3 3 0 0 3 3 2 2 1 2 0 0 1 2 3 0 0 0 2 1 4 1 4 0 4 0 0 4 4 2 3 4 0 2 2 0 4 2 0 0 0 3 0 0 2 3 0 3 0 2 1 0 2 0 1 0 0 0 2 2 2 1 0 0 4 0 3 4 3 4 0 3 3 3 0 3 0 2 2 3 0 2 0 0 0 0 0 0 0 0 0 0 
2 0 2 1 0 3 2 3 4 1 2 0 0 1 2 3 1 1 3 3 0 0 3 3 3 2 1 2 0 0 1 2 3 1 0 0 2 2 3 1 4 0 4 0 0 4 3 2 3 4 0 2 2 3 3 2 0 0 0 3 0 0 2 2 0 3 0 2 1 0 2 0 1 0 0 0 2 3 2 1 0 0 4 0 3 3 4 4 0 2 3 3 0 2 0 3 2 3 0 3 0 0 0 0 0 0 0 0 0 0 
#TS156
2 1 3 3 0 3 3 0 0 2 3 4 2 1 2 0 4 2 2 3 2 1 0 2 4 4 3 2 2 0 2 2 3 4 4 1 3 0 4 1 0 1 4 0 2 4 0 0 2 0 2 2 2 4 1 3 2 0 0 3 1 0 1 4 3 3 0 0 1 0 4 2 1 0 2 4 2 3 2 4 2 2 4 0 0 1 0 3 0 3 3 3 0 4 0 3 2 3 0 3 0 0 0 0 0 0 0 0 0 0 
2 2 2 3 0 3 3 2 4 3 4 3 3 1 0 2 3 2 1 3 2 1 2 2 4 3 1 2 2 0 3 2 3 3 3 1 3 0 3 1 3 0 4 0 2 4 0 0 1 2 3 2 2 4 1 3 3 1 0 3 2 0 2 3 1 2 0 0 1 0 4 2 1 0 2 0 1 4 2 4 3 2 4 0 1 1 0 3 0 3 3 3 0 3 0 4 2 3 0 3 0 0 0 0 0 0 0 0 0 0 
#TS157
2 1 3 2 0 4 2 3 4 1 2 0 1 1 0 2 3 2 4 3 1 0 3 2 3 3 2 2 0 0 1 3 3 1 0 0 3 0 3 1 4 0 4 0 0 4 2 1 2 4 1 2 2 4 3 2 0 0 0 3 0 0 2 3 1 3 0 0 0 0 4 2 1 0 2 0 2 3 2 1 2 1 4 0 2 3 0 4 0 3 3 3 0 3 0 3 2 3 0 3 0 0 0 0 0 0 0 0 0 0 
2 1 3 2 0 3 3 3 4 1 2 0 1 1 0 2 2 2 3 3 1 0 3 2 3 3 1 2 0 0 1 2 3 1 0 0 3 0 3 1 4 0 4 0 0 4 2 1 3 4 1 2 2 4 3 2 0 0 0 2 0 0 2 3 1 3 0 0 1 0 4 2 1 0 2 0 2 3 2 1 1 1 4 0 2 4 0 4 0 3 3 2 0 3 0 2 2 3 0 3 0 0 0 0 0 0 0 0 0 0 
#TS158
2 1 3 2 0 3 3 3 4 1 2 0 1 1 0 1 3 2 3 3 1 0 3 1 3 3 1 2 0 0 0 1 3 1 0 0 3 0 3 1 4 0 4 0 0 4 2 1 2 4 1 2 2 4 3 2 0 0 0 3 0 0 1 3 1 3 0 0 1 0 4 2 1 0 1 0 2 3 2 1 2 2 4 0 2 3 0 4 0 3 3 3 0 3 0 3 2 3 0 3 0 0 0 0 0 0 0 0 0 0 
1 1 3 2 0 3 2 3 4 1 2 0 1 1 0 1 3 1 3 3 1 1 3 2 3 3 1 2 0 0 1 2 3 2 0 0 3 0 3 1 4 0 4 0 0 4 2 1 3 4 2 2 2 4 3 3 0 0 0 4 0 0 2 3 1 3 0 0 2 0 3 2 1 0 2 0 2 3 2 1 2 1 4 0 1 3 0 4 0 3 3 3 0 3 0 2 3 2 0 3 0 0 0 0 0 0 0 0 0 0 
#TS159
4 1 3 1 2 3 2 1 4 1 0 0 2 3 1 2 3 4 2 3 1 1 1 1 3 3 1 2 4 0 1 0 4 1 0 1 1 0 0 2 4 4 4 0 4 0 0 0 0 2 1 2 2 4 1 3 4 2 0 1 3 0 2 3 1 3 0 0 1 0 4 2 3 0 2 0 2 3 2 1 3 4 0 0 1 2 0 4 0 3 3 3 0 4 0 3 2 2 0 3 0 0 1 0 0 0 0 0 0 0 
3 1 3 1 3 3 2 2 4 1 0 0 3 3 1 3 3 3 2 3 1 2 1 2 3 3 1 2 3 0 2 1 3 1 0 2 1 0 0 3 4 3 4 0 4 0 0 0 0 3 1 2 2 4 1 3 4 2 0 1 2 0 1 3 1 4 0 0 1 0 4 2 4 0 2 0 2 3 2 2 4 3 0 0 1 2 0 3 0 3 3 3 0 3 0 3 2 3 0 2 0 0 0 0 0 0 0 0 0 0 
#TS160
2 1 3 2 0 3 3 3 4 1 2 1 1 1 0 2 3 2 3 3 1 1 3 1 3 3 1 2 0 0 1 2 3 1 0 1 3 0 4 1 3 0 4 0 0 4 2 1 3 4 1 2 1 4 3 2 0 0 0 3 0 0 2 3 1 3 0 0 1 0 4 2 1 0 2 0 2 3 2 2 2 2 4 0 1 2 0 4 0 4 3 3 0 3 0 3 2 3 0 3 0 0 0 0 0 0 0 0 0 0 
2 1 3 2 0 3 3 3 4 1 2 0 1 1 0 2 3 1 3 3 1 0 3 2 3 3 2 2 0 0 1 2 3 1 0 0 3 0 3 1 3 0 4 0 0 3 2 2 3 4 1 2 2 4 3 2 0 0 0 3 0 0 2 3 1 2 0 0 1 0 3 2 0 0 2 0 2 3 2 1 2 1 4 0 1 2 0 4 0 3 3 3 0 3 0 2 2 4 0 3 0 0 0 0 0 0 0 0 0 0 
#TS161
2 1 3 3 0 3 3 1 4 1 2 1 2 1 0 2 3 2 1 3 1 1 2 1 3 3 1 2 1 0 2 2 3 1 0 2 3 0 3 0 4 0 4 0 1 4 0 1 1 3 1 2 2 4 3 3 1 0 0 3 1 0 2 3 2 3 0 0 1 0 4 2 0 0 2 0 2 3 2 2 2 2 4 0 1 1 0 3 0 3 3 3 0 3 0 3 2 3 0 3 0 0 0 0 0 0 0 0 0 0 
2 1 3 2 0 3 3 2 4 1 2 1 2 2 1 2 3 3 2 3 1 2 2 1 3 2 1 2 0 0 1 2 3 1 0 2 3 0 3 1 4 0 4 0 0 4 0 1 2 3 1 2 2 4 3 3 1 0 0 3 0 0 2 3 1 3 0 0 1 0 4 2 1 0 2 0 2 4 2 2 2 2 4 0 1 2 0 4 0 3 3 3 0 3 0 3 2 3 0 3 0 0 0 0 0 0 0 0 0 0 
#TS162
2 2 2 2 0 3 3 0 0 3 4 4 2 2 2 0 3 2 2 3 3 1 0 2 3 3 4 2 3 0 2 2 3 3 4 1 3 0 3 1 0 1 4 0 2 4 0 0 2 0 3 2 2 4 0 3 3 1 0 3 2 0 2 3 1 3 0 0 1 0 4 2 1 0 2 4 2 3 2 3 2 2 4 0 1 2 0 4 0 2 3 3 0 3 0 3 2 3 0 2 0 0 0 0 1 0 0 0 0 0 
1 2 3 2 0 3 3 0 0 2 3 4 2 2 1 0 3 2 2 4 2 2 0 2 3 3 4 2 3 0 2 2 3 4 3 1 3 0 3 1 0 1 4 0 2 4 0 0 2 0 3 2 2 4 0 3 2 1 0 3 2 0 2 4 3 3 0 0 1 0 4 2 1 0 2 3 2 3 2 4 2 1 4 0 0 2 0 4 0 3 3 3 0 4 0 3 2 3 0 3 0 0 0 0 1 0 0 0 0 0 
#TS163
2 1 3 2 0 3 3 2 4 2 2 0 1 1 0 2 3 2 3 2 1 1 3 2 4 2 1 2 1 0 1 2 4 1 0 1 3 0 3 1 4 1 4 0 3 3 0 0 1 2 1 2 2 4 3 4 2 0 0 3 1 0 2 3 1 3 0 0 1 0 4 2 1 0 2 0 2 3 2 2 2 2 4 0 2 2 0 4 0 3 3 4 0 3 0 3 2 3 0 3 0 0 0 0 0 0 0 0 0 0 
2 1 3 2 0 4 3 2 4 1 2 0 1 1 0 2 3 2 3 2 1 0 3 2 3 3 1 2 0 0 1 2 3 1 0 1 3 0 3 1 3 0 4 0 0 4 0 0 1 2 1 2 2 4 3 2 1 0 0 3 0 0 2 3 1 3 0 0 1 0 4 2 1 0 1 0 2 2 2 1 1 1 4 0 1 3 0 4 0 2 3 3 0 3 0 3 2 4 0 3 0 0 0 0 0 0 0 0 0 0 
#TS164
2 1 3 3 0 3 3 3 4 2 2 0 1 1 0 2 3 2 3 3 1 0 3 2 3 4 1 3 0 0 1 2 3 1 0 0 3 0 3 0 3 0 4 0 0 4 2 1 3 4 1 2 2 4 3 2 0 0 0 3 0 0 2 3 1 4 0 0 1 0 3 2 1 0 2 0 2 3 2 1 2 2 4 0 2 3 0 4 0 3 3 3 0 3 0 3 2 3 0 3 0 0 0 0 0 0 0 0 0 0 
2 1 3 2 0 3 3 3 4 2 2 0 1 2 0 1 3 2 3 3 1 0 3 2 3 3 1 2 0 0 1 2 3 1 0 0 3 0 3 0 4 0 4 0 0 4 2 1 3 4 1 2 2 4 3 2 0 0 0 3 0 0 2 3 1 3 0 0 1 0 3 2 1 0 1 0 2 3 2 1 2 2 4 0 2 3 0 4 0 3 3 3 0 3 0 3 1 3 0 3 0 0 0 0 0 0 0 0 0 0 
#TS165
2 2 3 2 1 3 3 1 4 1 2 1 3 2 0 1 3 1 1 3 2 2 2 2 3 3 1 2 0 0 2 2 3 2 0 3 3 0 3 1 4 1 4 0 0 4 1 1 3 3 3 1 0 4 2 3 1 0 0 3 0 0 2 3 2 3 1 0 3 0 4 3 1 0 2 0 2 3 2 2 2 2 4 1 1 0 0 2 0 1 3 3 0 3 0 3 1 2 0 3 0 0 0 0 0 0 0 0 0 0 
2 2 3 2 0 3 2 1 4 1 2 0 3 2 1 2 3 1 0 3 2 2 2 2 3 3 1 2 0 0 1 2 3 1 0 2 3 0 3 1 4 1 4 0 0 4 2 1 3 3 3 0 1 4 2 3 1 0 0 3 0 0 2 4 1 2 0 0 3 0 4 2 1 0 2 0 2 3 2 1 2 2 4 0 1 1 0 1 0 2 3 3 0 3 0 3 2 3 0 3 0 0 0 0 0 0 0 0 0 0 
#TS166
2 1 2 2 0 3 3 3 4 1 2 0 1 1 0 2 3 1 3 3 1 0 3 2 3 3 1 2 0 0 1 1 3 1 0 0 2 0 3 1 4 0 4 0 0 4 2 1 3 4 1 2 2 4 3 2 0 0 0 3 0 0 1 3 1 3 0 0 1 0 4 2 1 0 2 0 2 3 2 1 2 1 4 0 2 3 0 4 0 3 3 3 0 3 0 3 2 2 0 3 0 0 0 0 0 0 0 0 0 0 
2 1 2 2 0 3 3 3 4 1 2 0 1 1 0 2 3 1 3 3 1 0 3 2 3 3 1 2 0 0 1 1 3 1 0 0 2 0 3 1 4 0 4 0 0 4 2 1 3 4 1 2 2 4 3 2 0 0 0 3 0 0 1 3 1 3 0 0 1 0 4 2 1 0 2 0 2 3 2 1 2 1 4 0 2 3 0 4 0 3 3 3 0 3 0 3 2 2 0 3 0 0 0 0 0 0 0 0 0 0 
#TS167
2 2 3 2 0 3 3 1 4 2 2 1 1 1 0 4 3 2 2 2 1 2 3 1 3 3 1 3 0 0 1 2 3 1 0 2 3 0 3 1 4 0 4 0 1 4 0 0 2 2 1 2 2 4 3 3 1 0 0 3 1 0 2 3 1 3 0 0 1 0 4 2 1 0 2 0 2 3 3 2 2 2 4 0 1 1 0 4 0 3 3 3 0 3 0 2 2 3 0 3 0 0 0 0 0 0 0 0 0 0 
2 1 3 2 0 3 2 2 4 1 2 2 1 1 0 2 3 2 2 2 1 2 2 1 3 3 1 2 0 0 1 2 4 1 0 1 3 0 3 1 4 0 4 0 0 4 1 1 2 3 1 2 2 4 3 3 0 0 0 3 0 0 2 3 2 3 0 0 0 0 4 2 1 0 2 0 2 3 2 2 2 1 4 0 1 1 0 3 0 3 3 3 0 3 0 2 3 3 0 3 0 0 0 0 0 0 0 0 0 0 
#TS168
1 2 0 2 2 1 3 0 4 1 2 0 0 0 1 2 2 3 2 3 0 0 4 3 3 4 1 3 0 0 2 1 3 1 0 0 1 0 0 0 4 0 0 0 1 3 1 0 2 3 4 1 2 4 2 1 0 0 0 2 0 3 0 3 0 0 0 0 1 4 3 0 1 0 1 0 1 3 2 4 3 1 0 0 3 0 3 4 0 3 0 3 0 4 0 2 2 3 0 3 0 0 0 0 0 0 0 0 1 0 
1 1 0 2 2 1 3 0 4 1 2 0 0 1 1 2 2 3 2 2 0 0 3 3 3 3 1 3 0 0 2 2 3 1 0 0 2 0 0 0 3 0 0 0 1 3 2 0 2 4 4 0 1 4 3 1 0 0 0 2 0 4 0 2 0 1 0 0 1 4 3 0 1 0 2 0 1 4 2 2 3 1 0 0 2 0 4 4 0 3 0 3 0 3 0 3 2 3 0 3 0 0 0 0 0 0 0 0 0 0 
#TS169
2 0 3 2 0 4 2 3 4 2 2 0 2 1 0 2 3 0 3 3 2 1 3 2 3 2 3 2 2 0 4 0 3 2 1 0 3 0 3 0 2 0 1 0 1 3 2 1 3 4 2 2 0 3 2 3 3 0 0 2 1 0 1 3 2 3 0 0 1 4 4 2 3 0 1 0 2 3 2 1 2 2 4 0 0 3 0 4 0 3 3 0 0 3 0 2 2 1 0 3 0 0 0 0 0 0 0 0 0 1 
2 1 3 3 0 3 3 2 4 1 2 1 3 1 0 2 3 0 3 3 3 1 3 0 4 2 3 3 3 0 3 1 3 3 3 0 3 0 2 0 3 0 1 0 1 3 1 1 3 3 2 2 0 4 2 3 3 0 0 2 1 0 1 3 2 2 0 0 2 3 4 2 3 0 2 0 2 3 3 1 1 2 4 0 0 3 0 4 0 3 1 0 0 3 0 3 2 1 0 3 0 0 0 0 0 0 0 0 0 1 
#TS170
2 1 3 2 0 3 2 2 4 1 2 1 1 2 0 2 3 2 2 3 1 1 2 1 3 4 2 2 0 0 1 2 3 1 0 2 3 0 3 1 4 0 4 0 0 4 1 1 3 3 1 2 2 4 3 3 0 0 0 4 0 0 2 3 1 3 0 0 1 0 3 2 1 0 2 0 3 3 2 1 2 1 4 0 1 1 0 3 0 3 3 3 0 3 0 3 3 3 0 3 0 0 0 0 0 0 0 0 0 0 
2 1 3 2 0 3 3 2 4 1 2 1 1 1 0 2 3 2 3 3 1 1 3 1 3 3 2 2 0 0 1 2 3 1 0 0 3 0 3 1 4 0 4 0 0 4 1 1 2 4 1 2 2 4 3 3 0 0 0 3 0 0 2 3 1 3 0 0 1 0 4 2 2 0 2 0 3 3 2 2 2 1 4 0 1 2 0 4 0 3 3 3 0 3 0 3 1 4 0 3 0 0 0 0 0 0 0 0 0 0 
#TS171
2 1 3 2 0 3 3 4 4 1 3 1 0 1 0 2 4 2 3 3 1 0 3 2 3 3 1 2 0 0 1 2 3 1 0 0 3 1 3 1 3 0 4 0 0 4 2 1 4 4 1 2 2 4 3 1 0 0 0 3 0 0 3 3 1 4 0 0 1 0 4 2 1 0 2 0 2 3 2 0 2 2 4 0 3 3 1 4 0 3 3 3 0 3 0 3 2 3 0 3 0 0 0 0 0 0 0 0 0 0 
2 1 3 2 0 3 3 3 4 2 3 0 1 1 0 2 3 2 3 3 1 0 3 2 3 3 1 1 0 0 1 2 3 1 0 0 3 1 3 1 4 0 4 0 0 4 2 1 3 4 1 2 2 4 3 1 0 0 0 3 0 0 4 3 1 3 0 0 1 0 4 2 1 0 2 0 3 3 2 0 2 2 4 0 2 3 0 4 1 3 3 3 0 3 0 3 2 3 0 3 0 0 0 0 0 0 0 0 0 0 
#TS172
0 1 1 1 1 3 3 0 4 1 2 0 0 1 0 2 3 2 2 3 0 0 4 2 3 3 1 2 0 0 3 2 3 1 0 0 1 0 1 0 4 0 0 0 1 2 1 1 2 3 4 1 2 4 2 2 0 0 0 2 0 3 1 3 0 1 0 0 0 3 4 1 1 0 2 0 1 3 2 3 3 1 0 0 2 0 0 4 0 3 0 3 0 3 0 3 2 3 0 3 0 0 0 0 0 0 0 0 1 0 
0 2 0 2 1 1 3 0 4 2 2 0 0 1 0 2 3 3 2 2 0 0 4 3 3 4 1 2 0 0 2 2 3 1 0 0 1 0 1 0 3 0 0 0 1 3 1 0 2 3 4 0 2 2 3 2 0 0 0 2 0 3 0 3 1 0 0 0 0 3 4 0 1 0 2 0 0 3 2 4 4 1 0 0 2 0 1 4 0 3 0 3 0 3 0 3 1 3 0 3 0 0 0 0 0 0 0 0 1 0 
#TS173
2 1 3 2 0 3 3 3 4 1 2 0 1 1 0 2 3 2 3 3 1 0 3 2 3 3 1 2 0 0 1 2 3 1 0 0 3 0 3 1 4 0 4 0 0 4 2 1 3 4 1 2 2 4 3 2 0 0 0 3 0 0 2 3 1 3 0 0 1 0 4 2 1 0 2 0 2 3 2 1 2 2 4 0 2 3 0 4 0 3 3 3 0 3 0 3 2 3 0 3 0 0 0 1 0 0 0 0 0 0 
2 1 3 2 0 3 2 2 4 1 2 1 1 3 1 2 3 2 4 3 1 4 3 2 3 3 2 2 1 3 1 2 4 1 0 1 3 0 3 0 4 0 4 0 0 4 1 1 2 3 1 2 2 4 1 3 2 0 0 3 0 0 2 3 1 3 0 0 1 0 4 1 1 0 2 0 2 4 0 1 3 2 4 2 1 2 0 3 0 3 2 3 0 3 0 2 2 1 0 3 0 0 0 1 0 0 0 0 0 0 
#TS174
2 1 3 2 0 3 3 3 4 1 2 0 1 1 0 1 3 2 3 3 1 0 3 2 3 2 1 2 0 0 1 4 3 1 0 0 3 1 3 1 3 0 4 0 0 4 2 2 3 4 1 2 2 4 3 1 0 0 0 3 0 0 4 3 1 3 0 0 1 0 4 2 1 0 2 0 3 3 2 0 2 1 4 0 3 3 1 4 1 3 2 3 0 3 0 3 2 2 0 3 0 0 0 0 0 0 0 0 0 0 
2 1 3 2 0 3 3 4 4 1 3 1 0 1 0 2 4 2 3 3 1 0 3 2 3 3 1 2 0 0 1 2 3 1 0 0 3 1 3 1 3 0 4 0 0 4 2 1 4 4 1 2 2 4 3 1 0 0 0 3 0 0 3 3 1 4 0 0 1 0 4 2 1 0 2 0 2 3 2 0 2 2 4 0 3 3 1 4 0 3 3 3 0 3 0 3 2 3 0 3 0 0 0 0 0 0 0 0 0 0 
#TS175
2 1 3 2 0 3 2 3 4 1 2 0 2 1 0 2 4 2 2 2 2 1 3 2 0 4 3 3 1 0 3 2 3 2 0 0 3 0 3 1 4 2 4 0 0 4 2 0 3 4 1 2 2 4 3 2 0 0 0 0 2 0 2 3 1 3 3 0 0 0 4 1 0 0 2 0 2 4 0 1 2 2 3 0 2 3 0 4 0 2 3 3 0 4 0 3 2 3 0 3 0 0 0 0 0 0 1 0 0 0 
2 0 3 2 0 3 3 2 4 0 2 1 2 1 0 2 3 2 1 2 4 1 3 2 0 3 4 2 2 0 3 2 3 1 0 0 3 0 3 1 3 2 4 0 0 3 1 0 2 4 1 2 3 4 3 3 1 0 0 0 4 0 2 3 1 3 3 0 0 0 4 2 0 0 1 0 2 4 0 1 2 1 3 0 2 2 0 4 0 3 3 4 0 4 0 3 2 4 0 2 0 0 0 0 0 0 1 0 0 0 
#TS176
4 2 3 0 0 4 3 3 4 1 2 3 0 1 1 2 3 2 0 0 2 0 3 2 3 3 2 2 0 0 2 2 3 1 1 0 3 0 3 0 0 0 4 0 0 4 1 1 4 4 1 2 2 4 3 2 0 1 0 3 0 0 1 3 1 3 0 0 0 0 4 0 0 0 0 2 3 2 0 1 2 1 4 2 1 2 1 4 0 3 3 0 0 3 0 3 2 3 0 3 0 1 0 0 0 0 0 0 0 0 
4 1 3 1 0 3 3 4 4 1 2 3 0 0 1 2 3 2 0 0 2 0 4 1 3 2 1 2 0 0 3 2 3 1 1 0 3 1 3 0 0 0 4 0 0 4 1 1 3 4 2 2 2 3 3 2 0 1 0 3 0 0 2 3 2 3 0 0 0 0 4 0 0 0 0 2 2 1 0 1 2 1 4 4 1 2 3 4 0 2 3 0 0 4 0 3 2 3 0 3 0 1 0 0 0 0 0 0 0 0 
#TS177
2 1 3 2 0 3 3 3 4 1 2 0 1 1 0 2 3 2 3 3 1 0 3 2 3 3 1 2 0 0 1 2 3 1 0 0 3 0 3 1 3 0 4 0 0 3 2 1 3 4 1 2 2 4 3 2 0 0 0 3 0 0 1 3 1 3 0 0 1 0 4 2 1 0 2 0 2 3 2 1 2 2 4 0 2 3 0 4 0 3 3 3 0 3 0 3 2 3 0 3 0 0 0 0 0 0 0 0 0 0 
2 1 3 2 0 3 3 3 4 1 2 0 1 1 0 2 3 2 3 3 1 0 3 2 3 3 1 2 0 0 1 2 3 1 0 0 3 0 3 1 3 0 4 0 0 3 2 1 3 4 1 2 2 4 3 2 0 0 0 3 0 0 1 3 1 3 0 0 1 0 4 2 1 0 2 0 2 3 2 1 2 2 4 0 2 3 0 4 0 3 3 3 0 3 0 3 2 3 0 3 0 0 0 0 0 0 0 0 0 0 
#TS178
2 1 3 2 0 3 3 3 4 1 2 0 1 1 0 2 3 2 3 3 1 0 3 2 3 3 1 2 0 0 1 2 3 1 0 0 3 0 3 1 4 0 4 0 0 4 2 1 3 4 1 2 2 4 3 2 0 0 0 3 0 0 2 3 1 3 0 0 1 0 4 2 1 0 2 0 2 3 2 1 2 2 4 0 2 3 0 4 0 3 3 3 0 3 0 3 2 3 0 3 0 1 0 0 0 0 0 0 0 0 
3 1 3 2 0 4 3 3 4 1 2 3 0 1 0 2 3 2 1 1 0 0 3 2 3 3 1 2 0 0 1 2 3 1 0 0 3 0 3 0 0 0 3 0 0 4 2 1 3 4 1 2 2 4 3 2 0 1 0 3 0 0 2 4 1 2 0 0 0 0 4 1 1 0 1 2 1 2 1 1 2 1 4 1 1 2 0 4 0 3 3 2 0 3 0 3 2 3 0 2 0 1 0 0 0 0 0 0 0 0 
#TS179
4 1 3 1 0 3 2 3 3 1 2 3 0 1 1 2 3 2 0 0 2 0 4 2 3 3 1 2 0 0 1 2 3 1 0 0 3 0 3 0 0 0 4 0 0 3 1 1 3 4 1 2 2 4 3 2 0 1 0 3 0 0 1 3 2 3 0 0 0 0 4 0 0 0 0 2 2 2 0 1 2 2 4 2 1 2 0 4 0 3 3 0 0 4 0 3 2 3 0 3 0 1 0 0 0 0 0 0 0 0 
4 2 3 0 0 4 3 3 4 1 2 3 0 1 1 2 3 2 0 0 2 0 3 2 3 3 2 2 0 0 2 2 3 1 1 0 3 0 3 0 0 0 4 0 0 4 1 1 4 4 1 2 2 4 3 2 0 1 0 3 0 0 1 3 1 3 0 0 0 0 4 0 0 0 0 2 3 2 0 1 2 1 4 2 1 2 1 4 0 3 3 0 0 3 0 3 2 3 0 3 0 1 0 0 0 0 0 0 0 0 
#TS180
2 1 3 1 3 3 3 3 1 2 2 1 1 1 0 0 3 1 3 3 0 1 0 2 2 2 1 1 0 0 3 3 3 1 0 0 3 0 2 0 4 1 2 0 0 4 2 1 3 4 1 2 0 4 3 4 0 3 0 3 0 0 0 3 2 0 0 0 1 0 4 4 3 0 2 0 2 2 2 0 2 2 4 0 2 3 0 4 0 3 3 4 0 3 0 2 3 0 0 3 1 0 0 0 0 0 0 0 0 0 
2 2 2 3 4 3 2 3 2 2 2 2 2 1 0 0 3 1 3 3 0 1 0 1 3 3 1 2 0 0 3 2 3 1 0 0 3 0 2 0 4 2 2 0 0 4 2 2 3 4 2 2 0 4 3 3 1 3 0 3 0 0 0 4 2 0 0 0 1 0 4 3 3 0 2 0 2 1 2 0 3 2 4 1 1 2 0 4 1 3 3 3 0 3 0 2 2 0 0 3 1 0 0 0 0 0 0 0 0 0 
#TS181
4 1 3 1 0 3 2 4 4 1 2 3 0 1 1 1 3 2 0 0 2 0 4 1 3 2 1 4 0 0 2 2 3 1 0 0 3 1 3 0 0 0 4 0 0 4 1 2 3 3 1 2 2 0 2 2 0 1 0 3 0 0 3 3 1 4 0 0 0 0 4 0 0 0 0 2 2 2 0 0 2 0 4 2 1 2 4 4 0 0 3 0 0 3 0 3 2 3 0 3 0 1 0 0 0 0 0 0 0 0 
4 1 3 0 0 3 2 3 4 2 2 4 0 0 1 2 2 2 0 0 2 0 3 1 3 3 0 2 0 0 1 1 3 1 0 0 2 1 4 0 0 0 4 0 0 4 2 1 3 4 1 2 2 1 2 2 0 1 0 3 0 0 4 3 1 3 0 0 0 0 4 0 0 0 1 1 2 1 0 0 1 1 4 3 1 2 2 4 0 0 3 0 0 3 0 4 2 3 0 3 0 1 0 0 0 0 0 0 0 0 
#TS182
4 1 3 1 0 3 3 4 4 1 2 4 0 0 1 2 2 2 0 1 2 0 4 1 3 2 1 2 0 0 2 2 3 1 0 0 3 1 2 0 0 0 4 0 0 4 1 1 3 4 1 2 2 1 3 2 0 1 0 3 0 0 3 3 1 3 0 0 0 0 4 0 0 0 0 2 2 2 0 0 2 1 4 2 1 2 2 4 0 0 3 0 0 4 0 3 2 3 0 3 0 1 0 0 0 0 0 0 0 0 
4 1 4 0 0 3 3 3 4 1 2 3 0 1 1 3 3 2 0 0 2 0 3 2 3 2 1 2 0 0 2 2 3 1 0 0 3 2 3 0 0 0 4 0 0 4 2 2 3 4 1 2 2 0 3 2 0 1 0 2 0 0 3 3 1 3 0 0 0 0 4 0 0 0 0 2 1 1 0 0 2 0 4 2 1 2 3 4 0 0 3 0 0 3 0 3 1 3 0 3 0 1 0 0 0 0 0 0 0 0 
#TS183
2 2 3 1 1 3 2 3 1 2 0 3 2 2 0 2 3 3 2 1 3 2 1 3 3 4 1 3 0 1 1 3 3 2 0 4 2 0 2 0 4 0 3 0 0 4 3 0 1 4 1 2 2 4 3 3 0 1 0 2 1 0 2 3 1 2 0 0 1 2 3 2 0 0 1 0 2 3 0 2 3 1 0 0 1 2 0 4 0 2 0 3 0 4 0 3 2 3 0 3 0 0 0 0 0 1 0 0 0 0 
2 3 3 1 0 3 2 2 2 2 0 4 2 1 0 2 3 3 2 1 3 2 0 2 3 3 1 2 0 1 1 2 3 3 0 3 2 0 1 0 4 0 4 0 0 4 2 0 1 4 1 2 2 4 3 3 0 1 0 1 1 0 2 3 1 1 0 0 1 2 4 2 0 0 2 0 2 3 0 1 3 1 0 1 1 1 0 4 0 1 0 3 0 3 0 3 2 3 0 3 0 0 0 0 0 1 0 0 0 0 
#TS184
2 1 3 2 0 3 3 2 4 1 2 1 1 1 0 2 3 0 1 3 1 1 3 0 3 3 1 2 0 0 1 2 3 1 0 1 3 0 3 1 3 0 4 0 0 3 2 1 4 4 2 2 2 4 3 2 0 0 0 3 0 0 2 3 1 3 0 0 1 0 4 2 1 0 1 0 2 3 1 1 2 2 4 0 1 1 0 3 0 3 3 3 0 3 0 3 2 3 0 3 0 0 0 0 0 0 0 0 0 0 
2 1 2 2 0 3 3 3 4 1 2 1 1 1 0 1 3 1 2 3 1 1 3 2 3 3 1 2 0 0 1 1 2 1 0 1 3 0 4 1 4 0 4 0 0 4 2 1 3 4 1 2 2 4 3 1 0 0 0 3 0 0 2 4 1 2 0 0 0 0 4 2 1 0 2 0 2 3 2 1 2 2 4 0 1 2 0 4 0 3 3 4 0 3 0 2 2 3 0 3 0 0 0 0 0 0 0 0 0 0 
#TS185
4 1 3 1 2 3 3 3 4 1 0 0 3 4 1 2 3 4 2 2 0 1 1 1 3 3 1 2 4 0 1 1 3 1 0 1 1 0 0 1 3 3 4 0 4 0 0 0 0 2 1 2 2 4 2 4 4 1 0 2 2 0 2 3 1 3 0 0 0 0 4 2 3 0 2 0 2 3 2 1 3 4 0 0 1 2 0 4 0 3 3 3 0 4 0 3 3 4 0 3 0 0 1 0 0 0 0 0 0 0 
3 1 3 0 2 3 3 3 4 1 0 0 2 3 1 2 3 3 2 2 1 1 1 1 3 2 1 2 3 0 2 0 3 1 0 1 1 0 0 2 3 4 4 0 4 0 0 0 0 2 1 2 2 4 3 4 4 1 0 2 2 0 2 3 1 3 0 0 1 1 4 2 3 0 1 0 2 3 2 1 4 4 0 0 1 2 0 4 0 3 3 4 0 4 0 3 3 3 0 3 0 0 1 0 0 0 0 0 0 0 
#TS186
1 2 3 2 0 3 3 1 0 3 4 4 3 1 2 0 3 2 2 4 2 1 0 2 4 4 3 1 3 0 2 2 3 4 3 1 4 0 3 1 0 1 4 0 2 3 0 0 2 0 2 2 2 4 0 3 2 1 0 3 2 0 2 3 2 2 0 0 1 0 4 2 1 0 2 4 2 3 2 4 2 2 4 0 0 2 0 3 0 3 3 3 0 3 0 3 2 3 0 3 0 0 0 0 1 0 0 0 0 0 
2 1 3 3 0 3 3 0 0 2 3 4 2 1 2 0 4 2 2 3 2 1 0 2 4 4 3 2 2 0 2 2 3 4 4 1 3 0 4 1 0 1 4 0 2 4 0 0 2 0 2 2 2 4 1 3 2 0 0 3 1 0 1 4 3 3 0 0 1 0 4 2 1 0 2 4 2 3 2 4 2 2 4 0 0 1 0 3 0 3 3 3 0 4 0 3 2 3 0 3 0 0 0 0 0 0 0 0 0 0 
#TS187
4 1 4 0 0 3 3 3 4 1 2 3 0 1 1 3 3 2 0 0 2 0 3 2 3 2 1 2 0 0 2 2 3 1 0 0 3 2 3 0 0 0 4 0 0 4 2 2 3 4 1 2 2 0 3 2 0 1 0 2 0 0 3 3 1 3 0 0 0 0 4 0 0 0 0 2 1 1 0 0 2 0 4 2 1 2 3 4 0 0 3 0 0 3 0 3 1 3 0 3 0 1 0 0 0 0 0 0 0 0 
4 1 3 1 0 3 2 4 4 1 2 3 0 1 1 1 3 2 0 0 2 0 4 1 3 2 1 4 0 0 2 2 3 1 0 0 3 1 3 0 0 0 4 0 0 4 1 2 3 3 1 2 2 0 2 2 0 1 0 3 0 0 3 3 1 4 0 0 0 0 4 0 0 0 0 2 2 2 0 0 2 0 4 2 1 2 4 4 0 0 3 0 0 3 0 3 2 3 0 3 0 1 0 0 0 0 0 0 0 0 
#TS188
3 2 3 2 3 3 3 2 2 2 2 3 3 2 0 0 3 1 2 3 0 2 0 0 3 3 1 2 0 0 4 2 3 1 0 1 3 0 3 0 4 1 2 0 0 4 2 2 3 3 2 2 0 4 3 3 0 3 0 3 0 0 0 3 3 0 0 0 1 0 4 3 4 0 2 0 2 1 2 0 2 2 4 2 1 1 0 4 1 3 2 3 0 3 0 3 1 0 0 3 1 0 0 0 0 0 0 0 0 0 
2 2 3 2 3 3 2 2 1 2 2 2 3 1 0 0 3 2 1 3 0 3 0 0 3 3 1 2 1 0 4 2 3 2 0 1 3 0 3 0 3 1 2 0 0 4 3 2 3 3 3 2 0 4 3 4 0 3 0 3 0 0 0 3 2 0 0 0 2 0 4 4 4 0 2 0 2 2 2 0 4 2 4 1 1 1 0 3 1 3 3 3 0 3 0 3 1 0 0 3 1 0 0 0 0 0 0 0 0 0 
#TS189
1 2 0 0 2 1 3 0 4 1 2 0 0 0 1 2 3 4 3 3 0 0 3 3 3 3 1 2 0 0 2 2 3 1 0 0 1 0 0 0 4 0 0 0 1 3 1 1 1 4 3 0 1 2 3 2 0 0 0 1 0 3 0 3 0 1 0 0 1 4 4 0 1 0 2 0 1 3 2 4 2 1 0 0 2 0 2 3 0 3 0 3 0 3 0 3 2 3 0 3 0 0 0 0 0 0 0 0 1 0 
0 1 0 2 1 1 3 0 4 2 2 0 0 1 1 2 2 3 2 3 0 0 4 2 3 4 1 3 0 0 2 2 3 1 0 0 1 0 0 0 4 0 0 0 1 3 1 0 1 4 4 1 2 2 3 1 0 0 0 2 0 3 0 3 0 0 0 0 1 4 3 1 1 0 2 0 1 3 2 4 2 2 0 0 2 0 4 3 0 3 0 3 0 3 0 4 0 3 0 3 0 0 0 0 0 0 0 0 1 0 
#TS190
2 1 4 2 0 3 3 3 4 1 2 1 1 2 2 2 3 2 3 3 2 4 3 3 3 3 1 2 1 4 1 2 3 2 0 3 3 0 3 0 3 0 4 0 0 4 1 1 3 3 1 1 1 4 1 2 4 0 0 3 0 0 2 3 0 4 0 0 1 0 4 0 0 0 2 0 2 3 0 1 3 2 4 4 1 0 0 0 0 3 2 3 0 3 0 3 2 0 0 3 0 0 0 1 0 0 0 0 0 0 
2 1 3 2 0 3 2 3 4 1 2 1 1 2 2 2 3 2 3 3 2 3 3 2 3 3 1 2 1 4 1 2 3 1 0 3 3 0 3 0 4 0 4 0 0 4 0 1 2 2 0 1 1 4 1 3 3 0 0 3 1 0 2 3 0 3 0 0 0 0 4 0 0 0 2 0 2 4 0 1 2 1 4 4 1 0 0 0 0 2 1 3 0 3 0 3 2 0 0 3 0 0 0 1 0 0 0 0 0 0 
#TS191
2 1 2 1 0 3 3 2 4 1 2 1 1 1 0 2 3 1 1 3 1 2 2 0 3 4 1 2 0 0 1 2 3 2 0 1 3 0 3 1 4 0 4 0 0 4 2 1 4 4 2 1 1 4 3 4 0 0 0 3 0 0 1 3 1 3 0 0 1 0 4 2 1 0 1 0 1 3 2 2 2 2 4 0 1 1 0 4 0 3 3 3 0 3 0 2 2 3 0 3 0 0 0 0 0 0 0 0 0 0 
2 1 3 2 0 3 3 2 4 1 2 1 1 1 0 2 3 0 1 3 1 1 3 0 3 3 1 2 0 0 1 2 3 1 0 1 3 0 3 1 3 0 4 0 0 3 2 1 4 4 2 2 2 4 3 2 0 0 0 3 0 0 2 3 1 3 0 0 1 0 4 2 1 0 1 0 2 3 1 1 2 2 4 0 1 1 0 3 0 3 3 3 0 3 0 3 2 3 0 3 0 0 0 0 0 0 0 0 0 0 
#TS192
2 1 3 3 0 3 3 2 4 1 2 1 1 1 0 2 3 0 1 2 2 2 2 0 3 3 2 1 2 0 3 2 4 3 1 1 3 0 3 1 4 0 4 0 2 4 0 0 1 3 3 1 0 4 1 2 3 0 0 2 1 0 1 4 1 2 0 0 2 1 3 2 1 0 2 0 2 3 2 2 2 2 4 1 0 1 0 2 0 4 3 2 0 3 0 3 2 3 0 3 0 0 0 0 0 0 0 0 0 0 
2 1 3 2 0 3 3 2 4 1 2 1 1 1 0 2 3 1 2 3 1 1 3 1 3 3 2 2 1 0 2 2 3 2 2 1 3 0 3 1 4 0 4 0 1 3 0 0 2 3 3 2 2 4 2 4 1 0 0 3 1 0 2 4 1 3 0 0 1 0 4 2 1 0 2 0 3 3 2 2 2 2 4 0 1 1 0 3 0 3 2 3 0 3 0 4 1 2 0 3 0 0 0 0 0 0 0 0 0 0 
#TS193
2 1 4 2 0 3 3 2 4 1 2 0 2 1 0 2 3 0 1 2 3 1 2 0 4 3 4 2 2 0 4 1 3 3 3 2 3 0 3 0 3 0 1 0 2 3 0 0 1 3 2 1 0 4 0 3 3 0 0 2 1 0 1 3 2 2 0 0 3 3 4 2 3 0 2 0 2 3 2 1 2 2 4 0 0 1 0 3 0 3 1 0 0 3 0 3 2 1 0 3 0 0 0 0 0 0 0 0 0 0 
2 1 3 3 0 3 3 2 4 1 2 1 1 1 0 2 3 0 1 2 2 2 2 0 3 3 2 1 2 0 3 2 4 3 1 1 3 0 3 1 4 0 4 0 2 4 0 0 1 3 3 1 0 4 1 2 3 0 0 2 1 0 1 4 1 2 0 0 2 1 3 2 1 0 2 0 2 3 2 2 2 2 4 1 0 1 0 2 0 4 3 2 0 3 0 3 2 3 0 3 0 0 0 0 0 0 0 0 0 0 
#TS194
2 3 3 0 1 3 3 1 3 3 1 3 3 1 0 3 3 3 1 2 3 2 1 3 3 4 1 3 0 1 1 2 3 2 0 4 2 0 0 0 4 0 4 0 0 3 2 0 1 4 1 2 2 4 3 3 0 2 0 1 1 0 2 4 1 1 0 0 1 1 4 2 0 0 2 0 2 4 0 1 2 1 0 0 1 1 0 4 0 0 0 3 0 4 0 3 2 3 0 3 0 0 0 0 0 1 0 0 0 0 
2 2 3 1 0 4 2 2 2 2 0 2 4 1 0 2 3 4 1 1 3 3 0 4 3 4 1 2 0 1 1 3 3 3 0 3 2 0 0 1 3 0 3 0 0 4 2 0 1 4 1 2 2 4 3 3 0 2 0 1 1 0 1 3 1 2 0 0 1 2 3 2 0 0 2 0 2 4 0 2 3 1 0 1 1 1 0 3 0 0 0 3 0 3 0 3 2 4 0 3 0 0 0 0 0 1 0 0 0 0 
#TS195
2 1 3 2 0 3 3 3 4 1 2 0 1 1 0 1 3 2 3 3 1 0 3 2 3 3 1 2 0 0 1 2 3 1 0 0 3 0 4 1 4 0 4 0 0 4 2 1 3 4 1 2 2 4 4 2 0 0 0 3 0 0 2 3 1 3 0 0 1 0 4 2 1 0 2 0 2 4 2 1 2 2 4 0 1 2 0 4 0 3 3 3 0 3 0 3 2 3 0 3 0 0 0 0 0 0 0 0 0 0 
2 1 3 3 0 3 3 3 4 1 2 0 1 2 0 2 3 2 3 3 1 0 3 2 3 3 1 2 0 0 1 2 3 1 0 0 3 0 4 1 4 0 4 0 0 4 4 1 3 4 1 2 2 4 3 3 0 0 0 3 0 0 2 3 1 3 0 0 1 0 4 2 1 0 1 0 3 3 2 1 2 1 4 0 2 2 0 4 0 4 3 3 0 4 0 3 2 3 0 3 0 0 0 0 0 0 0 0 0 0 
#TS196
2 1 3 2 0 3 3 2 4 1 2 1 1 1 0 2 3 2 3 3 1 1 3 1 3 3 2 2 0 0 1 2 3 1 0 0 3 0 3 1 4 0 4 0 0 4 1 1 2 4 1 2 2 4 3 3 0 0 0 3 0 0 2 3 1 3 0 0 1 0 4 2 2 0 2 0 3 3 2 2 2 1 4 0 1 2 0 4 0 3 3 3 0 3 0 3 1 4 0 3 0 0 0 0 0 0 0 0 0 0 
2 1 3 2 0 3 3 3 4 2 2 0 1 1 0 2 3 2 3 3 1 0 2 2 3 3 2 2 0 0 1 1 3 2 0 0 3 0 3 1 3 0 4 0 0 3 2 2 3 4 1 2 2 4 4 2 0 0 0 3 0 0 2 3 1 3 0 1 1 0 4 2 1 0 2 0 3 3 2 1 2 1 4 0 1 3 0 3 0 3 3 3 0 3 0 2 2 3 0 3 0 0 0 0 0 0 0 0 0 0 
#TS197
1 1 0 2 2 1 3 0 4 1 2 0 0 1 1 2 2 3 2 2 0 0 3 3 3 3 1 3 0 0 2 2 3 1 0 0 2 0 0 0 3 0 0 0 1 3 2 0 2 4 4 0 1 4 3 1 0 0 0 2 0 4 0 2 0 1 0 0 1 4 3 0 1 0 2 0 1 4 2 2 3 1 0 0 2 0 4 4 0 3 0 3 0 3 0 3 2 3 0 3 0 0 0 0 0 0 0 0 0 0 
1 1 0 2 1 2 2 3 4 1 2 0 0 1 1 2 1 2 2 4 0 0 4 2 3 4 1 2 0 0 1 2 3 1 0 0 1 0 2 2 4 0 3 0 0 4 1 1 2 3 1 1 2 3 3 2 0 0 0 2 0 0 1 2 0 2 0 1 1 2 3 2 0 0 2 0 1 3 2 3 2 1 4 0 2 2 2 4 0 3 3 3 0 3 0 3 2 4 0 3 0 0 0 0 0 0 0 0 0 0 
#TS198
2 1 3 2 2 3 3 3 4 1 2 0 1 1 0 1 3 2 3 3 0 0 1 2 3 3 2 2 0 0 3 3 3 1 0 0 3 0 3 0 4 1 3 0 0 4 2 2 3 4 1 2 1 4 3 2 0 2 0 2 0 0 0 3 1 1 0 0 1 0 4 2 3 0 2 0 2 2 2 0 4 2 4 0 2 2 0 4 0 3 3 3 0 3 0 3 1 1 0 2 1 0 0 0 0 0 0 0 0 0 
2 1 3 2 2 3 3 3 2 1 2 1 1 1 0 0 3 2 3 3 0 0 0 2 3 2 1 2 0 0 3 2 3 1 0 0 3 0 4 0 4 2 2 0 0 4 2 1 4 3 1 2 1 4 3 3 0 3 0 3 0 0 0 3 1 0 0 1 1 0 4 2 4 0 2 0 2 2 2 0 4 2 4 0 2 3 0 4 0 3 3 3 0 3 0 3 2 0 0 3 1 0 0 0 0 0 0 0 0 0 
#TS199
2 0 3 2 0 3 3 3 4 1 2 3 1 2 2 2 4 2 3 3 2 3 4 3 3 2 2 2 1 3 1 2 3 1 0 3 3 0 3 0 4 0 4 0 0 3 0 1 4 3 0 2 1 4 0 3 4 0 0 3 0 0 2 3 0 3 0 3 1 0 1 0 0 0 2 0 2 4 0 1 2 1 4 4 1 0 0 0 0 2 1 3 0 3 0 4 2 0 0 2 0 0 0 1 0 0 0 0 0 0 
2 0 3 2 0 3 3 3 4 1 2 1 1 3 2 2 3 3 4 3 2 4 4 3 3 2 1 2 1 4 1 2 3 2 0 3 3 0 3 0 4 0 4 0 0 4 1 1 4 3 0 2 2 4 0 3 3 0 0 3 0 0 2 3 0 4 0 3 1 0 1 0 0 1 1 0 2 3 0 1 2 0 4 4 1 0 0 0 0 2 2 3 0 3 0 3 2 0 0 2 0 0 0 0 0 0 0 0 0 0 
#TS200
2 0 3 2 0 3 3 3 4 1 2 1 1 3 2 2 3 3 4 3 2 4 4 3 3 2 1 2 1 4 1 2 3 2 0 3 3 0 3 0 4 0 4 0 0 4 1 1 4 3 0 2 2 4 0 3 3 0 0 3 0 0 2 3 0 4 0 3 1 0 1 0 0 1 1 0 2 3 0 1 2 0 4 4 1 0 0 0 0 2 2 3 0 3 0 3 2 0 0 2 0 0 0 0 0 0 0 0 0 0 
2 0 3 2 0 3 3 3 4 1 2 1 0 3 1 2 3 2 4 3 1 0 4 2 3 2 1 2 0 1 1 2 3 1 0 1 3 0 3 1 4 0 4 0 0 4 2 1 3 3 0 2 1 4 3 3 1 0 0 3 0 0 2 3 0 3 0 2 0 0 1 0 0 2 1 0 2 3 2 1 1 0 4 1 1 2 0 3 0 2 3 3 0 3 0 2 2 2 2 2 0 0 0 0 0 0 0 0 0 0 
#TS201
3 1 3 1 0 3 2 3 4 1 2 0 0 0 1 2 1 1 3 3 2 0 3 2 3 2 0 2 0 0 2 0 3 1 0 0 3 3 3 1 4 0 4 0 0 4 2 1 2 4 0 2 2 4 4 1 0 0 0 3 0 0 2 1 0 4 0 0 1 0 3 2 0 0 1 1 2 2 2 0 2 1 4 0 2 3 1 4 0 2 3 2 0 2 0 3 3 3 0 3 0 0 0 0 0 0 0 0 0 0 
2 0 3 2 0 3 2 3 3 1 2 0 0 0 1 2 2 2 3 3 1 0 3 2 3 1 0 3 0 0 0 1 3 0 0 0 2 2 3 1 3 0 4 0 0 4 2 1 3 4 0 2 2 4 3 0 0 0 0 3 0 0 3 1 1 4 0 0 2 0 4 2 0 0 2 0 2 2 2 0 2 1 4 0 4 3 1 4 0 3 3 3 1 1 1 2 2 3 0 3 0 0 0 0 0 0 0 0 0 0 
#TS202
2 0 3 2 0 3 2 3 4 1 3 0 0 1 2 2 1 1 3 3 0 0 3 3 3 2 0 2 0 0 0 2 3 1 0 0 1 2 3 0 4 0 4 0 0 4 3 2 3 4 0 2 2 3 3 1 0 0 0 3 0 0 4 1 0 4 0 2 2 0 3 1 1 0 1 0 2 2 2 0 1 0 4 0 4 3 3 4 0 3 3 3 0 2 0 2 2 3 0 3 0 0 0 0 0 0 0 0 0 0 
2 0 3 2 1 3 1 3 4 0 2 0 0 1 1 2 0 1 3 3 0 0 3 2 2 2 0 2 0 0 0 2 3 1 0 0 1 2 3 1 4 0 4 0 0 4 2 2 3 4 0 2 2 4 3 1 0 0 0 3 0 0 3 1 0 3 0 0 2 0 3 1 1 0 1 0 2 2 3 0 1 1 4 0 2 3 4 4 1 3 3 3 1 1 0 2 4 3 0 2 0 0 0 0 0 0 0 0 0 0 
#TS203
2 1 3 2 0 3 3 3 4 1 2 1 1 1 0 1 3 2 3 3 1 0 3 1 3 2 1 2 0 0 1 2 4 1 0 0 3 0 3 1 4 0 4 0 0 4 2 1 3 4 1 2 2 4 3 2 0 0 0 3 0 0 2 3 1 3 0 0 0 0 4 2 1 0 1 0 4 3 2 1 2 2 4 0 3 3 0 4 0 3 3 3 0 3 0 3 2 4 0 2 0 0 0 0 0 0 0 0 0 0 
2 1 3 2 0 3 3 3 4 1 2 0 1 1 0 2 3 2 3 3 1 0 3 2 3 3 1 2 0 0 1 3 3 1 0 0 3 0 3 1 4 0 4 0 0 4 2 1 3 4 1 2 2 4 3 2 0 0 0 3 0 0 2 3 1 3 0 0 1 0 4 2 1 0 1 0 3 3 2 1 2 2 4 0 3 3 0 4 0 3 3 3 0 3 0 2 2 3 0 3 0 0 0 0 0 0 0 0 0 0 
#TS204
2 0 3 2 0 3 2 2 4 0 3 1 3 1 0 1 3 2 0 2 4 2 2 2 1 3 4 2 2 0 4 2 3 2 0 1 3 0 3 1 3 3 4 0 1 3 1 0 2 4 1 2 3 4 3 3 1 0 0 0 4 0 2 3 1 3 3 0 0 0 4 2 0 0 2 0 1 3 0 1 2 2 3 0 1 2 0 4 0 1 2 3 0 4 0 3 2 2 0 3 0 0 0 0 0 0 1 0 0 0 
2 1 3 2 0 3 3 2 4 0 2 0 3 1 0 3 3 2 0 2 4 2 2 2 0 3 3 2 2 0 4 2 3 2 0 1 3 0 4 1 4 2 4 0 1 4 1 0 2 3 1 2 3 4 2 4 2 0 0 0 3 0 2 3 1 3 3 0 0 0 4 2 0 0 2 0 3 3 0 1 2 2 3 0 1 1 0 4 0 0 3 4 0 3 0 2 2 3 0 3 0 0 0 0 0 0 1 0 0 0 
#TS205
2 0 3 2 0 3 2 3 4 1 2 0 0 1 1 2 3 2 3 3 1 0 3 2 3 1 0 2 0 0 1 2 3 1 0 0 2 3 3 1 4 0 4 0 0 4 2 1 2 4 0 3 2 4 3 0 0 0 1 3 0 0 3 2 1 3 0 0 2 0 4 2 0 0 2 0 2 2 2 0 1 1 4 0 2 3 1 4 0 3 3 3 1 1 1 2 4 3 0 4 0 0 0 0 0 0 0 0 0 0 
2 1 3 2 0 3 2 3 4 2 2 0 0 1 0 1 3 2 4 3 1 0 3 3 3 3 1 1 0 0 1 1 3 0 0 0 2 2 3 1 4 0 4 0 0 4 2 2 3 4 0 2 3 3 3 0 0 0 1 3 0 0 4 3 1 3 0 0 2 0 4 2 0 0 2 0 3 1 2 0 2 2 4 0 2 3 3 4 2 3 3 3 0 1 1 2 2 3 0 2 0 0 0 0 0 0 0 0 0 0 
#TS206
2 1 3 2 0 3 2 2 4 0 2 1 4 1 0 4 3 2 0 2 4 2 2 2 1 4 4 2 2 0 3 2 3 3 1 1 3 0 3 1 4 1 4 0 2 4 0 0 2 2 1 2 3 4 2 4 2 0 0 0 4 0 2 3 1 3 3 0 0 0 4 1 0 0 1 0 2 3 0 1 2 2 3 0 1 2 0 4 0 0 3 3 0 3 0 3 2 4 0 3 0 0 0 0 0 0 1 0 0 0 
2 1 3 2 0 3 2 2 4 0 2 0 4 1 0 4 3 2 0 2 3 2 2 3 1 3 3 2 3 0 4 2 3 3 1 2 3 0 3 1 3 3 4 0 2 4 0 0 1 2 1 2 2 4 3 3 2 1 0 0 4 0 1 3 1 3 3 0 0 0 4 1 0 0 2 0 2 3 0 2 2 2 3 0 1 2 0 4 0 0 3 3 0 4 0 3 2 4 0 3 0 0 0 0 0 0 1 0 0 0 
#TS207
4 1 3 1 2 4 2 2 4 0 0 0 3 4 1 2 3 2 2 2 1 2 1 1 3 2 1 2 4 0 1 0 3 1 0 1 1 0 1 1 4 4 4 0 3 0 0 0 1 2 1 2 2 4 2 4 4 1 0 2 2 0 2 3 1 3 0 0 1 0 3 2 2 0 2 0 3 4 2 2 4 4 0 0 1 2 0 4 0 2 3 3 0 4 0 3 2 3 0 3 0 0 1 0 0 0 0 0 0 0 
4 1 3 1 2 3 3 3 4 1 0 0 3 4 1 2 3 4 2 2 0 1 1 1 3 3 1 2 4 0 1 1 3 1 0 1 1 0 0 1 3 3 4 0 4 0 0 0 0 2 1 2 2 4 2 4 4 1 0 2 2 0 2 3 1 3 0 0 0 0 4 2 3 0 2 0 2 3 2 1 3 4 0 0 1 2 0 4 0 3 3 3 0 4 0 3 3 4 0 3 0 0 1 0 0 0 0 0 0 0 
#TS208
2 2 3 1 0 3 3 2 4 1 2 0 1 1 0 2 3 1 2 3 1 1 3 2 3 4 1 2 1 0 1 2 3 1 0 0 3 0 4 1 4 0 4 0 0 3 0 1 2 2 1 2 2 4 3 3 1 0 0 2 0 0 2 3 1 3 0 0 1 0 4 2 1 0 2 0 2 3 2 1 2 2 4 0 1 2 0 4 0 3 3 3 0 3 0 3 2 4 0 2 0 0 0 0 0 0 0 0 0 0 
2 1 3 1 0 3 2 3 4 2 2 1 1 1 0 2 2 2 3 3 1 1 3 2 3 4 1 2 0 0 1 3 3 1 0 1 3 0 3 1 4 0 4 0 0 4 1 1 2 4 1 2 2 4 3 3 1 0 0 3 0 0 2 3 1 3 0 0 1 0 4 2 1 0 2 0 2 3 2 1 2 1 4 0 1 3 0 4 0 3 3 3 0 3 0 3 3 3 0 3 0 0 0 0 0 0 0 0 0 0 
#TS209
2 0 3 2 0 3 3 3 4 1 2 1 1 3 2 2 3 2 3 3 2 4 4 3 3 3 1 2 1 4 1 3 3 1 0 2 3 0 3 0 4 0 4 0 1 3 0 1 3 3 0 2 2 4 0 4 3 0 0 3 0 0 2 3 0 3 0 2 1 0 3 0 0 0 2 0 2 4 0 1 2 2 4 4 1 0 0 0 0 2 2 4 0 3 0 3 2 0 0 3 0 0 0 1 0 0 0 0 0 0 
2 0 3 2 0 3 3 3 4 1 2 3 1 2 2 2 4 2 3 3 2 3 4 3 3 2 2 2 1 3 1 2 3 1 0 3 3 0 3 0 4 0 4 0 0 3 0 1 4 3 0 2 1 4 0 3 4 0 0 3 0 0 2 3 0 3 0 3 1 0 1 0 0 0 2 0 2 4 0 1 2 1 4 4 1 0 0 0 0 2 1 3 0 3 0 4 2 0 0 2 0 0 0 1 0 0 0 0 0 0 
#TS210
2 0 3 2 0 3 3 2 4 1 2 0 3 2 0 2 3 0 2 2 2 2 3 1 3 2 4 2 2 0 4 0 3 2 1 0 3 0 3 0 2 1 1 0 1 3 0 0 2 3 2 2 0 3 1 3 3 0 0 2 1 0 2 3 3 3 0 0 2 3 4 2 3 0 2 0 3 3 2 1 2 2 4 0 0 2 0 4 0 4 2 0 0 3 0 2 1 1 0 3 0 0 0 0 0 0 0 0 0 1 
2 1 3 2 0 3 2 3 4 1 2 0 2 1 0 2 3 0 2 3 2 2 3 1 3 3 3 2 2 0 4 0 3 2 2 1 3 0 3 0 3 0 1 1 2 3 0 1 2 4 4 1 0 4 0 3 3 0 0 2 2 0 2 3 2 2 0 0 3 3 4 2 2 0 2 0 2 3 2 2 2 2 4 0 0 2 0 4 0 3 2 0 0 3 0 3 0 1 0 3 0 0 0 0 0 0 0 0 0 1 
#TS211
2 1 3 2 0 3 3 3 4 1 2 0 1 1 0 2 3 2 3 3 1 0 3 2 3 3 1 3 0 0 1 2 3 1 0 0 3 0 3 1 4 0 4 0 0 4 2 2 3 4 1 2 2 4 4 1 0 0 0 3 0 0 1 3 1 3 0 0 1 0 4 2 1 0 2 0 2 3 2 1 2 1 4 0 2 3 0 4 0 3 3 3 0 3 0 3 2 3 0 3 0 0 0 0 0 0 0 0 0 0 
2 1 3 2 0 3 3 3 4 1 2 0 1 1 0 2 3 2 3 3 1 0 3 2 3 3 1 3 0 0 1 2 3 1 0 0 3 0 3 1 4 0 4 0 0 4 2 2 3 4 1 2 2 4 4 1 0 0 0 3 0 0 1 3 1 3 0 0 1 0 4 2 1 0 2 0 2 3 2 1 2 1 4 0 2 3 0 4 0 3 3 3 0 3 0 3 2 3 0 3 0 0 0 0 0 0 0 0 0 0 
