#TS1
3 3 1 3 0 3 4 0 3 0 0 0 0 0 0 
3 0 0 3 0 2 3 0 3 3 0 0 0 0 0 
#TS2
3 0 0 3 0 2 3 0 3 3 0 0 0 0 0 
2 0 1 3 0 2 2 3 3 4 0 0 0 0 0 
#TS3
3 1 1 3 0 0 0 2 3 1 1 0 0 0 0 
3 2 1 3 0 0 0 2 4 1 1 0 0 0 0 
#TS4
3 3 2 3 0 3 1 1 3 4 0 0 0 1 0 
3 3 2 3 0 3 2 1 3 4 0 0 0 1 0 
#TS5
3 0 1 1 2 3 0 3 0 4 0 1 0 0 0 
3 2 1 1 3 3 1 4 0 4 0 1 0 0 0 
#TS6
3 2 3 3 0 2 0 2 2 4 0 0 0 0 0 
2 0 3 3 0 3 1 3 3 4 0 0 0 0 0 
#TS7
3 3 2 3 0 2 3 1 3 4 0 0 0 0 0 
3 1 3 3 0 2 4 0 3 4 0 0 0 0 0 
#TS8
3 0 4 4 0 3 1 3 3 4 0 0 0 0 0 
3 0 3 4 0 3 0 3 3 4 0 0 0 0 0 
#TS9
3 3 2 3 0 3 2 1 3 4 0 0 0 1 0 
0 4 3 3 0 2 3 1 3 4 0 0 0 1 0 
#TS10
3 1 2 3 0 0 1 3 3 1 1 0 0 0 0 
3 2 1 3 0 0 0 3 3 1 1 0 0 0 0 
#TS11
3 3 3 3 0 0 0 1 0 4 0 0 0 0 0 
3 2 3 3 0 2 0 2 2 4 0 0 0 0 0 
#TS12
3 2 2 3 0 0 0 3 3 1 1 0 0 0 0 
3 2 1 3 0 0 0 2 3 2 0 0 0 0 0 
#TS13
3 2 2 1 0 2 4 0 0 3 0 1 0 0 0 
2 2 1 1 0 2 3 1 0 4 0 1 0 0 0 
#TS14
3 2 1 3 0 0 0 3 3 1 1 0 0 0 0 
3 2 2 4 0 0 0 3 3 1 1 0 0 0 0 
#TS15
1 0 2 4 0 3 1 3 3 3 0 0 0 0 0 
3 0 4 4 0 3 1 3 3 4 0 0 0 0 0 
#TS16
3 0 3 3 0 3 1 3 3 3 0 0 0 0 0 
3 0 2 4 0 3 0 3 3 4 0 0 0 0 0 
#TS17
4 2 2 3 0 3 0 3 3 0 0 0 1 0 0 
3 3 3 3 0 4 2 2 2 0 0 0 1 0 0 
#TS18
3 0 2 3 0 3 0 3 4 4 0 0 0 0 0 
3 1 1 4 0 3 1 3 3 4 0 0 0 0 0 
#TS19
3 0 3 3 0 3 1 3 3 4 0 0 0 0 0 
3 0 3 3 0 4 0 3 3 4 0 0 0 0 0 
#TS20
2 2 1 1 0 2 3 1 0 4 0 1 0 0 0 
3 3 2 0 1 2 4 1 0 4 0 1 0 0 0 
#TS21
3 0 2 3 0 3 0 3 3 4 0 0 0 1 0 
3 3 3 3 0 4 1 2 3 3 0 0 0 1 0 
#TS22
3 4 2 3 0 2 3 0 3 4 0 0 0 1 0 
3 3 2 3 0 2 3 1 3 4 0 0 0 0 0 
#TS23
3 0 2 3 0 3 0 3 3 4 1 0 0 0 0 
3 1 2 3 0 1 0 3 3 2 1 0 0 0 0 
#TS24
3 2 2 4 0 0 0 3 3 1 1 0 0 0 0 
3 1 1 3 0 0 0 2 3 1 1 0 0 0 0 
#TS25
3 4 2 4 0 3 3 0 3 4 0 0 0 1 0 
3 3 2 3 0 2 3 0 3 4 0 0 0 1 0 
#TS26
3 1 2 3 1 0 0 3 0 4 0 0 0 0 1 
3 2 3 3 0 0 0 2 0 4 0 0 0 0 1 
#TS27
3 0 2 3 0 4 1 3 3 4 0 0 0 0 0 
3 0 3 3 0 3 1 3 3 3 0 0 0 0 0 
#TS28
3 1 2 4 0 3 0 4 3 4 0 0 0 0 0 
3 0 1 4 0 3 1 2 3 4 0 0 0 0 0 
#TS29
3 1 3 3 0 2 4 0 3 4 0 0 0 0 0 
3 0 3 3 0 2 3 1 3 4 0 0 0 0 0 
#TS30
0 0 2 3 0 1 2 2 3 4 0 0 0 0 0 
2 0 3 4 0 2 1 3 3 4 0 0 0 0 0 
#TS31
0 4 2 3 0 2 4 0 3 4 0 0 0 1 0 
3 4 1 3 0 2 4 0 3 4 0 0 0 1 0 
#TS32
3 0 2 3 0 3 0 2 3 4 0 0 0 0 0 
3 0 2 3 0 3 0 2 3 4 0 0 0 0 0 
#TS33
2 0 3 3 0 3 1 3 3 4 0 0 0 0 0 
1 0 2 4 0 3 1 3 3 3 0 0 0 0 0 
#TS34
3 0 3 3 0 4 0 3 3 4 0 0 0 0 0 
3 0 2 3 0 3 0 4 3 3 0 0 0 0 0 
#TS35
3 0 3 3 0 3 0 3 3 4 0 0 0 0 0 
3 0 3 3 0 3 0 3 3 4 0 0 0 0 0 
#TS36
3 0 3 4 0 3 0 3 3 4 0 0 0 0 0 
3 0 2 3 0 3 0 3 3 4 0 0 0 0 0 
#TS37
4 0 2 4 0 3 0 2 3 4 0 0 0 0 0 
3 0 3 3 0 4 1 2 3 4 0 0 0 0 0 
#TS38
3 2 1 3 0 0 0 2 4 1 1 0 0 0 0 
3 3 3 3 0 0 0 3 3 1 1 0 0 0 0 
#TS39
1 4 1 3 0 3 3 0 2 0 0 0 1 0 0 
3 4 0 3 0 2 3 0 3 0 0 0 1 0 0 
#TS40
3 3 3 3 0 0 0 3 3 1 1 0 0 0 0 
3 2 2 3 0 0 0 3 3 1 1 0 0 0 0 
#TS41
2 2 2 3 1 0 0 1 0 4 0 0 0 0 1 
3 3 3 3 0 0 0 0 0 4 0 0 0 0 1 
#TS42
3 3 2 3 0 0 0 2 1 4 0 0 0 0 1 
3 3 3 3 0 0 0 1 0 4 0 0 0 0 0 
#TS43
3 0 2 4 0 3 0 3 3 4 0 0 0 0 0 
3 0 3 3 0 3 0 3 3 4 0 0 0 0 0 
#TS44
2 0 3 4 0 2 1 3 3 4 0 0 0 0 0 
3 0 2 3 0 3 0 4 3 4 0 0 0 0 0 
#TS45
2 0 2 2 0 3 0 3 3 4 0 0 0 0 0 
4 0 2 4 0 3 0 2 3 4 0 0 0 0 0 
#TS46
3 1 1 3 0 2 0 2 3 4 0 0 0 0 0 
3 0 2 3 0 3 1 3 3 4 0 0 0 0 0 
#TS47
3 4 3 3 0 0 0 1 0 4 0 0 0 0 1 
2 2 2 3 1 0 0 1 0 4 0 0 0 0 1 
#TS48
0 0 3 3 0 1 1 3 3 3 0 0 0 0 0 
2 0 2 2 0 3 0 3 3 4 0 0 0 0 0 
#TS49
3 3 3 3 0 0 0 0 0 4 0 0 0 0 1 
3 3 2 3 0 0 0 2 1 4 0 0 0 0 1 
#TS50
2 4 3 0 1 2 2 0 0 4 0 1 0 0 0 
3 2 2 1 0 2 4 0 0 3 0 1 0 0 0 
#TS51
3 0 2 3 0 3 0 4 3 4 0 0 0 0 0 
3 1 2 4 0 3 0 4 3 4 0 0 0 0 0 
#TS52
3 0 2 3 0 3 0 3 3 4 0 0 0 0 1 
3 0 2 3 1 1 0 4 0 4 0 0 0 0 1 
#TS53
4 1 2 3 0 3 0 2 3 4 0 0 0 0 0 
3 0 2 3 0 3 0 2 3 4 0 0 0 0 0 
#TS54
3 2 3 3 0 0 0 2 0 4 0 0 0 0 1 
3 3 2 3 1 0 0 1 0 4 0 0 0 0 1 
#TS55
2 4 2 0 4 2 3 1 0 4 0 0 0 0 0 
3 2 4 2 0 2 3 0 3 4 0 0 0 0 0 
#TS56
3 1 1 4 0 3 1 3 3 4 0 0 0 0 0 
3 0 2 3 0 3 1 3 3 4 0 0 0 0 0 
#TS57
3 3 2 0 1 2 4 1 0 4 0 1 0 0 0 
1 3 1 1 0 2 3 1 0 4 0 1 0 0 0 
#TS58
3 0 2 3 0 2 0 3 3 4 0 0 0 0 0 
1 0 1 3 0 3 0 4 3 4 0 0 0 0 0 
#TS59
3 2 1 1 3 3 1 4 0 4 0 1 0 0 0 
3 3 2 1 1 3 1 2 0 4 0 1 0 0 0 
#TS60
1 0 1 3 0 3 0 4 3 4 0 0 0 0 0 
1 0 1 3 0 3 0 4 3 4 0 0 0 0 0 
#TS61
3 4 2 3 0 2 3 0 2 0 0 0 1 0 0 
3 3 0 3 0 2 3 0 3 0 0 0 1 0 0 
#TS62
3 0 2 3 0 3 0 4 3 3 0 0 0 0 0 
3 0 2 3 0 3 0 4 3 3 0 0 0 0 0 
#TS63
3 0 1 3 1 0 1 3 3 1 1 0 0 0 0 
3 1 2 3 0 0 1 3 3 1 1 0 0 0 0 
#TS64
1 0 2 3 0 2 1 2 3 4 0 0 0 0 0 
3 0 1 2 0 3 0 2 3 4 0 0 0 0 0 
#TS65
3 1 2 3 0 1 0 3 3 2 1 0 0 0 0 
3 0 1 3 1 0 1 3 3 1 1 0 0 0 0 
#TS66
1 3 1 1 0 2 3 1 0 4 0 1 0 0 0 
2 4 2 0 4 2 3 1 0 4 0 0 0 0 0 
#TS67
3 3 2 1 1 3 1 2 0 4 0 1 0 0 0 
2 4 3 0 1 2 2 0 0 4 0 1 0 0 0 
#TS68
3 3 2 3 0 2 3 0 3 4 0 0 0 1 0 
3 4 2 3 0 2 3 0 3 4 0 0 0 1 0 
#TS69
1 0 1 3 0 2 2 1 3 4 0 0 0 0 0 
0 0 2 3 0 1 2 2 3 4 0 0 0 0 0 
#TS70
3 0 2 3 0 3 0 3 3 4 0 1 0 0 0 
3 0 2 2 0 3 0 3 0 4 0 1 0 0 0 
#TS71
3 4 1 3 0 2 4 0 3 0 0 0 1 0 0 
3 3 1 3 0 3 4 0 3 0 0 0 0 0 0 
#TS72
3 2 4 2 0 2 3 0 3 4 0 0 0 0 0 
0 1 3 3 0 2 3 2 3 4 0 0 0 0 0 
#TS73
3 0 3 4 0 1 2 3 4 4 0 0 0 0 0 
0 0 3 3 0 1 1 3 3 3 0 0 0 0 0 
#TS74
3 1 2 3 0 0 0 3 0 3 0 0 0 0 1 
3 1 2 3 1 0 0 3 0 4 0 0 0 0 1 
#TS75
3 0 2 3 0 3 0 3 3 4 0 0 1 0 0 
4 2 2 3 0 3 0 3 3 0 0 0 1 0 0 
#TS76
3 4 1 3 0 2 4 0 3 4 0 0 0 1 0 
3 4 2 4 0 3 3 0 3 4 0 0 0 1 0 
#TS77
3 3 2 3 1 0 0 1 0 4 0 0 0 0 1 
3 4 3 3 0 0 0 1 0 4 0 0 0 0 1 
#TS78
3 3 0 3 0 2 3 0 3 0 0 0 1 0 0 
3 4 0 3 0 2 3 0 3 0 0 0 1 0 0 
#TS79
3 0 3 3 0 2 3 1 3 4 0 0 0 0 0 
3 0 3 4 0 1 2 3 4 4 0 0 0 0 0 
#TS80
0 1 3 3 0 2 3 2 3 4 0 0 0 0 0 
1 0 1 3 0 2 2 1 3 4 0 0 0 0 0 
#TS81
2 0 1 3 0 2 2 3 3 4 0 0 0 0 0 
1 0 2 3 0 2 1 2 3 4 0 0 0 0 0 
#TS82
3 0 1 4 0 3 1 2 3 4 0 0 0 0 0 
3 0 2 3 0 3 0 3 3 4 0 0 0 0 0 
#TS83
3 0 3 3 0 4 1 2 3 4 0 0 0 0 0 
3 0 2 3 0 3 0 3 3 4 0 0 0 0 0 
#TS84
0 4 3 3 0 2 3 1 3 4 0 0 0 1 0 
0 4 2 3 0 2 4 0 3 4 0 0 0 1 0 
#TS85
3 0 1 2 0 3 0 2 3 4 0 0 0 0 0 
3 0 2 3 0 3 0 3 3 4 0 0 0 0 0 
#TS86
3 4 1 3 0 3 2 1 3 0 0 0 1 0 0 
1 4 1 3 0 3 3 0 2 0 0 0 1 0 0 
#TS87
0 0 3 3 0 2 1 3 3 4 0 0 0 0 0 
3 0 2 3 0 3 0 3 3 4 0 0 0 0 0 
#TS88
3 3 3 3 0 4 1 2 3 3 0 0 0 1 0 
3 3 2 3 0 3 1 1 3 4 0 0 0 1 0 
#TS89
3 2 1 3 0 0 0 2 3 2 0 0 0 0 0 
3 1 1 3 0 2 0 2 3 4 0 0 0 0 0 
#TS90
3 0 2 3 1 1 0 4 0 4 0 0 0 0 1 
3 1 2 3 0 0 0 3 0 3 0 0 0 0 1 
#TS91
3 0 2 2 0 3 0 3 0 4 0 1 0 0 0 
3 0 1 1 2 3 0 3 0 4 0 1 0 0 0 
#TS92
3 3 3 3 0 4 2 2 2 0 0 0 1 0 0 
3 4 1 3 0 3 2 1 3 0 0 0 1 0 0 
