#TS1
4 3 4 0 0 0 0 3 1 3 0 0 0 0 1 
4 3 4 0 0 2 0 2 0 2 0 0 0 0 1 
#TS2
3 3 0 1 0 0 2 0 3 1 0 1 0 0 0 
1 2 0 2 1 0 3 0 4 1 0 1 0 0 0 
#TS3
4 3 4 0 0 2 0 0 0 4 0 0 0 0 1 
4 3 4 0 0 3 0 0 0 4 0 0 0 0 1 
#TS4
3 3 3 0 0 0 0 4 2 4 0 0 0 0 0 
3 3 3 0 0 0 0 4 2 4 0 0 0 0 0 
#TS5
1 2 1 2 0 0 0 1 3 1 0 0 0 1 0 
1 2 0 3 0 0 0 1 4 1 0 0 0 1 0 
#TS6
4 3 4 0 0 0 0 3 1 3 0 0 1 0 0 
4 2 3 0 1 1 0 2 0 1 0 0 1 0 0 
#TS7
3 4 4 0 0 0 0 3 1 3 0 0 0 0 0 
4 3 4 0 0 0 0 2 1 3 0 0 0 0 0 
#TS8
4 3 4 0 0 2 0 2 0 2 0 0 0 0 1 
3 3 4 0 0 2 0 1 0 3 0 0 0 0 1 
#TS9
3 3 4 0 0 0 0 3 1 4 0 0 0 0 0 
3 3 4 0 0 0 0 4 1 3 0 0 0 0 0 
#TS10
1 2 0 0 0 2 1 1 3 3 0 0 0 0 0 
1 2 1 2 0 2 0 1 3 3 0 0 0 0 0 
#TS11
1 2 4 0 0 0 0 1 3 3 0 0 0 0 0 
1 3 4 0 0 0 0 3 2 3 0 0 0 0 0 
#TS12
1 2 0 3 0 0 0 1 4 1 0 0 0 1 0 
1 2 0 3 0 0 0 0 4 1 0 0 0 1 0 
#TS13
1 1 4 0 0 0 0 1 3 3 0 0 0 0 0 
1 3 3 0 0 0 0 2 2 3 0 0 0 0 0 
#TS14
4 3 4 0 0 3 0 0 0 4 0 0 0 0 1 
3 3 4 0 0 2 0 0 0 3 0 0 0 0 1 
#TS15
0 3 3 0 1 3 0 0 2 0 1 0 0 0 0 
0 3 3 0 1 3 0 1 3 0 1 0 0 0 0 
#TS16
1 2 3 0 2 4 1 0 4 3 0 0 0 0 0 
1 0 3 0 0 4 0 1 4 3 0 0 0 0 0 
#TS17
3 4 4 0 0 0 0 4 1 3 0 0 0 0 0 
3 3 4 0 0 0 0 3 2 3 0 0 0 0 0 
#TS18
1 1 3 2 0 3 1 0 4 3 0 0 0 0 0 
1 2 2 1 0 2 1 0 3 2 0 0 0 0 0 
#TS19
2 3 4 0 0 0 0 3 1 2 0 0 0 0 0 
3 3 4 0 0 0 0 3 1 3 0 0 0 0 0 
#TS20
0 3 4 0 1 2 0 1 1 0 1 0 0 0 0 
0 3 3 0 1 2 0 1 1 0 1 0 0 0 0 
#TS21
3 3 1 0 0 0 0 0 3 1 0 1 0 0 0 
3 3 0 1 0 0 2 0 3 1 0 1 0 0 0 
#TS22
1 0 1 4 3 3 2 0 3 3 0 0 0 0 0 
1 1 3 1 4 4 2 0 3 3 0 0 0 0 0 
#TS23
1 1 1 3 0 3 1 0 4 3 0 0 0 0 0 
1 1 3 2 0 3 1 0 4 3 0 0 0 0 0 
#TS24
3 3 4 0 0 2 0 0 0 3 0 0 0 0 1 
4 3 4 0 0 3 1 1 0 3 0 0 0 0 1 
#TS25
1 2 1 2 0 2 0 1 3 3 0 0 0 0 0 
1 1 3 2 0 1 0 1 3 3 0 0 0 0 0 
#TS26
1 1 3 2 0 1 0 1 3 3 0 0 0 0 0 
2 3 3 0 0 0 0 2 4 3 0 0 0 0 0 
#TS27
1 0 0 3 4 4 3 0 4 2 0 0 0 0 0 
1 0 1 4 3 3 2 0 3 3 0 0 0 0 0 
#TS28
1 0 3 0 0 4 0 1 4 3 0 0 0 0 0 
1 2 3 0 0 3 0 1 4 3 0 0 0 0 0 
#TS29
1 2 0 2 1 0 3 0 4 1 0 1 0 0 0 
1 2 0 3 2 2 4 0 4 0 0 1 0 0 0 
#TS30
1 3 1 3 0 0 0 1 3 1 0 0 0 0 0 
1 1 1 2 0 0 0 3 3 3 0 0 0 0 0 
#TS31
3 2 1 2 1 3 1 1 2 1 0 0 1 0 0 
2 1 1 3 1 3 0 0 4 1 0 0 1 0 0 
#TS32
1 2 0 3 0 0 0 0 4 1 0 0 0 1 0 
1 0 0 2 0 0 0 0 3 1 0 0 0 1 0 
#TS33
1 4 4 0 1 0 0 3 1 0 1 0 0 0 0 
0 4 4 0 1 0 0 2 1 0 1 0 0 0 0 
#TS34
4 4 3 0 0 0 0 3 1 4 0 0 0 0 0 
4 4 3 0 0 0 0 3 1 4 0 0 0 0 0 
#TS35
3 3 4 0 0 0 0 4 1 4 0 0 0 0 0 
3 3 4 0 0 0 0 4 1 4 0 0 0 0 0 
#TS36
4 3 4 0 0 0 0 3 1 3 0 1 0 0 0 
4 3 3 0 0 0 0 0 1 1 0 1 0 0 0 
#TS37
0 4 4 0 1 0 0 2 1 0 1 0 0 0 0 
0 3 4 0 1 1 0 2 0 0 1 0 0 0 0 
#TS38
4 2 0 1 1 3 0 1 3 1 0 0 1 0 0 
3 2 1 2 1 3 1 1 2 1 0 0 1 0 0 
#TS39
1 2 0 3 1 4 1 0 4 1 0 0 0 0 0 
1 1 1 3 0 3 1 0 4 3 0 0 0 0 0 
#TS40
1 1 3 1 4 4 2 0 3 3 0 0 0 0 0 
1 2 3 0 2 4 1 0 4 3 0 0 0 0 0 
#TS41
4 3 3 0 0 1 0 1 2 2 0 0 0 0 0 
3 3 4 0 0 0 0 2 4 3 0 0 0 0 0 
#TS42
2 1 1 3 1 3 0 0 4 1 0 0 1 0 0 
1 2 1 3 2 3 1 1 3 1 0 0 1 0 0 
#TS43
4 3 3 0 0 0 0 0 1 1 0 1 0 0 0 
3 3 1 0 0 0 0 0 3 1 0 1 0 0 0 
#TS44
1 0 0 2 0 0 0 0 3 1 0 0 0 1 0 
1 3 1 3 0 0 0 1 3 1 0 0 0 0 0 
#TS45
1 3 3 0 0 1 1 1 3 3 0 0 0 0 0 
1 1 4 0 0 0 0 1 3 3 0 0 0 0 0 
#TS46
4 4 4 0 0 0 0 1 1 2 0 0 0 1 0 
3 4 2 0 0 0 0 0 2 1 0 0 0 1 0 
#TS47
1 2 0 3 2 2 4 0 4 0 0 1 0 0 0 
1 0 0 3 4 2 4 0 4 1 0 1 0 0 0 
#TS48
0 3 3 0 1 2 0 1 1 0 1 0 0 0 0 
0 3 3 0 1 3 0 0 2 0 1 0 0 0 0 
#TS49
3 3 2 0 2 2 0 1 1 1 0 0 1 0 0 
4 2 0 1 1 3 0 1 3 1 0 0 1 0 0 
#TS50
1 2 2 1 0 2 1 0 3 2 0 0 0 0 0 
1 2 2 0 0 1 0 0 3 2 0 0 0 0 0 
#TS51
1 1 1 2 0 0 0 3 3 3 0 0 0 0 0 
1 2 2 1 0 0 0 3 2 3 0 0 0 0 0 
#TS52
1 0 0 2 4 3 4 0 4 0 0 1 0 0 0 
1 0 0 3 4 4 4 0 3 0 0 1 0 0 0 
#TS53
1 0 0 3 4 4 4 0 3 0 0 1 0 0 0 
1 0 0 3 3 4 4 0 4 0 0 0 0 0 0 
#TS54
4 2 3 0 1 1 0 2 0 1 0 0 1 0 0 
4 3 2 0 1 2 0 1 1 1 0 0 1 0 0 
#TS55
3 3 4 0 0 0 0 2 4 3 0 0 0 0 0 
2 3 3 1 0 0 0 2 2 3 0 0 0 0 0 
#TS56
4 3 4 0 0 0 0 2 1 3 0 0 0 0 0 
4 3 4 0 0 0 0 3 1 3 0 0 0 0 0 
#TS57
3 3 4 0 0 0 0 3 2 3 0 0 0 0 0 
3 3 3 0 0 0 0 4 2 4 0 0 0 0 0 
#TS58
0 3 3 0 1 3 0 0 4 0 1 0 0 0 0 
0 3 4 0 1 3 0 0 4 0 1 0 0 0 0 
#TS59
2 3 3 1 0 0 0 2 2 3 0 0 0 0 0 
2 3 4 0 0 0 0 3 1 2 0 0 0 0 0 
#TS60
1 2 0 3 1 3 1 0 3 1 0 0 1 0 0 
1 2 0 3 1 4 1 0 4 1 0 0 0 0 0 
#TS61
4 3 4 0 0 0 0 3 1 3 1 0 0 0 0 
1 4 4 0 1 0 0 3 1 0 1 0 0 0 0 
#TS62
2 3 1 2 0 0 0 1 4 1 0 0 0 1 0 
1 2 1 2 0 0 0 1 3 1 0 0 0 1 0 
#TS63
1 3 3 0 0 0 0 2 2 3 0 0 0 0 0 
1 3 3 0 0 0 0 2 2 3 0 0 0 0 0 
#TS64
4 3 2 0 1 2 0 1 1 1 0 0 1 0 0 
3 3 2 0 2 2 0 1 1 1 0 0 1 0 0 
#TS65
3 3 4 0 0 2 0 0 0 2 0 0 0 0 1 
4 3 4 0 0 2 0 0 0 4 0 0 0 0 1 
#TS66
1 2 2 0 0 1 0 0 3 2 0 0 0 0 0 
1 2 4 0 0 0 0 1 3 3 0 0 0 0 0 
#TS67
3 3 3 0 0 0 0 3 2 3 0 0 0 0 0 
3 3 4 0 0 0 0 3 1 3 0 0 0 0 0 
#TS68
3 3 4 0 0 2 0 1 0 3 0 0 0 0 1 
4 3 4 0 0 2 0 1 0 3 0 0 0 0 1 
#TS69
0 3 3 0 1 3 0 0 4 0 0 0 0 0 0 
1 2 0 0 0 2 1 1 3 3 0 0 0 0 0 
#TS70
4 3 4 0 0 0 0 3 1 3 0 0 0 1 0 
4 4 4 0 0 0 0 1 1 2 0 0 0 1 0 
#TS71
0 3 3 0 1 3 0 1 3 0 1 0 0 0 0 
0 3 3 0 1 3 0 0 4 0 1 0 0 0 0 
#TS72
0 3 4 0 1 3 0 0 4 0 1 0 0 0 0 
0 3 3 0 1 3 0 0 4 0 0 0 0 0 0 
#TS73
4 3 3 0 0 0 0 3 1 2 0 0 0 0 0 
4 3 3 0 0 0 0 3 1 2 0 0 0 0 0 
#TS74
1 0 0 3 3 4 4 0 4 0 0 0 0 0 0 
1 0 0 3 4 4 3 0 4 2 0 0 0 0 0 
#TS75
2 3 3 0 0 0 0 3 1 3 0 0 0 0 0 
3 3 4 0 0 0 0 3 1 4 0 0 0 0 0 
#TS76
3 4 2 0 0 0 0 0 2 1 0 0 0 1 0 
3 3 2 0 0 0 0 1 2 1 0 0 0 1 0 
#TS77
1 2 3 0 0 3 0 1 4 3 0 0 0 0 0 
1 2 4 0 0 2 1 1 3 3 0 0 0 0 0 
#TS78
3 3 2 0 0 0 0 1 2 1 0 0 0 1 0 
2 3 1 1 0 0 0 0 4 1 0 0 0 1 0 
#TS79
2 3 1 1 0 0 0 0 4 1 0 0 0 1 0 
2 3 1 2 0 0 0 1 4 1 0 0 0 1 0 
#TS80
4 3 4 0 0 3 1 1 0 3 0 0 0 0 1 
4 2 4 0 0 3 0 0 0 3 0 0 0 0 0 
#TS81
1 0 0 3 3 3 4 0 4 0 0 1 0 0 0 
1 0 0 2 4 3 4 0 4 0 0 1 0 0 0 
#TS82
1 0 0 3 4 2 4 0 4 1 0 1 0 0 0 
1 0 0 3 3 3 4 0 4 0 0 1 0 0 0 
#TS83
1 1 0 3 1 3 1 0 4 1 0 0 1 0 0 
1 2 0 3 1 3 1 0 3 1 0 0 1 0 0 
#TS84
2 3 3 0 0 0 0 2 2 3 0 0 0 0 0 
3 4 4 0 0 0 0 3 1 3 0 0 0 0 0 
#TS85
3 3 3 0 0 0 0 3 1 4 0 0 0 0 0 
3 3 4 0 0 0 0 4 1 3 0 0 0 0 0 
#TS86
1 2 1 3 2 3 1 1 3 1 0 0 1 0 0 
1 1 0 3 1 3 1 0 4 1 0 0 1 0 0 
#TS87
4 3 4 0 0 2 0 1 0 3 0 0 0 0 1 
3 4 4 0 0 2 0 1 0 3 0 0 0 0 1 
#TS88
2 2 3 0 0 0 0 3 1 3 0 0 0 0 0 
3 3 3 0 0 0 0 3 1 4 0 0 0 0 0 
#TS89
1 3 4 0 0 0 0 3 2 3 0 0 0 0 0 
2 3 3 0 0 0 0 3 1 3 0 0 0 0 0 
#TS90
1 2 2 1 0 0 0 3 2 3 0 0 0 0 0 
2 2 3 0 0 0 0 3 1 3 0 0 0 0 0 
#TS91
2 3 3 0 0 0 0 2 4 3 0 0 0 0 0 
2 3 3 0 0 0 0 2 2 3 0 0 0 0 0 
#TS92
4 2 4 0 0 3 0 0 0 3 0 0 0 0 0 
4 3 3 0 0 1 0 1 2 2 0 0 0 0 0 
#TS93
1 2 4 0 0 2 1 1 3 3 0 0 0 0 0 
1 3 3 0 0 1 1 1 3 3 0 0 0 0 0 
#TS94
0 3 4 0 1 1 0 2 0 0 1 0 0 0 0 
0 3 4 0 1 2 0 1 1 0 1 0 0 0 0 
#TS95
3 4 4 0 0 2 0 1 0 3 0 0 0 0 1 
3 3 4 0 0 2 0 0 0 2 0 0 0 0 1 
#TS96
4 3 3 0 0 0 0 3 1 3 0 0 0 0 0 
3 3 4 0 0 0 0 4 1 4 0 0 0 0 0 
