#TS1
3 1 3 3 0 0 3 3 4 3 0 0 0 0 0 
3 1 2 4 0 0 3 3 4 3 0 0 0 0 0 
#TS2
1 0 3 4 0 0 2 1 4 4 0 0 1 0 0 
0 0 3 4 2 1 3 0 4 3 0 0 1 0 0 
#TS3
3 2 0 2 0 2 0 1 2 3 0 0 0 1 0 
4 3 1 1 0 3 0 0 2 3 0 0 0 1 0 
#TS4
4 3 0 2 0 2 0 1 2 3 0 0 0 1 0 
3 2 1 1 0 3 0 1 1 4 0 0 0 1 0 
#TS5
2 1 1 1 0 1 0 4 4 3 0 1 0 0 0 
2 1 2 1 1 1 0 3 4 4 0 1 0 0 0 
#TS6
4 1 3 4 0 0 2 3 4 3 0 0 0 0 0 
3 1 3 4 0 1 3 3 4 3 0 0 0 0 0 
#TS7
3 1 3 4 0 0 3 3 4 4 0 0 0 0 0 
3 1 3 4 0 1 3 3 4 3 0 0 0 0 0 
#TS8
2 1 1 0 0 2 0 3 4 3 0 1 0 0 0 
2 1 2 1 1 2 1 3 4 3 0 0 0 0 0 
#TS9
3 1 3 3 0 2 3 3 4 3 0 0 0 0 0 
3 1 3 4 0 2 4 3 4 4 0 0 0 0 0 
#TS10
3 1 3 4 0 1 3 4 4 4 0 0 0 0 0 
4 1 3 4 0 1 3 3 4 3 0 0 0 0 0 
#TS11
0 0 3 2 3 4 3 0 4 3 0 0 1 0 0 
0 0 2 1 4 4 3 0 4 3 0 0 1 0 0 
#TS12
3 1 3 4 0 0 3 3 4 3 0 0 0 1 0 
2 2 3 4 0 1 1 1 2 4 0 0 0 1 0 
#TS13
3 1 2 4 1 1 1 3 4 3 0 1 0 0 0 
3 0 2 4 1 1 1 4 4 3 0 1 0 0 0 
#TS14
3 0 3 4 0 1 3 3 4 4 0 0 0 0 0 
4 1 3 4 0 1 2 3 4 4 0 0 0 0 0 
#TS15
0 0 2 1 3 3 3 0 4 4 0 0 1 0 0 
0 0 3 1 4 4 3 0 4 3 0 0 1 0 0 
#TS16
3 2 1 2 0 1 3 3 4 3 0 0 0 0 0 
3 1 3 3 0 2 3 3 4 3 0 0 0 0 0 
#TS17
3 0 3 3 0 0 3 4 3 4 0 0 0 0 0 
3 1 3 4 0 1 2 4 4 3 0 0 0 0 0 
#TS18
4 0 0 1 0 1 4 4 4 3 0 0 0 0 0 
3 1 3 3 0 1 3 3 4 4 0 0 0 0 0 
#TS19
3 1 1 3 0 1 0 3 4 3 0 1 0 0 0 
3 1 1 2 0 1 0 3 4 3 0 1 0 0 0 
#TS20
4 0 3 4 0 0 4 3 4 3 0 0 0 0 0 
3 1 3 4 0 0 2 3 3 3 0 0 0 0 0 
#TS21
0 0 3 4 2 1 3 0 4 3 0 0 1 0 0 
0 0 3 3 3 2 3 0 4 3 0 0 1 0 0 
#TS22
4 3 1 3 0 3 0 1 2 3 0 0 0 1 0 
3 2 1 1 0 2 0 0 2 3 0 0 0 1 0 
#TS23
3 1 3 4 0 2 4 3 4 4 0 0 0 0 0 
3 1 3 4 0 1 3 3 4 3 0 0 0 0 0 
#TS24
3 1 2 3 1 2 3 3 4 3 0 0 0 0 0 
4 1 3 3 1 0 3 3 4 3 0 0 0 0 0 
#TS25
0 0 3 3 3 2 3 0 4 3 0 0 1 0 0 
0 0 3 2 3 3 3 0 4 3 0 0 1 0 0 
#TS26
0 1 3 2 3 0 3 3 4 3 1 0 0 0 0 
0 1 3 1 3 1 4 2 4 3 1 0 0 0 0 
#TS27
3 1 3 4 0 0 2 3 3 3 0 0 0 0 0 
3 1 1 4 0 2 3 3 4 3 0 0 0 0 0 
#TS28
0 0 4 3 1 1 3 3 4 3 1 0 0 0 0 
0 0 3 4 2 1 3 3 4 3 1 0 0 0 0 
#TS29
0 1 3 2 4 0 3 3 4 4 1 0 0 0 0 
0 0 3 2 4 1 3 3 4 3 1 0 0 0 0 
#TS30
3 2 1 1 0 3 0 1 1 4 0 0 0 1 0 
3 3 2 1 0 3 0 0 1 3 0 0 0 1 0 
#TS31
3 1 3 3 0 1 3 3 4 4 0 0 0 0 0 
4 1 3 4 0 0 4 3 4 3 0 0 0 0 0 
#TS32
4 1 3 4 1 0 3 3 4 3 0 0 0 0 0 
4 1 3 4 1 0 3 3 4 3 0 0 0 0 0 
#TS33
3 2 2 4 0 2 0 1 2 4 0 0 0 1 0 
3 2 0 2 0 2 0 1 2 3 0 0 0 1 0 
#TS34
3 1 3 3 0 0 1 4 1 3 0 0 0 0 1 
3 0 3 2 0 0 1 4 1 3 0 0 0 0 1 
#TS35
3 1 3 4 0 0 3 3 4 3 0 0 0 0 1 
3 1 2 4 0 1 1 4 2 3 0 0 0 0 1 
#TS36
0 1 3 1 3 1 4 2 4 3 1 0 0 0 0 
0 1 3 2 4 0 3 3 4 4 1 0 0 0 0 
#TS37
2 1 2 1 1 1 0 3 4 4 0 1 0 0 0 
3 1 2 2 1 1 0 3 4 3 0 1 0 0 0 
#TS38
3 1 2 4 0 1 1 4 2 3 0 0 0 0 1 
3 1 3 3 0 0 1 4 1 3 0 0 0 0 1 
#TS39
3 1 3 4 0 1 2 4 4 3 0 0 0 0 0 
3 1 3 4 0 1 2 4 4 3 0 0 0 0 0 
#TS40
2 2 3 4 0 1 1 1 2 4 0 0 0 1 0 
3 2 2 4 0 2 0 1 2 4 0 0 0 1 0 
#TS41
3 1 3 4 1 0 4 3 4 3 0 0 0 0 0 
3 1 3 4 0 0 3 3 4 4 0 0 0 0 0 
#TS42
4 1 3 4 0 0 4 3 4 3 0 0 0 0 0 
4 0 3 4 0 0 4 3 4 3 0 0 0 0 0 
#TS43
3 2 1 1 0 2 0 0 2 3 0 0 0 1 0 
3 3 1 0 0 2 0 0 1 3 0 0 0 0 0 
#TS44
4 1 0 1 0 0 3 3 3 0 0 0 0 0 0 
4 0 0 1 0 1 4 4 4 3 0 0 0 0 0 
#TS45
4 1 3 4 0 1 4 3 4 3 0 0 0 0 0 
4 1 3 4 0 1 3 3 4 3 0 0 0 0 0 
#TS46
3 0 3 4 0 1 2 3 4 3 0 0 0 0 0 
3 1 3 3 0 0 3 3 4 3 0 0 0 0 0 
#TS47
3 3 1 0 0 2 0 0 1 3 0 0 0 0 0 
3 2 1 2 0 1 3 3 4 3 0 0 0 0 0 
#TS48
2 1 1 4 0 0 3 3 4 3 0 0 0 0 0 
3 1 3 4 0 0 3 3 4 3 0 0 0 0 0 
#TS49
4 2 3 4 0 1 3 4 4 4 0 0 0 0 0 
3 1 3 4 1 1 3 3 4 3 0 0 0 0 0 
#TS50
3 1 1 1 0 0 1 3 0 0 0 0 0 0 1 
3 1 2 2 0 1 1 2 0 0 0 0 0 0 0 
#TS51
0 0 3 2 4 1 3 3 4 3 1 0 0 0 0 
0 0 3 3 4 1 3 3 4 3 0 0 0 0 0 
#TS52
2 1 3 4 1 0 3 3 3 3 0 0 0 0 0 
3 1 3 4 1 0 3 3 4 3 0 0 0 0 0 
#TS53
2 1 3 4 2 1 3 3 4 3 0 0 0 0 0 
2 1 3 4 1 0 3 3 3 3 0 0 0 0 0 
#TS54
3 1 3 2 1 0 3 3 4 3 0 0 0 0 0 
3 1 2 4 0 1 4 4 4 3 0 0 0 0 0 
#TS55
4 1 3 3 1 0 3 3 4 3 0 0 0 0 0 
3 0 3 4 0 1 3 3 4 4 0 0 0 0 0 
#TS56
0 0 3 2 3 3 3 0 4 3 0 0 1 0 0 
0 0 2 1 3 3 3 0 4 4 0 0 1 0 0 
#TS57
2 1 2 1 0 0 1 4 4 3 0 1 0 0 0 
2 1 1 0 0 2 0 3 4 3 0 1 0 0 0 
#TS58
3 1 1 2 0 1 0 3 4 3 0 1 0 0 0 
2 1 1 1 0 1 0 4 4 3 0 1 0 0 0 
#TS59
0 0 3 1 3 3 3 0 4 3 0 0 0 0 0 
2 1 3 2 3 3 3 2 4 3 0 0 0 0 0 
#TS60
3 0 2 0 0 0 1 3 0 1 0 0 0 0 1 
3 1 1 1 0 0 1 4 0 0 0 0 0 0 1 
#TS61
0 0 3 4 2 1 3 3 4 3 1 0 0 0 0 
0 1 3 3 3 0 3 3 3 4 1 0 0 0 0 
#TS62
3 1 3 4 0 0 3 3 4 3 0 1 0 0 0 
3 1 2 4 1 1 1 3 4 3 0 1 0 0 0 
#TS63
0 0 3 3 4 1 3 3 4 3 0 0 0 0 0 
2 1 3 4 2 1 3 3 4 3 0 0 0 0 0 
#TS64
3 1 3 4 1 1 3 3 4 3 0 0 0 0 0 
3 1 3 4 0 1 3 3 4 3 0 0 0 0 0 
#TS65
3 0 2 4 1 1 1 4 4 3 0 1 0 0 0 
3 1 1 3 0 1 0 3 4 3 0 1 0 0 0 
#TS66
3 0 3 4 0 0 3 3 4 3 0 0 0 0 0 
3 0 3 4 0 0 3 3 4 3 0 0 0 0 0 
#TS67
4 1 1 1 0 0 1 3 0 0 0 0 0 0 1 
3 1 1 1 0 0 1 3 0 0 0 0 0 0 1 
#TS68
1 1 3 4 1 0 4 3 3 3 1 0 0 0 0 
0 0 4 3 1 1 3 3 4 3 1 0 0 0 0 
#TS69
4 1 3 4 0 1 2 3 4 4 0 0 0 0 0 
4 2 3 4 0 1 3 4 4 4 0 0 0 0 0 
#TS70
2 1 3 2 3 3 3 2 4 3 0 0 0 0 0 
3 1 2 3 1 2 3 3 4 3 0 0 0 0 0 
#TS71
3 1 3 4 1 0 3 3 4 3 0 0 0 0 0 
3 1 3 4 1 0 4 3 4 3 0 0 0 0 0 
#TS72
3 0 3 2 0 0 1 4 1 3 0 0 0 0 1 
3 0 3 4 0 1 1 3 0 2 0 0 0 0 1 
#TS73
4 3 1 1 0 3 0 0 2 3 0 0 0 1 0 
4 3 0 2 0 2 0 1 2 3 0 0 0 1 0 
#TS74
3 1 2 4 0 1 4 4 4 3 0 0 0 0 0 
4 1 3 4 0 1 4 3 4 3 0 0 0 0 0 
#TS75
3 1 1 4 0 2 3 3 4 3 0 0 0 0 0 
2 1 1 4 0 0 3 3 4 3 0 0 0 0 0 
#TS76
3 0 3 4 0 1 1 3 0 2 0 0 0 0 1 
3 0 2 0 0 0 1 3 0 1 0 0 0 0 1 
#TS77
3 1 3 3 0 1 3 3 4 3 0 0 0 0 0 
4 1 3 4 0 0 3 3 4 3 0 0 0 0 0 
#TS78
0 0 2 1 4 4 3 0 4 3 0 0 1 0 0 
0 0 3 2 3 2 3 0 4 3 0 0 1 0 0 
#TS79
3 1 2 2 0 1 1 2 0 0 0 0 0 0 0 
4 1 0 1 0 0 3 3 3 0 0 0 0 0 0 
#TS80
3 1 3 4 0 1 4 3 4 3 0 0 0 0 0 
3 1 3 4 0 1 4 3 4 3 0 0 0 0 0 
#TS81
3 1 3 4 0 0 3 3 4 3 0 0 1 0 0 
1 0 3 4 0 0 2 1 4 4 0 0 1 0 0 
#TS82
3 3 2 1 0 3 0 0 1 3 0 0 0 1 0 
4 3 1 3 0 3 0 1 2 3 0 0 0 1 0 
#TS83
3 1 2 4 0 0 3 3 4 3 0 0 0 0 0 
4 1 3 4 1 0 3 3 4 3 0 0 0 0 0 
#TS84
0 1 3 3 3 0 3 3 3 4 1 0 0 0 0 
0 1 3 3 3 1 3 4 3 3 1 0 0 0 0 
#TS85
4 1 3 4 0 1 3 3 4 4 0 0 0 0 0 
3 0 3 4 0 1 2 3 4 3 0 0 0 0 0 
#TS86
0 0 3 1 4 4 3 0 4 3 0 0 1 0 0 
0 0 3 2 3 4 3 0 4 3 0 0 1 0 0 
#TS87
0 1 3 3 3 1 3 4 3 3 1 0 0 0 0 
0 1 3 2 3 0 3 3 4 3 1 0 0 0 0 
#TS88
3 1 1 2 0 1 1 3 0 0 0 0 0 0 1 
4 1 1 1 0 0 1 3 0 0 0 0 0 0 1 
#TS89
0 0 3 2 3 2 3 0 4 3 0 0 1 0 0 
0 0 3 1 3 3 3 0 4 3 0 0 0 0 0 
#TS90
3 1 1 1 0 0 1 4 0 0 0 0 0 0 1 
3 1 1 2 0 1 1 3 0 0 0 0 0 0 1 
#TS91
2 1 2 1 1 2 1 3 4 3 0 0 0 0 0 
3 1 3 2 1 0 3 3 4 3 0 0 0 0 0 
#TS92
3 1 2 2 1 1 0 3 4 3 0 1 0 0 0 
2 1 2 1 0 0 1 4 4 3 0 1 0 0 0 
#TS93
4 0 3 4 0 1 3 3 4 3 0 0 0 0 0 
3 0 3 3 0 0 3 4 3 4 0 0 0 0 0 
#TS94
4 0 3 3 0 1 3 3 4 3 0 0 0 0 0 
4 0 3 4 0 1 3 3 4 3 0 0 0 0 0 
#TS95
3 1 3 4 0 0 3 3 4 3 1 0 0 0 0 
1 1 3 4 1 0 4 3 3 3 1 0 0 0 0 
