#TS1
2 0 2 2 2 0 1 3 1 3 0 1 0 0 0 
2 1 2 3 2 0 1 3 2 3 0 1 0 0 0 
#TS2
2 3 1 1 3 0 1 3 1 0 0 0 0 1 0 
2 3 1 4 3 0 1 4 3 0 0 0 0 1 0 
#TS3
2 1 2 3 2 0 1 3 2 3 0 1 0 0 0 
1 1 2 3 3 0 1 3 1 3 0 1 0 0 0 
#TS4
2 1 3 2 3 1 1 3 1 3 0 0 0 0 0 
2 1 3 2 3 1 1 3 1 3 0 0 0 0 0 
#TS5
1 2 2 2 3 0 1 3 2 0 0 0 0 1 0 
2 1 2 3 3 0 1 3 1 0 0 0 0 1 0 
#TS6
1 3 0 3 3 0 1 4 3 2 0 0 0 0 0 
1 3 1 3 4 1 1 4 1 3 0 0 0 0 0 
#TS7
1 2 2 3 3 1 1 4 0 3 0 0 0 0 0 
2 2 2 4 4 1 1 3 1 3 0 0 0 0 0 
#TS8
1 2 1 3 0 0 4 3 2 4 0 0 0 0 1 
0 3 0 2 0 0 3 3 1 4 0 0 0 0 1 
#TS9
2 1 2 3 3 1 1 3 1 3 0 0 0 0 0 
1 2 2 3 3 1 1 3 0 3 0 0 0 0 0 
#TS10
0 3 0 3 0 0 3 3 1 3 0 0 0 0 1 
0 2 0 3 0 0 4 4 1 2 0 0 0 0 0 
#TS11
3 3 3 1 3 1 0 1 1 0 1 0 0 0 0 
4 3 3 1 3 0 0 1 3 0 1 0 0 0 0 
#TS12
2 3 3 2 4 0 2 3 4 3 0 0 0 0 0 
1 2 2 3 3 1 1 3 2 3 0 0 0 0 0 
#TS13
2 2 3 3 3 1 1 3 2 1 1 0 0 0 0 
3 3 3 2 3 0 0 3 1 0 1 0 0 0 0 
#TS14
1 2 2 3 3 1 1 3 2 3 0 0 0 0 0 
1 2 2 3 4 2 2 3 1 3 0 0 0 0 0 
#TS15
1 3 1 3 4 1 1 4 1 3 0 0 0 0 0 
1 3 2 3 4 1 1 4 1 3 0 0 0 0 0 
#TS16
0 2 2 4 3 1 2 3 3 3 0 0 0 0 0 
0 2 2 4 3 1 2 3 3 4 0 0 0 0 0 
#TS17
2 1 2 3 3 1 1 2 2 3 0 0 0 0 0 
2 1 2 3 3 1 1 3 1 3 0 0 0 0 0 
#TS18
1 2 3 2 3 1 1 3 1 4 0 0 0 0 0 
2 2 3 3 3 1 1 3 1 3 0 0 0 0 0 
#TS19
1 2 3 3 3 0 1 3 1 3 0 0 0 0 0 
1 2 3 3 3 1 1 3 4 3 0 0 0 0 0 
#TS20
0 3 4 1 1 0 4 3 1 4 0 0 1 0 0 
0 3 3 1 0 0 3 3 1 4 0 0 0 0 0 
#TS21
4 4 2 1 3 1 0 1 1 1 0 0 0 0 0 
4 2 1 1 3 0 0 0 2 2 0 0 0 0 0 
#TS22
4 4 3 2 3 1 0 1 3 0 1 0 0 0 0 
4 4 2 1 3 1 1 1 1 0 1 0 0 0 0 
#TS23
0 3 3 2 1 0 4 3 3 3 0 0 1 0 0 
0 3 4 2 2 0 4 3 1 3 0 0 1 0 0 
#TS24
3 4 2 0 3 0 0 1 0 0 1 0 0 0 0 
4 4 2 1 3 1 0 1 1 1 0 0 0 0 0 
#TS25
1 2 2 3 3 0 1 4 1 3 0 0 0 0 0 
2 1 2 3 3 1 1 2 2 3 0 0 0 0 0 
#TS26
4 3 3 1 3 0 0 1 3 0 1 0 0 0 0 
4 4 3 2 3 1 0 1 3 0 1 0 0 0 0 
#TS27
1 3 1 2 3 0 3 3 1 3 0 1 0 0 0 
0 3 1 4 3 0 4 3 1 3 0 0 0 0 0 
#TS28
1 3 2 3 3 1 1 4 1 3 0 0 0 0 0 
1 2 2 4 3 1 2 3 1 4 0 0 0 0 0 
#TS29
2 4 1 3 3 0 2 3 4 0 0 0 0 1 0 
2 3 0 3 3 0 1 4 1 0 0 0 0 1 0 
#TS30
1 2 3 2 0 0 4 3 1 3 0 0 1 0 0 
0 3 3 2 1 0 4 3 3 3 0 0 1 0 0 
#TS31
0 3 0 2 0 0 3 3 1 4 0 0 0 0 1 
0 3 0 3 0 0 4 3 1 4 0 0 0 0 1 
#TS32
4 3 3 2 3 1 0 1 1 0 1 0 0 0 0 
3 3 3 1 3 1 0 1 1 0 1 0 0 0 0 
#TS33
2 2 4 3 3 0 2 3 1 3 0 0 1 0 0 
1 2 4 2 1 0 4 3 1 3 0 0 1 0 0 
#TS34
2 2 2 4 4 1 1 3 1 3 0 0 0 0 0 
2 3 3 2 4 0 2 3 4 3 0 0 0 0 0 
#TS35
0 2 2 3 4 0 1 4 3 3 0 0 0 0 0 
1 3 2 3 3 1 1 4 1 3 0 0 0 0 0 
#TS36
0 3 1 4 3 0 4 3 1 3 0 0 0 0 0 
0 2 1 3 3 0 3 4 1 3 0 0 0 0 0 
#TS37
0 3 0 3 0 0 4 3 1 4 0 0 0 0 1 
0 3 0 3 0 0 4 3 2 3 0 0 0 0 1 
#TS38
1 1 2 4 3 1 2 3 1 3 0 0 0 0 0 
0 1 3 3 3 1 1 3 0 3 0 0 0 0 0 
#TS39
4 4 3 3 2 1 0 2 1 1 1 0 0 0 0 
4 3 3 2 3 1 0 1 1 0 1 0 0 0 0 
#TS40
1 2 3 3 3 1 2 3 1 3 0 0 0 0 0 
1 2 3 3 3 1 2 3 1 3 0 0 0 0 0 
#TS41
4 1 3 1 3 1 1 1 1 3 0 0 0 0 0 
3 1 3 1 3 1 1 2 2 3 0 0 0 0 0 
#TS42
1 2 2 3 0 0 2 3 3 3 0 0 0 0 1 
1 2 2 2 0 0 3 4 2 3 0 0 0 0 1 
#TS43
1 2 2 3 3 0 1 3 1 3 0 1 0 0 0 
1 2 1 3 3 0 3 3 1 3 0 1 0 0 0 
#TS44
1 2 4 2 1 0 4 3 1 3 0 0 1 0 0 
1 2 3 2 0 0 4 3 1 3 0 0 1 0 0 
#TS45
2 1 3 2 1 0 1 3 1 2 0 0 0 0 1 
2 1 3 2 0 0 2 4 1 3 0 0 0 0 1 
#TS46
0 1 3 3 3 1 1 3 0 3 0 0 0 0 0 
1 1 3 3 4 1 1 3 1 4 0 0 0 0 0 
#TS47
2 2 3 3 3 1 1 3 1 3 0 0 0 0 0 
3 1 3 4 3 1 1 3 1 4 0 0 0 0 0 
#TS48
2 1 3 3 3 1 1 3 3 3 0 0 0 0 0 
1 2 3 2 3 1 1 3 3 4 0 0 0 0 0 
#TS49
0 2 2 3 4 1 3 4 1 3 0 0 0 0 0 
0 2 2 3 4 0 1 4 3 3 0 0 0 0 0 
#TS50
1 2 3 3 3 1 1 3 4 3 0 0 0 0 0 
1 2 3 3 3 1 1 3 2 3 0 0 0 0 0 
#TS51
2 2 2 4 3 1 1 3 3 2 0 0 0 0 0 
2 1 3 3 3 1 1 3 3 3 0 0 0 0 0 
#TS52
1 2 3 3 3 1 1 3 2 3 0 0 0 0 0 
2 1 2 3 2 1 1 3 1 3 0 0 0 0 0 
#TS53
2 2 1 3 3 0 1 3 1 0 0 0 0 1 0 
2 3 1 1 3 0 1 3 1 0 0 0 0 1 0 
#TS54
1 2 2 2 0 0 3 4 2 3 0 0 0 0 1 
1 2 1 3 0 0 4 3 2 4 0 0 0 0 1 
#TS55
1 2 2 3 4 2 2 3 1 3 0 0 0 0 0 
2 1 3 3 3 1 1 3 1 3 0 0 0 0 0 
#TS56
1 3 2 3 4 1 1 4 1 3 0 0 0 0 0 
1 2 2 3 3 1 1 4 0 3 0 0 0 0 0 
#TS57
3 2 3 2 3 1 2 4 1 3 0 0 0 0 0 
2 1 3 2 3 1 1 3 1 3 0 0 0 0 0 
#TS58
3 2 1 3 3 0 1 3 2 0 0 0 0 1 0 
2 2 1 3 3 0 1 3 1 0 0 0 0 1 0 
#TS59
3 1 3 4 3 1 1 3 1 4 0 0 0 0 0 
2 1 3 3 3 1 1 3 2 3 0 0 0 0 0 
#TS60
1 2 3 2 3 1 1 4 1 3 0 0 0 0 0 
1 2 3 2 3 1 1 4 1 3 0 0 0 0 0 
#TS61
1 2 3 2 3 1 1 3 3 4 0 0 0 0 0 
1 2 3 3 3 1 2 3 1 3 0 0 0 0 0 
#TS62
2 1 3 2 2 0 1 3 1 1 0 0 0 1 0 
1 2 2 2 3 0 1 3 2 0 0 0 0 1 0 
#TS63
0 2 0 3 3 0 4 4 2 3 0 0 0 0 0 
0 2 2 4 3 1 2 3 3 3 0 0 0 0 0 
#TS64
2 1 3 3 3 1 1 3 1 3 0 0 1 0 0 
2 2 4 3 3 0 2 3 1 3 0 0 1 0 0 
#TS65
0 2 2 4 3 1 2 3 3 4 0 0 0 0 0 
0 2 2 3 4 1 1 3 4 3 0 0 0 0 0 
#TS66
2 1 3 3 3 1 1 3 1 3 0 0 0 0 1 
2 1 3 2 1 0 1 3 1 2 0 0 0 0 1 
#TS67
0 2 1 3 3 0 3 4 1 3 0 0 0 0 0 
0 2 2 3 4 1 3 4 1 3 0 0 0 0 0 
#TS68
2 3 1 4 3 0 1 4 3 0 0 0 0 1 0 
2 4 1 3 3 0 2 3 4 0 0 0 0 1 0 
#TS69
1 1 2 3 3 0 1 3 1 3 0 1 0 0 0 
1 2 2 3 3 0 1 3 1 3 0 1 0 0 0 
#TS70
2 1 3 2 0 0 2 4 1 3 0 0 0 0 1 
1 2 2 3 0 0 2 3 3 3 0 0 0 0 1 
#TS71
3 3 3 2 3 0 0 3 1 0 1 0 0 0 0 
4 4 3 3 2 1 0 2 1 1 1 0 0 0 0 
#TS72
1 2 2 3 3 1 1 3 1 3 0 0 0 0 0 
1 2 3 2 3 1 1 3 1 4 0 0 0 0 0 
#TS73
0 3 4 2 1 0 4 3 1 3 0 0 1 0 0 
0 3 4 1 1 0 4 3 1 4 0 0 1 0 0 
#TS74
0 3 4 2 2 0 4 3 1 3 0 0 1 0 0 
0 3 4 1 1 0 4 4 0 3 0 0 1 0 0 
#TS75
1 2 2 2 3 0 2 4 2 3 0 1 0 0 0 
1 3 1 3 4 0 3 3 0 3 0 1 0 0 0 
#TS76
2 1 3 3 3 1 1 3 1 3 1 0 0 0 0 
2 2 3 3 3 1 1 3 2 1 1 0 0 0 0 
#TS77
4 2 1 1 3 0 0 0 2 2 0 0 0 0 0 
4 1 3 1 3 1 1 1 1 3 0 0 0 0 0 
#TS78
0 2 2 3 4 1 1 3 4 3 0 0 0 0 0 
1 2 3 3 3 0 1 3 1 3 0 0 0 0 0 
#TS79
3 1 3 1 3 1 1 2 2 3 0 0 0 0 0 
3 2 3 3 3 1 1 3 1 3 0 0 0 0 0 
#TS80
2 1 3 3 3 1 1 3 2 3 0 0 0 0 0 
2 1 3 4 2 1 2 2 1 3 0 0 0 0 0 
#TS81
1 1 3 3 4 1 1 3 1 4 0 0 0 0 0 
2 2 3 3 4 1 1 3 1 3 0 0 0 0 0 
#TS82
1 3 0 4 4 0 2 3 0 0 0 0 0 0 0 
1 3 0 3 3 0 1 4 3 2 0 0 0 0 0 
#TS83
2 1 3 3 3 1 1 3 1 3 0 1 0 0 0 
2 0 2 2 2 0 1 3 1 3 0 1 0 0 0 
#TS84
0 1 1 3 3 1 2 3 3 3 0 0 0 0 0 
1 1 2 4 3 1 2 3 1 3 0 0 0 0 0 
#TS85
1 2 1 3 3 0 3 3 1 3 0 1 0 0 0 
1 2 2 2 3 0 2 4 2 3 0 1 0 0 0 
#TS86
3 2 3 3 3 1 1 3 1 3 0 0 0 0 0 
1 2 2 3 3 1 1 3 1 3 0 0 0 0 0 
#TS87
0 1 1 3 2 1 3 3 1 3 0 0 0 0 0 
0 1 1 3 3 1 2 3 3 3 0 0 0 0 0 
#TS88
4 4 2 1 3 1 1 1 1 0 1 0 0 0 0 
3 4 2 0 3 0 0 1 0 0 1 0 0 0 0 
#TS89
2 1 2 3 2 1 1 3 1 3 0 0 0 0 0 
3 2 3 2 3 1 2 4 1 3 0 0 0 0 0 
#TS90
1 2 2 3 3 1 1 3 0 3 0 0 0 0 0 
1 2 3 2 3 1 1 4 1 3 0 0 0 0 0 
#TS91
2 1 3 3 3 1 1 2 2 3 0 0 0 0 0 
2 1 3 3 3 1 1 2 2 3 0 0 0 0 0 
#TS92
1 2 2 4 3 1 2 3 1 4 0 0 0 0 0 
1 2 2 3 3 0 1 4 1 3 0 0 0 0 0 
#TS93
0 3 4 1 1 0 4 4 0 3 0 0 1 0 0 
0 3 4 2 1 0 4 3 1 3 0 0 1 0 0 
#TS94
0 3 3 1 0 0 3 3 1 4 0 0 0 0 0 
0 1 1 3 2 1 3 3 1 3 0 0 0 0 0 
#TS95
0 2 0 3 0 0 4 4 1 2 0 0 0 0 0 
0 2 0 3 3 0 4 4 2 3 0 0 0 0 0 
#TS96
2 1 3 4 2 1 2 2 1 3 0 0 0 0 0 
2 1 3 4 2 1 2 2 1 3 0 0 0 0 0 
#TS97
0 2 1 4 4 0 3 2 1 3 0 1 0 0 0 
1 3 1 2 3 0 3 3 1 3 0 1 0 0 0 
#TS98
1 3 1 3 4 0 3 3 0 3 0 1 0 0 0 
0 2 1 4 4 0 3 2 1 3 0 1 0 0 0 
#TS99
2 1 2 3 3 0 1 3 1 0 0 0 0 1 0 
3 2 1 3 3 0 1 3 2 0 0 0 0 1 0 
#TS100
2 2 3 3 4 1 1 3 1 3 0 0 0 0 0 
2 2 2 4 3 1 1 3 3 2 0 0 0 0 0 
#TS101
2 1 3 3 3 1 1 3 1 3 0 0 0 1 0 
2 1 3 2 2 0 1 3 1 1 0 0 0 1 0 
#TS102
2 3 0 3 3 0 1 4 1 0 0 0 0 1 0 
1 3 0 4 4 0 2 3 0 0 0 0 0 0 0 
#TS103
0 3 0 3 0 0 4 3 2 3 0 0 0 0 1 
0 3 0 3 0 0 3 3 1 3 0 0 0 0 1 
