#TS1
1 0 3 1 3 1 0 1 2 4 3 2 1 2 2 0 3 1 3 1 2 0 3 0 1 0 3 3 3 2 0 0 1 0 0 2 0 0 3 1 3 3 1 0 2 3 4 0 1 1 3 4 4 3 2 1 4 3 2 1 1 4 4 0 3 3 4 3 3 3 0 0 4 3 2 4 3 0 0 1 4 0 2 2 0 1 3 0 1 3 1 3 0 0 0 2 3 0 4 1 0 0 0 0 0 0 0 1 0 0 
1 0 3 2 4 1 0 1 2 4 3 2 1 2 2 1 2 1 3 2 1 0 2 0 0 0 3 3 3 2 0 0 1 1 0 1 0 0 3 2 3 3 0 0 2 3 3 0 1 1 3 3 4 3 3 1 3 3 2 1 1 4 3 0 3 3 4 3 3 4 0 0 3 3 2 4 3 0 0 1 4 0 2 2 0 1 3 1 0 3 0 2 0 0 0 1 3 0 4 1 0 0 0 0 0 0 0 1 0 0 
#TS2
4 0 3 4 1 0 1 0 1 3 2 0 3 3 2 0 4 0 0 1 4 3 3 0 0 0 0 3 0 3 2 3 2 0 2 0 1 3 0 3 0 3 1 0 1 1 4 0 1 2 3 2 0 2 0 4 3 3 3 3 0 1 3 0 3 3 2 0 3 3 0 0 4 0 0 4 0 0 3 1 4 0 0 2 0 0 1 3 0 2 0 3 0 0 0 4 4 4 4 0 0 0 1 0 0 0 0 0 0 0 
4 0 3 4 1 0 1 0 0 2 2 0 4 3 2 0 3 0 0 0 2 2 3 0 0 0 0 3 0 4 2 4 2 0 1 0 1 3 0 4 0 3 1 0 2 0 2 0 1 1 3 1 0 1 0 4 4 3 2 4 1 0 3 1 3 0 1 0 3 3 0 0 3 1 0 4 0 0 3 1 4 0 0 2 0 1 1 4 0 2 0 3 0 0 0 4 3 4 4 0 0 0 1 0 0 0 0 0 0 0 
#TS3
1 0 3 1 1 3 1 1 2 3 3 2 2 2 2 0 2 2 3 1 2 3 3 2 3 2 3 3 3 2 2 0 0 0 0 2 0 0 3 1 3 3 1 0 2 3 4 0 1 1 3 2 4 3 0 4 3 3 2 1 1 4 3 0 3 2 4 3 3 3 0 0 3 2 0 4 3 0 3 1 4 0 2 2 0 1 1 1 3 0 4 3 0 0 0 4 3 0 4 1 0 0 0 0 0 0 0 0 1 0 
1 0 3 1 1 3 0 1 1 3 2 2 2 1 2 1 2 2 2 1 1 3 3 3 3 2 3 4 0 2 2 0 1 0 0 2 0 0 2 1 3 1 1 0 2 3 4 0 1 1 4 2 1 1 0 4 3 3 2 1 0 1 3 0 4 2 4 3 3 3 0 0 3 2 0 3 3 0 3 0 4 0 1 1 1 2 1 1 3 0 4 0 0 0 0 4 3 0 4 1 0 0 0 0 0 0 0 0 1 0 
#TS4
2 0 4 3 0 2 1 0 3 3 3 2 2 2 2 0 3 0 3 0 2 4 3 2 3 2 2 3 3 2 2 0 0 0 0 0 1 0 1 2 3 3 1 0 2 1 4 0 1 1 3 2 4 3 0 4 3 3 2 1 1 2 3 0 3 2 4 3 2 3 0 0 3 2 0 4 3 0 2 1 4 0 2 2 0 1 1 3 1 0 2 3 0 0 0 4 3 0 4 1 0 0 0 0 0 0 0 0 0 0 
3 0 3 2 1 2 1 0 2 4 3 2 2 2 2 0 3 1 3 0 2 4 3 2 4 2 2 3 3 2 3 0 0 0 0 1 1 0 2 2 3 3 2 0 2 2 4 0 1 1 3 1 4 3 0 4 3 3 2 1 1 2 3 0 4 2 4 3 3 3 0 0 3 2 1 4 3 0 3 2 4 0 2 3 0 1 1 1 1 0 3 3 0 1 0 4 2 1 4 1 0 0 0 0 0 0 0 0 0 0 
#TS5
3 0 3 3 1 0 1 0 1 3 1 1 4 3 2 0 2 0 1 1 3 3 3 0 1 1 0 4 0 3 2 3 1 0 1 0 1 3 0 3 0 3 2 0 2 0 4 0 1 2 4 2 0 2 0 4 3 3 3 1 1 1 3 0 3 2 4 0 3 3 0 0 3 0 0 3 0 0 3 1 3 0 1 2 0 0 0 3 0 2 0 3 0 0 0 4 3 4 4 0 0 0 1 0 0 0 0 0 0 0 
4 0 3 4 1 0 1 0 1 3 2 0 3 3 2 0 4 0 0 1 4 3 3 0 0 0 0 3 0 3 2 3 2 0 2 0 1 3 0 3 0 3 1 0 1 1 4 0 1 2 3 2 0 2 0 4 3 3 3 3 0 1 3 0 3 3 2 0 3 3 0 0 4 0 0 4 0 0 3 1 4 0 0 2 0 0 1 3 0 2 0 3 0 0 0 4 4 4 4 0 0 0 1 0 0 0 0 0 0 0 
#TS6
2 0 3 1 1 2 1 0 4 3 3 2 0 1 1 0 3 0 1 1 2 2 3 1 3 3 2 3 3 3 2 1 3 0 0 0 2 0 1 3 3 3 1 0 2 0 4 0 0 3 0 2 0 2 0 4 3 3 2 1 1 2 3 0 3 2 4 0 3 3 0 0 4 0 0 4 3 0 3 1 4 0 3 2 0 1 1 2 1 0 2 3 0 0 0 4 3 1 4 1 0 0 0 0 0 0 0 0 0 0 
1 0 3 2 1 2 1 0 3 3 3 1 1 1 0 0 3 0 2 0 2 4 3 2 3 2 1 3 3 3 2 0 3 0 0 0 2 0 1 3 3 3 1 0 2 1 4 0 0 3 0 2 1 3 0 4 3 3 1 1 0 1 3 0 3 2 4 0 3 3 0 0 3 2 0 3 3 0 3 1 4 0 2 2 0 1 1 1 0 0 3 3 0 0 0 4 3 0 4 1 0 0 0 0 0 0 0 0 0 0 
#TS7
2 0 3 3 0 2 1 0 3 4 3 2 2 1 2 0 2 0 3 0 2 3 3 2 3 2 3 4 3 2 1 0 0 0 0 1 0 0 2 2 2 3 1 0 2 2 4 0 1 1 3 2 4 3 0 3 3 3 2 1 0 2 3 0 3 2 4 3 3 3 0 0 4 2 0 4 3 0 3 1 4 0 3 1 0 1 1 2 1 0 2 3 0 0 0 4 4 0 4 1 0 0 0 0 0 0 0 0 0 0 
2 0 3 3 0 2 1 0 3 4 3 2 2 1 2 0 2 0 3 0 2 3 3 2 3 2 3 4 3 2 1 0 0 0 0 1 0 0 2 2 2 3 1 0 2 2 4 0 1 1 3 2 4 3 0 3 3 3 2 1 0 2 3 0 3 2 4 3 3 3 0 0 4 2 0 4 3 0 3 1 4 0 3 1 0 1 1 2 1 0 2 3 0 0 0 4 4 0 4 1 0 0 0 0 0 0 0 0 0 0 
#TS8
3 0 3 2 1 2 0 0 4 3 2 2 2 2 0 3 1 0 0 0 2 3 2 3 3 1 2 3 2 3 1 1 3 1 0 0 3 3 0 4 0 3 1 0 2 2 3 1 1 2 2 1 1 2 0 4 0 3 2 1 2 1 3 0 3 3 4 0 3 3 0 0 3 2 0 4 3 2 2 3 4 0 3 2 0 1 2 2 0 3 2 3 1 1 0 4 3 0 4 2 0 0 0 0 0 0 0 0 0 0 
2 0 3 2 1 2 1 1 3 3 2 2 2 2 0 1 2 0 1 0 2 3 3 2 3 1 3 3 3 2 0 1 3 0 0 0 2 3 0 3 1 3 1 0 2 0 4 1 0 2 2 1 1 2 0 4 1 3 3 1 2 1 3 0 3 3 4 0 3 3 0 0 3 2 0 4 2 2 3 2 4 0 2 3 0 2 2 2 0 1 3 4 2 1 0 4 3 0 4 2 0 0 0 0 0 0 0 0 0 0 
#TS9
1 0 3 1 1 3 1 1 2 3 3 2 2 2 2 0 2 2 3 1 2 3 3 2 3 2 3 3 3 2 2 0 0 0 0 2 0 0 3 1 3 3 1 0 2 3 4 0 1 1 3 2 4 3 0 4 3 3 2 1 1 4 3 0 3 2 4 3 3 3 0 0 3 2 0 4 3 0 3 1 4 0 2 2 0 1 1 1 3 0 4 3 0 0 0 4 3 0 4 1 0 0 0 0 0 0 0 1 0 0 
1 0 3 2 1 1 0 1 2 4 3 2 1 2 2 0 2 2 3 2 2 0 3 0 4 1 2 3 3 2 1 0 0 0 0 3 0 0 3 1 3 3 1 0 2 3 4 0 1 1 3 3 4 3 1 2 3 2 2 1 0 4 3 0 4 3 4 2 3 3 0 0 3 2 1 4 3 0 1 0 4 0 2 3 0 1 3 0 2 2 3 3 0 1 0 2 4 0 4 1 0 0 0 0 0 0 0 1 0 0 
#TS10
1 0 3 1 1 3 1 1 2 3 3 0 2 2 0 1 3 1 2 0 2 3 3 3 2 0 3 0 3 3 1 0 3 3 0 0 2 0 3 2 3 3 1 0 2 3 4 0 1 3 3 2 1 3 2 2 3 2 2 1 1 4 2 1 3 1 2 0 3 4 0 0 4 2 0 4 3 0 3 1 4 0 2 3 0 1 3 2 1 0 4 3 0 0 0 4 2 0 4 1 0 0 0 0 0 0 0 0 0 0 
3 0 3 1 1 2 1 1 2 3 3 1 2 3 1 1 2 1 3 0 2 4 3 3 3 0 3 0 3 2 0 0 2 3 0 0 2 0 4 2 3 3 1 0 2 3 2 0 2 3 3 2 2 3 2 1 3 3 2 1 1 4 3 1 3 2 4 0 3 3 0 0 3 2 0 4 3 0 3 1 4 0 2 2 0 1 1 2 2 0 4 3 0 0 0 4 2 0 4 1 0 0 0 0 0 0 0 0 0 0 
#TS11
2 0 3 2 1 2 1 0 2 3 1 1 3 2 1 0 3 0 2 0 2 3 3 2 4 0 2 0 3 1 2 0 3 0 1 0 3 3 0 4 1 3 1 0 2 1 4 1 1 2 3 1 2 3 0 4 3 3 2 1 1 1 3 2 3 2 4 0 3 3 0 0 3 2 0 4 3 1 2 1 4 0 2 2 0 2 2 2 1 2 2 4 0 1 0 4 2 0 4 3 0 0 0 0 0 0 0 0 0 0 
2 0 3 2 1 2 1 1 2 3 3 1 2 2 1 0 3 0 3 0 2 2 3 3 3 0 3 0 3 2 2 0 1 0 0 0 2 2 1 3 1 3 1 0 2 0 4 1 1 1 3 2 3 3 0 4 3 3 2 1 1 1 3 1 3 2 4 1 3 3 0 0 3 2 0 3 3 0 2 1 4 0 2 2 0 1 2 2 1 1 2 3 1 0 0 4 3 0 4 2 0 0 0 0 0 0 0 0 0 0 
#TS12
1 0 3 1 1 1 1 4 1 3 3 2 2 0 1 0 3 1 2 2 2 3 3 1 2 3 2 3 2 3 1 0 3 0 0 1 1 0 3 1 3 3 1 0 2 3 4 0 1 2 3 2 1 3 0 4 3 3 1 0 1 1 4 0 4 3 4 1 1 3 0 0 3 2 4 4 3 0 3 2 4 1 1 2 0 1 1 2 0 0 3 3 0 0 0 4 3 0 4 1 0 0 0 0 0 0 0 0 0 1 
2 0 4 1 1 1 1 4 2 2 3 2 2 0 2 0 3 1 3 2 2 4 3 1 2 3 3 3 2 2 2 0 3 0 0 0 2 0 3 0 3 3 1 0 2 3 4 0 1 3 3 2 1 3 0 4 3 3 1 0 1 1 3 0 4 3 4 0 0 4 0 0 3 1 4 4 3 0 3 1 4 2 1 2 0 1 1 2 0 0 3 3 0 0 0 4 3 0 4 1 0 0 0 0 0 0 0 0 0 1 
#TS13
1 0 3 1 3 3 1 1 0 4 2 1 4 4 2 1 2 2 2 1 2 3 3 1 2 1 1 3 0 4 3 3 3 0 0 0 1 0 3 1 3 3 0 0 2 3 4 0 1 2 3 4 0 3 0 4 3 4 4 1 1 4 3 0 3 3 4 1 3 3 0 0 2 2 4 4 3 0 1 0 4 0 0 2 0 1 1 1 3 0 4 3 3 0 4 4 1 1 4 1 0 0 0 1 0 0 0 0 0 0 
1 0 3 1 2 3 1 1 0 4 2 0 3 3 2 1 2 2 1 2 2 3 2 1 1 1 1 3 0 3 3 3 3 0 0 0 2 0 3 0 3 3 0 0 2 3 4 0 1 2 3 4 0 2 0 4 3 4 4 1 1 4 3 0 3 3 2 0 3 3 0 0 3 3 4 4 3 0 2 0 4 0 1 2 0 1 1 1 4 0 4 3 3 0 4 4 0 1 3 1 0 0 0 1 0 0 0 0 0 0 
#TS14
1 0 4 3 0 0 1 0 2 3 2 2 1 2 1 1 0 0 2 2 2 3 0 2 3 2 1 3 0 4 0 2 1 1 0 0 4 4 3 3 2 3 1 0 2 3 3 3 1 1 3 4 2 2 1 3 0 3 2 1 0 0 3 0 0 3 4 2 3 3 0 0 1 2 3 4 3 1 3 3 2 0 3 2 3 0 1 3 0 2 1 3 0 0 0 3 4 0 4 1 0 0 0 0 0 0 1 0 0 0 
2 0 3 2 0 1 1 0 2 4 1 2 1 1 2 2 0 0 0 1 2 4 0 2 3 2 1 3 0 4 0 2 2 1 1 0 4 4 3 4 1 3 1 0 2 3 1 2 0 1 2 2 1 2 1 4 0 3 2 1 0 0 3 0 0 2 4 1 3 4 0 0 0 3 4 3 3 1 3 4 3 0 3 4 4 1 1 2 0 3 1 3 0 0 0 4 3 0 4 1 0 0 0 0 0 0 1 0 0 0 
#TS15
2 4 2 4 1 0 1 2 2 3 3 4 3 1 2 0 3 1 3 1 2 3 2 2 2 3 2 3 0 3 2 1 1 0 1 1 0 0 2 3 2 3 0 0 2 2 2 0 2 1 3 2 4 4 0 4 0 3 2 0 1 4 3 0 4 2 4 3 4 3 0 0 3 2 0 3 3 2 3 1 4 0 4 4 4 0 0 0 0 4 1 2 3 1 2 4 3 4 4 1 1 0 0 0 0 0 0 0 0 0 
1 3 3 4 1 0 1 3 2 3 3 3 2 1 2 0 3 1 1 2 2 3 2 2 2 4 1 3 0 3 2 2 1 0 2 1 1 0 2 2 3 3 0 0 2 2 4 0 2 1 3 2 2 3 0 4 0 3 2 0 1 2 3 0 3 2 4 3 3 3 0 0 3 2 0 4 3 3 3 2 4 0 3 2 4 0 0 0 0 4 2 3 3 0 1 4 4 3 4 1 1 0 0 0 0 0 0 0 0 0 
#TS16
1 4 3 1 1 3 1 4 0 2 0 0 4 3 2 1 2 2 2 2 2 3 3 2 3 1 3 3 0 3 1 4 4 2 0 1 0 0 2 1 3 3 0 0 2 3 4 2 1 1 2 2 0 1 4 2 3 2 2 1 1 0 3 0 3 2 4 1 2 3 0 2 4 2 3 3 3 0 3 1 4 0 3 2 0 3 3 2 3 0 4 3 0 0 0 4 3 0 4 2 0 1 0 0 0 0 0 0 0 0 
1 3 3 1 1 3 1 4 0 1 0 0 4 4 2 2 2 2 1 3 2 3 3 2 3 0 3 3 0 3 1 4 4 3 0 1 2 1 2 2 3 3 0 0 2 3 3 2 1 1 3 2 0 0 4 1 3 3 1 1 1 0 3 0 3 2 2 0 2 3 0 2 4 3 3 4 3 0 4 1 4 0 2 2 0 4 3 3 3 1 3 3 0 0 0 4 3 0 2 3 0 1 0 0 0 0 0 0 0 0 
#TS17
2 0 3 1 1 1 1 4 2 2 3 2 2 0 2 0 3 1 2 1 2 3 3 1 2 2 2 3 2 2 1 0 3 0 0 0 2 0 2 1 3 3 1 0 2 3 4 0 1 3 3 2 1 4 0 4 4 3 2 0 1 0 3 0 3 3 4 0 0 3 0 0 2 2 4 4 3 0 3 1 4 2 0 2 0 0 1 3 0 0 3 3 0 0 0 4 4 0 4 1 0 0 0 0 0 0 0 0 0 1 
1 0 3 2 1 1 1 4 2 2 3 2 2 0 1 0 3 1 2 2 2 3 3 1 1 2 2 3 1 3 1 0 3 0 0 0 2 0 3 1 4 3 1 0 2 3 4 0 1 2 3 2 1 3 0 4 4 3 2 0 1 1 3 0 4 3 4 0 0 3 0 0 3 3 4 3 3 0 3 1 4 2 0 2 0 0 1 2 0 0 3 4 0 0 0 4 4 0 4 1 0 0 0 0 0 0 0 0 0 1 
#TS18
2 0 3 2 1 2 1 1 3 3 2 2 2 2 0 1 2 0 1 0 2 3 3 2 3 1 3 3 3 2 0 1 3 0 0 0 2 3 0 3 1 3 1 0 2 0 4 1 0 2 2 1 1 2 0 4 1 3 3 1 2 1 3 0 3 3 4 0 3 3 0 0 3 2 0 4 2 2 3 2 4 0 2 3 0 2 2 2 0 1 3 4 2 1 0 4 3 0 4 2 0 0 0 0 0 0 0 0 0 0 
3 0 3 2 1 2 1 0 3 4 2 2 2 1 1 1 2 0 3 0 2 3 3 2 3 1 3 3 3 2 1 0 3 0 0 0 2 1 0 3 0 3 1 0 2 0 4 1 1 1 3 1 2 3 0 4 2 3 2 1 3 1 2 0 3 2 4 0 3 4 0 0 4 2 0 3 2 1 2 2 4 0 2 3 0 1 2 2 0 2 2 3 2 1 0 4 3 0 3 1 0 0 0 0 0 0 0 0 0 0 
#TS19
1 0 3 2 1 2 1 0 2 2 3 2 2 1 2 2 2 2 3 0 2 3 3 2 3 2 4 3 3 2 0 0 1 0 0 1 0 0 4 1 3 2 2 0 2 3 2 0 1 1 3 2 4 3 0 4 3 3 2 1 1 4 4 0 3 2 4 3 3 3 0 0 4 2 0 4 3 0 3 1 4 0 3 2 0 1 1 1 1 0 4 3 0 0 0 4 3 0 4 1 0 0 0 0 0 0 0 0 0 0 
1 0 3 1 1 2 1 1 2 3 3 2 2 2 2 1 3 2 3 1 2 3 3 2 3 2 4 3 3 2 1 0 0 0 0 1 0 0 3 0 3 3 3 0 2 3 4 0 1 2 3 2 4 3 0 4 3 3 2 1 1 4 3 0 3 2 4 3 3 4 0 0 3 2 1 4 3 0 3 1 4 0 2 2 0 0 1 1 1 0 3 3 0 0 0 4 4 0 4 1 0 0 0 0 0 0 0 0 0 0 
#TS20
1 0 3 1 1 3 1 1 2 3 3 2 2 2 2 0 2 2 3 1 2 3 3 2 3 2 3 3 3 2 2 0 0 0 0 2 0 0 3 1 3 3 1 0 2 3 4 0 1 1 3 2 4 3 0 4 3 3 2 1 1 4 3 0 3 2 4 3 3 3 0 0 3 2 0 4 3 0 3 1 4 0 2 2 0 1 1 1 3 0 4 3 0 0 0 4 3 0 4 1 0 0 0 0 0 0 0 0 0 0 
1 0 3 1 1 3 1 1 2 3 3 2 2 2 2 0 2 2 3 1 2 3 3 2 3 2 3 3 3 2 2 0 0 0 0 2 0 0 3 1 3 3 1 0 2 3 4 0 1 1 3 2 4 3 0 4 3 3 2 1 1 4 3 0 3 2 4 3 3 3 0 0 3 2 0 4 3 0 3 1 4 0 2 2 0 1 1 1 3 0 4 3 0 0 0 4 3 0 4 1 0 0 0 0 0 0 0 0 0 0 
#TS21
1 0 3 1 1 2 1 1 2 3 3 2 2 2 2 1 3 2 3 1 2 3 3 2 3 2 4 3 3 2 1 0 0 0 0 1 0 0 3 0 3 3 3 0 2 3 4 0 1 2 3 2 4 3 0 4 3 3 2 1 1 4 3 0 3 2 4 3 3 4 0 0 3 2 1 4 3 0 3 1 4 0 2 2 0 0 1 1 1 0 3 3 0 0 0 4 4 0 4 1 0 0 0 0 0 0 0 0 0 0 
1 0 2 2 1 3 1 1 2 3 3 2 3 2 2 0 2 2 3 1 2 3 3 2 3 2 4 3 4 2 1 0 0 0 0 2 0 0 4 1 3 3 1 0 2 3 3 0 1 1 3 2 4 3 0 4 4 3 2 1 1 4 4 0 3 2 4 3 3 3 0 0 3 2 1 4 3 0 3 2 4 0 2 2 0 1 1 2 2 0 4 3 0 0 0 4 4 1 4 1 0 0 0 0 0 0 0 0 0 0 
#TS22
1 0 3 1 1 2 1 1 2 4 3 2 2 2 2 2 2 2 3 1 2 3 3 3 3 2 3 3 3 2 0 0 0 1 0 0 1 0 3 1 4 3 1 0 2 3 4 0 1 1 3 2 4 3 0 3 3 3 2 1 1 3 2 0 3 1 4 3 3 3 0 0 2 2 0 4 3 0 3 1 3 0 2 2 0 1 1 2 1 0 4 3 0 0 0 4 4 0 4 1 0 0 0 0 0 0 0 0 0 0 
1 0 3 2 1 2 1 0 2 2 3 2 2 1 2 2 2 2 3 0 2 3 3 2 3 2 4 3 3 2 0 0 1 0 0 1 0 0 4 1 3 2 2 0 2 3 2 0 1 1 3 2 4 3 0 4 3 3 2 1 1 4 4 0 3 2 4 3 3 3 0 0 4 2 0 4 3 0 3 1 4 0 3 2 0 1 1 1 1 0 4 3 0 0 0 4 3 0 4 1 0 0 0 0 0 0 0 0 0 0 
#TS23
1 0 3 2 1 2 1 0 2 4 3 2 2 2 2 0 3 1 3 0 2 3 3 2 2 2 3 3 3 2 2 0 0 0 0 0 1 0 4 1 3 3 1 0 2 3 4 0 1 1 3 2 4 3 0 4 4 3 2 1 0 2 3 0 3 2 4 3 3 3 0 0 3 2 0 3 3 0 3 0 4 0 2 3 0 1 1 2 1 0 4 3 0 0 0 4 2 0 4 1 0 0 0 0 0 0 0 0 0 0 
1 0 3 1 1 3 1 1 1 3 3 2 2 2 2 0 2 1 3 1 2 3 3 2 3 2 3 3 3 2 2 0 0 0 0 0 1 0 4 0 3 3 1 0 2 3 3 0 2 1 3 2 4 3 0 4 3 3 2 1 1 4 4 0 2 2 4 3 2 3 0 0 3 2 1 3 3 0 3 2 4 0 3 3 0 1 1 2 0 0 4 3 0 0 0 3 2 0 4 0 0 0 0 0 0 0 0 0 0 0 
#TS24
0 2 3 0 3 0 1 3 3 4 3 2 2 2 3 1 2 1 3 4 2 3 3 0 1 0 3 2 3 2 0 0 0 2 0 1 0 0 3 1 3 3 0 0 2 3 4 0 1 2 4 1 1 3 1 4 4 3 4 0 1 4 3 0 3 2 4 3 2 3 0 1 3 2 1 4 3 0 1 1 4 0 2 1 0 1 0 3 0 0 4 3 0 0 0 4 2 0 4 1 0 0 0 0 0 1 0 0 0 0 
0 2 3 0 1 0 1 2 2 4 3 2 2 2 4 3 3 1 3 4 2 2 3 0 0 0 4 1 2 1 0 0 0 3 0 1 0 0 3 1 3 3 0 0 2 3 3 0 1 3 3 1 2 3 1 4 4 3 4 0 1 4 3 0 4 2 4 3 2 3 0 0 3 2 1 4 3 0 1 1 4 0 2 2 0 0 0 3 0 0 4 4 0 0 0 4 3 0 4 1 0 0 0 0 0 1 0 0 0 0 
#TS25
1 0 3 2 1 3 0 1 0 2 1 0 4 2 2 3 3 2 0 1 2 3 3 2 3 1 2 3 0 2 1 3 3 1 0 1 2 0 3 1 4 0 1 0 2 3 4 2 2 2 3 1 0 0 0 3 3 3 2 1 0 0 4 1 4 1 1 1 3 3 0 0 4 3 1 4 3 0 3 0 4 0 0 2 2 4 4 3 2 0 3 0 0 0 0 4 4 0 0 3 0 0 0 0 0 0 0 0 1 0 
1 0 3 1 1 3 0 1 0 1 1 0 4 2 2 3 2 2 0 1 2 3 3 2 3 0 3 2 0 3 2 3 3 1 2 0 1 1 3 2 3 0 2 0 2 3 4 2 2 1 3 1 0 0 0 4 3 3 3 1 0 0 3 2 3 0 0 2 3 3 0 0 3 2 0 4 3 1 2 0 2 0 0 3 4 3 4 3 2 1 4 0 0 0 0 4 4 0 0 3 0 0 0 0 0 0 0 0 1 0 
#TS26
1 0 3 1 1 3 1 1 2 3 3 2 2 2 2 0 2 2 3 1 2 3 3 2 3 2 3 3 3 2 2 0 0 0 0 2 0 0 3 1 3 3 1 0 2 3 4 0 1 1 3 2 4 3 0 4 3 3 2 1 1 4 3 0 3 2 4 3 3 3 0 0 3 2 0 4 3 0 3 1 4 0 2 2 0 1 1 1 3 0 4 3 0 0 0 4 3 0 4 1 0 0 0 0 0 0 1 0 0 0 
1 0 3 2 0 1 1 1 2 3 3 2 2 1 2 0 2 2 3 2 2 3 1 2 3 2 3 3 3 2 2 0 0 0 0 1 3 2 3 2 4 3 1 0 2 3 4 2 1 1 3 3 4 3 0 4 2 3 2 1 1 1 3 0 1 3 4 3 2 3 0 0 0 2 3 4 3 0 3 1 4 0 2 3 3 1 1 1 3 0 4 3 0 0 0 3 3 1 4 1 0 0 0 0 0 0 1 0 0 0 
#TS27
1 3 4 4 1 0 1 2 2 3 3 2 2 1 1 0 3 0 1 1 2 3 3 1 2 4 1 4 0 4 3 2 2 0 2 0 1 0 2 3 3 3 0 0 2 2 4 0 3 1 3 2 1 3 0 4 0 3 1 0 1 2 3 0 3 2 4 2 3 3 0 0 3 2 0 4 3 4 2 2 4 0 4 2 4 0 0 0 0 2 1 3 3 1 1 4 3 4 4 1 1 0 0 0 0 0 0 0 0 0 
3 4 4 3 1 0 1 1 1 4 3 3 2 1 2 0 3 0 1 0 2 4 3 1 2 3 1 4 0 4 2 2 3 0 1 0 2 0 3 3 3 3 0 0 2 3 4 0 2 2 3 2 1 3 0 4 0 3 1 0 1 1 3 0 3 2 4 1 3 3 0 0 3 2 0 4 3 4 3 1 4 0 4 2 3 0 0 0 0 3 2 3 3 1 1 4 3 3 4 1 1 0 0 0 0 0 0 0 0 0 
#TS28
1 0 2 2 1 3 1 1 2 3 3 2 3 2 2 0 2 2 3 1 2 3 3 2 3 2 4 3 4 2 1 0 0 0 0 2 0 0 4 1 3 3 1 0 2 3 3 0 1 1 3 2 4 3 0 4 4 3 2 1 1 4 4 0 3 2 4 3 3 3 0 0 3 2 1 4 3 0 3 2 4 0 2 2 0 1 1 2 2 0 4 3 0 0 0 4 4 1 4 1 0 0 0 0 0 0 0 0 0 0 
1 0 2 2 1 3 1 1 2 3 3 2 3 2 2 0 2 2 3 1 2 3 3 2 3 2 4 3 4 2 1 0 0 0 0 2 0 0 4 1 3 3 1 0 2 3 3 0 1 1 3 2 4 3 0 4 4 3 2 1 1 4 4 0 3 2 4 3 3 3 0 0 3 2 1 4 3 0 3 2 4 0 2 2 0 1 1 2 2 0 4 3 0 0 0 4 4 1 4 1 0 0 0 0 0 0 0 0 0 0 
#TS29
1 0 3 2 1 2 0 1 0 1 0 0 4 1 2 4 2 0 0 0 2 3 3 3 4 0 2 0 0 2 1 3 4 1 2 0 2 2 3 4 1 0 1 0 0 3 1 3 2 1 2 0 0 0 1 4 3 3 2 2 0 0 3 3 4 1 0 1 3 3 0 0 2 2 0 4 3 2 3 0 0 0 0 3 3 4 4 4 1 1 2 0 0 0 0 4 2 0 0 3 0 0 0 0 0 0 0 0 1 0 
1 0 4 2 1 2 0 0 0 1 0 0 4 2 2 3 3 0 0 0 2 3 3 3 4 0 1 0 0 2 1 3 3 1 3 0 3 2 2 3 1 0 1 0 2 3 2 3 2 1 3 0 0 0 0 4 3 2 2 1 0 0 3 3 4 2 0 1 3 4 0 0 3 1 0 4 3 2 3 0 0 0 0 3 3 4 4 4 1 2 3 0 2 1 0 4 2 0 0 3 0 0 0 0 0 0 0 0 0 0 
#TS30
2 2 3 2 1 1 1 1 2 3 3 1 2 2 0 0 4 0 0 0 2 3 3 2 2 3 0 4 0 4 2 3 3 0 1 0 2 0 2 4 3 3 0 0 2 3 3 0 1 2 3 1 1 1 0 4 2 2 2 1 0 1 3 0 3 2 4 0 3 3 0 0 3 2 0 3 3 2 3 1 4 0 2 3 0 0 1 3 0 1 2 3 3 1 0 4 3 1 4 1 0 0 0 0 0 0 0 0 0 0 
3 0 3 1 1 1 1 1 2 3 3 2 3 2 2 0 2 0 0 0 2 3 3 2 3 2 0 3 2 3 2 2 2 0 0 0 3 0 3 2 3 3 0 0 2 3 4 0 1 2 3 1 1 2 0 4 3 3 2 1 1 2 3 0 3 2 4 0 3 3 0 0 3 2 1 4 3 1 3 1 4 0 3 2 0 1 2 3 0 0 3 3 2 1 0 4 2 1 4 1 0 0 0 0 0 0 0 0 0 0 
#TS31
3 0 3 2 1 2 1 0 2 3 3 1 2 2 2 0 3 1 3 0 2 3 3 2 3 2 2 2 3 2 3 0 0 0 0 0 1 0 1 3 3 3 1 0 2 1 4 0 1 1 3 2 4 3 0 4 3 3 2 1 0 1 2 0 3 3 4 3 3 3 0 0 2 2 0 4 3 0 3 1 4 0 2 3 0 1 1 2 1 1 2 3 0 0 0 4 3 0 4 1 0 0 0 0 0 0 0 0 0 0 
2 0 4 2 1 2 1 0 3 3 3 2 2 2 2 0 3 0 3 0 2 3 3 3 4 1 1 3 3 2 2 0 0 0 0 1 0 0 2 3 3 3 1 0 2 2 2 0 1 1 3 2 4 3 0 4 3 3 2 1 0 2 2 0 3 1 4 3 3 3 0 0 4 1 0 4 3 0 3 1 4 0 2 2 0 0 1 1 1 0 1 2 0 1 0 4 3 0 4 1 0 0 0 0 0 0 0 0 0 0 
#TS32
1 0 3 1 1 3 1 1 2 3 3 2 2 2 2 0 2 2 3 1 2 3 3 2 3 2 3 3 3 2 2 0 0 0 0 2 0 0 3 1 3 3 1 0 2 3 4 0 1 1 3 2 4 3 0 4 3 3 2 1 1 4 3 0 3 2 4 3 3 3 0 0 3 2 0 4 3 0 3 1 4 0 2 2 0 1 1 1 3 0 4 3 0 0 0 4 3 0 4 1 0 1 0 0 0 0 0 0 0 0 
1 2 3 1 1 3 1 3 1 4 2 2 2 2 2 0 2 2 3 3 2 3 3 1 3 2 2 3 0 2 1 0 0 0 0 1 0 0 3 0 3 3 1 0 2 3 3 0 1 1 3 3 2 2 3 4 2 3 2 1 1 0 4 0 3 2 4 3 3 3 0 1 3 1 3 4 3 0 3 1 4 0 2 2 0 2 1 1 3 0 4 3 0 0 0 4 3 0 4 1 0 1 0 0 0 0 0 0 0 0 
#TS33
3 0 3 1 1 2 0 0 2 3 3 2 2 1 2 0 2 1 3 0 2 3 3 2 2 2 1 3 3 2 2 0 1 0 0 0 2 0 3 2 3 3 2 0 2 3 2 0 1 3 3 2 4 3 0 4 4 2 2 1 0 3 3 0 3 2 4 2 3 2 0 0 3 2 0 4 3 0 3 0 4 0 2 2 0 1 1 2 1 0 4 3 0 0 0 4 3 0 4 1 0 0 0 0 0 0 0 0 0 0 
1 0 3 3 1 2 1 1 2 3 3 2 2 1 2 0 2 1 3 0 2 3 3 2 2 2 2 3 3 2 2 0 1 0 0 0 1 0 3 1 3 3 1 0 2 2 3 0 1 1 3 2 4 2 0 4 3 3 2 1 1 3 4 0 4 2 4 3 3 3 0 0 3 3 0 4 3 0 4 0 4 0 2 3 0 0 2 2 1 0 4 3 0 0 0 4 3 0 4 1 0 0 0 0 0 0 0 0 0 0 
#TS34
2 0 3 2 4 0 0 0 2 4 3 2 1 2 2 1 3 1 3 1 3 0 1 0 0 0 3 1 1 4 0 0 1 1 0 1 1 0 3 1 3 3 0 0 2 3 3 0 1 1 3 3 3 4 2 0 3 2 2 1 1 4 3 0 3 3 4 3 3 3 0 0 3 2 2 4 3 0 0 3 4 0 4 2 0 1 1 1 0 3 0 3 0 0 0 1 4 0 4 1 0 0 0 0 0 0 0 1 0 0 
1 0 3 1 4 0 0 1 2 4 3 2 1 1 2 2 2 0 3 1 2 0 1 0 0 0 4 0 0 3 0 1 1 2 0 0 0 0 2 1 3 2 0 0 2 3 4 0 0 2 3 3 2 3 2 0 3 3 2 1 1 3 3 0 3 3 4 3 3 3 0 0 3 2 1 4 3 0 2 2 4 0 2 1 0 1 1 1 0 3 0 3 0 0 0 2 3 0 4 1 0 0 0 0 0 0 0 1 0 0 
#TS35
3 0 3 2 1 2 1 0 3 4 2 2 2 1 1 1 2 0 3 0 2 3 3 2 3 1 3 3 3 2 1 0 3 0 0 0 2 1 0 3 0 3 1 0 2 0 4 1 1 1 3 1 2 3 0 4 2 3 2 1 3 1 2 0 3 2 4 0 3 4 0 0 4 2 0 3 2 1 2 2 4 0 2 3 0 1 2 2 0 2 2 3 2 1 0 4 3 0 3 1 0 0 0 0 0 0 0 0 0 0 
2 0 3 2 1 2 1 0 2 2 3 2 2 2 1 1 3 0 3 0 2 3 3 3 3 2 2 3 3 2 2 0 2 0 0 0 2 1 0 3 1 3 1 0 2 0 4 0 1 2 3 2 4 3 0 4 3 3 3 1 1 1 3 0 4 2 4 2 3 3 0 0 3 2 0 4 3 1 3 1 4 0 2 2 0 1 1 3 0 1 2 3 0 0 0 4 2 0 4 1 0 0 0 0 0 0 0 0 0 0 
#TS36
1 0 3 2 1 2 1 0 2 3 3 2 2 1 2 0 2 1 3 1 2 3 2 2 3 2 3 3 3 2 2 0 0 0 0 1 0 0 2 0 3 3 1 0 2 3 3 0 1 1 3 2 4 3 0 4 3 3 2 1 1 4 3 0 3 2 4 3 3 3 0 0 3 1 0 4 4 0 3 2 4 0 3 2 0 1 1 2 1 0 4 3 0 0 0 4 3 0 4 1 0 0 0 0 0 0 0 0 0 0 
1 0 3 1 1 3 1 1 1 3 4 2 2 1 2 0 3 2 3 1 2 3 3 2 3 2 3 3 3 2 2 0 0 0 0 1 0 0 3 1 3 3 1 0 2 3 4 0 1 2 3 2 4 3 0 4 3 3 2 1 1 4 4 0 3 2 4 3 3 4 0 0 4 2 0 4 3 0 3 1 4 0 2 2 0 1 1 1 3 0 3 3 0 0 0 4 3 0 4 1 0 0 0 0 0 0 0 0 0 0 
#TS37
1 0 3 2 1 2 1 0 3 3 3 1 1 1 0 0 3 0 2 0 2 4 3 2 3 2 1 3 3 3 2 0 3 0 0 0 2 0 1 3 3 3 1 0 2 1 4 0 0 3 0 2 1 3 0 4 3 3 1 1 0 1 3 0 3 2 4 0 3 3 0 0 3 2 0 3 3 0 3 1 4 0 2 2 0 1 1 1 0 0 3 3 0 0 0 4 3 0 4 1 0 0 0 0 0 0 0 0 0 0 
3 0 3 2 1 2 1 0 2 4 3 2 1 1 0 0 2 0 3 0 2 4 3 2 2 2 2 2 3 3 2 0 2 0 0 0 3 0 1 3 3 3 2 0 2 1 4 0 1 2 1 2 2 3 0 4 3 3 2 1 1 3 3 0 3 1 4 1 3 3 0 0 4 3 1 3 3 0 3 1 4 0 2 2 0 1 2 1 1 0 3 3 0 0 0 4 3 0 4 2 0 0 0 0 0 0 0 0 0 0 
#TS38
1 0 3 1 1 3 1 1 2 3 3 2 2 2 2 0 2 2 3 1 2 3 3 2 3 2 3 3 3 2 2 0 0 0 0 2 0 0 3 1 3 3 1 0 2 3 4 0 1 1 3 2 4 3 0 4 3 3 2 1 1 4 3 0 3 2 4 3 3 3 0 0 3 2 0 4 3 0 3 1 4 0 2 2 0 1 1 1 3 0 4 3 0 0 0 4 3 0 4 1 0 0 0 0 0 0 0 0 0 1 
1 0 3 1 1 2 1 4 2 3 3 2 2 0 2 0 2 2 3 2 2 3 3 2 3 1 3 3 2 2 1 0 0 0 0 3 0 0 4 1 4 3 2 0 2 3 4 0 1 1 3 2 2 3 0 4 3 3 2 0 1 2 3 0 3 3 4 3 1 3 0 0 4 2 2 4 3 0 3 2 4 1 0 2 0 1 1 1 3 0 4 3 0 0 0 4 4 0 4 1 0 0 0 0 0 0 0 0 0 1 
#TS39
1 4 3 1 1 3 1 4 0 3 0 1 4 2 2 1 1 2 2 3 1 3 3 2 3 2 3 2 0 4 1 2 2 1 0 2 0 0 3 1 3 3 1 0 2 3 4 1 1 1 2 2 0 1 4 2 3 2 2 0 1 0 3 0 3 2 4 2 2 3 0 2 3 2 3 4 3 0 2 1 4 0 2 1 0 3 3 2 3 0 4 3 0 0 0 4 2 1 4 2 0 1 0 0 0 0 0 0 0 0 
1 4 3 1 1 3 1 4 0 2 0 0 4 3 2 1 2 2 2 2 2 3 3 2 3 1 3 3 0 3 1 4 4 2 0 1 0 0 2 1 3 3 0 0 2 3 4 2 1 1 2 2 0 1 4 2 3 2 2 1 1 0 3 0 3 2 4 1 2 3 0 2 4 2 3 3 3 0 3 1 4 0 3 2 0 3 3 2 3 0 4 3 0 0 0 4 3 0 4 2 0 1 0 0 0 0 0 0 0 0 
#TS40
1 0 3 1 2 2 1 0 3 3 3 2 1 1 1 1 3 1 1 1 2 3 2 2 2 1 3 2 3 3 0 0 3 2 0 0 2 0 2 1 3 3 1 0 2 3 2 0 1 3 2 2 1 3 1 3 3 3 2 1 1 4 3 0 4 1 4 0 3 3 0 0 2 2 0 4 3 0 3 3 4 0 2 2 0 1 1 3 0 0 1 3 0 0 0 4 4 0 4 1 0 0 0 0 0 0 0 0 0 0 
1 0 3 1 2 2 1 0 3 3 3 1 1 1 1 2 4 2 2 1 1 3 2 2 3 1 3 2 3 2 0 0 3 1 0 0 2 0 3 1 3 3 1 0 2 3 4 0 1 2 3 1 2 3 0 3 3 2 2 1 1 4 3 0 3 2 4 0 3 3 0 0 3 2 0 4 3 0 3 2 4 0 2 2 0 1 1 1 0 0 2 3 0 0 0 4 3 0 4 1 0 0 0 0 0 0 0 0 0 0 
#TS41
1 0 3 1 1 3 1 0 2 3 3 2 2 2 2 1 3 2 3 1 1 3 3 2 4 2 3 3 4 2 2 0 1 0 0 0 1 0 3 1 3 3 1 0 2 3 2 0 1 1 4 2 4 3 0 4 3 3 2 1 1 4 3 0 3 2 3 3 3 3 0 0 3 1 0 4 4 0 4 1 4 0 2 2 0 1 1 3 2 0 4 4 0 0 0 4 3 0 4 1 0 0 0 0 0 0 0 0 0 0 
1 0 3 2 1 2 1 0 2 3 3 2 2 1 2 0 2 1 3 1 2 3 2 2 3 2 3 3 3 2 2 0 0 0 0 1 0 0 2 0 3 3 1 0 2 3 3 0 1 1 3 2 4 3 0 4 3 3 2 1 1 4 3 0 3 2 4 3 3 3 0 0 3 1 0 4 4 0 3 2 4 0 3 2 0 1 1 2 1 0 4 3 0 0 0 4 3 0 4 1 0 0 0 0 0 0 0 0 0 0 
#TS42
4 0 3 3 1 0 1 0 1 1 2 0 4 3 2 0 3 0 0 1 2 3 3 0 1 0 0 1 0 3 2 4 2 0 2 0 1 3 0 4 0 3 1 0 1 0 4 0 1 1 3 1 0 2 0 4 3 4 3 4 1 1 4 1 3 0 0 0 3 3 0 0 3 2 0 4 0 0 3 1 4 0 0 2 0 1 1 4 0 2 0 3 0 0 0 4 3 4 3 0 0 0 1 0 0 0 0 0 0 0 
4 0 4 3 0 0 1 0 0 2 1 0 3 3 2 0 3 0 0 0 2 3 3 0 2 0 1 1 0 3 2 3 2 0 1 0 1 3 0 4 0 3 1 0 2 0 4 0 1 4 3 1 0 2 0 4 3 3 3 4 1 2 3 2 2 0 0 0 3 3 0 0 2 0 0 4 0 0 3 1 4 0 0 2 0 1 1 3 0 3 0 3 0 0 0 4 4 3 3 0 0 0 0 0 0 0 0 0 0 0 
#TS43
1 0 3 1 1 3 1 1 1 3 3 2 2 2 2 0 3 1 3 1 2 3 3 2 3 2 2 4 4 2 2 0 0 0 0 1 0 0 3 1 3 3 1 0 2 3 4 0 1 1 3 2 4 3 0 4 3 3 2 1 1 3 3 0 3 2 4 3 3 3 0 0 3 2 0 4 3 0 2 1 4 0 2 2 0 1 1 2 3 0 4 3 0 0 0 4 4 0 4 1 0 0 0 0 0 0 0 0 0 0 
1 0 3 1 1 3 1 1 1 3 3 2 2 2 2 0 3 1 3 1 2 3 3 2 3 2 2 4 4 2 2 0 0 0 0 1 0 0 3 1 3 3 1 0 2 3 4 0 1 1 3 2 4 3 0 4 3 3 2 1 1 3 3 0 3 2 4 3 3 3 0 0 3 2 0 4 3 0 2 1 4 0 2 2 0 1 1 2 3 0 4 3 0 0 0 4 4 0 4 1 0 0 0 0 0 0 0 0 0 0 
#TS44
1 0 3 1 1 3 1 1 2 3 3 2 2 2 2 0 2 2 3 1 2 3 3 2 3 2 3 3 3 2 2 0 0 0 0 2 0 0 3 1 3 3 1 0 2 3 4 0 1 1 3 2 4 3 0 4 3 3 2 1 1 4 3 0 3 2 4 3 3 3 0 0 3 2 0 4 3 0 3 1 4 0 2 2 0 1 1 1 3 0 4 3 0 0 0 4 3 0 4 1 0 0 1 0 0 0 0 0 0 0 
1 0 3 3 1 2 1 1 1 2 3 2 2 2 2 0 2 1 3 2 2 3 3 0 3 2 2 2 3 1 2 0 0 0 0 0 0 2 3 2 1 3 1 0 2 3 3 0 1 1 3 1 2 3 0 4 3 3 2 1 0 3 3 0 3 2 4 3 3 4 0 0 3 2 0 4 3 0 4 1 4 0 1 2 0 1 1 1 3 1 3 3 0 0 0 4 3 3 4 0 0 0 1 0 0 0 0 0 0 0 
#TS45
1 0 3 2 1 2 1 0 3 4 3 2 2 1 2 1 2 0 3 0 2 4 3 2 3 2 3 3 2 2 0 0 1 1 0 1 0 0 2 3 3 3 1 0 2 2 4 1 1 2 3 2 4 3 0 3 3 3 2 1 1 1 3 0 2 2 4 3 3 3 0 0 3 2 0 4 3 0 3 1 4 0 2 2 0 1 1 3 1 1 2 3 0 0 0 4 3 0 4 1 0 0 0 0 0 0 0 0 0 0 
2 0 3 2 1 2 1 0 3 4 3 2 2 2 2 1 2 0 4 0 2 3 2 2 3 1 3 3 3 2 1 0 0 1 0 1 0 0 2 3 3 3 1 0 2 2 3 0 1 1 3 2 3 3 0 3 3 3 1 1 0 1 1 0 3 2 4 3 3 3 0 0 2 3 0 4 3 0 3 1 4 0 2 3 0 1 1 1 0 0 2 3 0 0 0 4 3 0 4 1 0 0 0 0 0 0 0 0 0 0 
#TS46
2 0 4 2 1 2 0 0 2 1 1 0 4 2 2 1 2 0 0 0 2 3 3 3 3 0 2 0 3 1 1 2 3 1 2 0 2 3 2 3 0 2 1 0 2 2 4 1 1 1 3 0 0 1 0 4 3 3 2 1 2 1 2 3 3 2 0 0 3 2 0 0 3 2 0 4 3 2 3 1 2 0 1 2 1 3 3 4 1 2 4 3 1 1 0 4 3 0 0 4 0 0 0 0 0 0 0 0 0 0 
1 0 3 1 1 2 1 0 3 3 1 0 3 2 1 0 3 0 1 0 2 3 3 3 4 0 2 0 3 1 1 1 3 0 2 0 3 2 0 4 0 3 1 0 2 2 3 3 1 2 3 0 1 2 0 4 3 3 3 1 2 1 2 3 3 2 1 0 3 3 0 0 3 2 0 4 2 1 3 1 4 0 2 3 0 2 3 3 1 1 2 2 1 1 0 4 4 0 1 4 0 0 0 0 0 0 0 0 0 0 
#TS47
1 0 3 1 2 3 1 1 0 3 3 0 3 3 2 1 3 2 0 1 2 3 3 2 2 0 0 3 0 3 3 3 3 0 0 0 4 0 3 1 3 3 0 0 2 3 4 0 2 2 2 3 0 2 0 4 3 3 4 1 1 4 3 2 4 3 0 0 3 3 0 0 3 2 4 4 3 0 1 0 4 0 1 2 0 2 2 2 3 0 4 3 4 0 4 4 0 1 3 2 0 0 0 1 0 0 0 0 0 0 
1 0 4 1 1 3 1 1 0 3 3 0 4 4 2 1 2 1 0 1 3 2 3 2 2 0 0 3 0 3 3 3 3 0 0 0 3 0 3 3 3 3 0 0 2 3 4 1 1 2 3 3 0 2 0 4 3 4 4 1 1 4 2 3 3 3 0 0 3 3 0 0 3 2 4 4 3 0 1 0 4 0 1 2 0 2 2 1 3 0 4 3 2 0 4 4 0 0 2 2 0 0 0 1 0 0 0 0 0 0 
#TS48
3 0 3 3 1 2 1 0 2 4 3 2 2 2 2 0 2 0 3 0 2 3 3 2 3 2 3 3 3 2 2 0 1 0 0 0 2 0 2 3 3 3 1 0 2 1 4 0 1 1 3 2 3 3 0 4 3 2 2 1 1 1 3 0 4 2 4 3 3 3 0 0 2 2 0 4 3 0 3 1 4 0 2 2 0 1 1 2 1 0 2 3 0 0 0 4 2 0 4 1 0 0 0 0 0 0 0 0 0 0 
2 0 4 3 0 2 1 0 3 3 3 2 2 2 2 0 3 0 3 0 2 4 3 2 3 2 2 3 3 2 2 0 0 0 0 0 1 0 1 2 3 3 1 0 2 1 4 0 1 1 3 2 4 3 0 4 3 3 2 1 1 2 3 0 3 2 4 3 2 3 0 0 3 2 0 4 3 0 2 1 4 0 2 2 0 1 1 3 1 0 2 3 0 0 0 4 3 0 4 1 0 0 0 0 0 0 0 0 0 0 
#TS49
1 0 3 3 0 0 1 1 0 3 2 1 3 3 2 0 2 0 3 1 2 4 3 0 0 2 0 4 0 3 2 0 2 0 1 0 0 3 0 3 0 3 1 0 2 1 3 0 1 1 3 1 1 3 0 4 3 3 2 1 1 1 3 0 3 2 4 2 3 3 0 0 3 1 0 3 2 0 3 1 3 0 0 3 0 0 1 2 0 2 0 3 0 0 0 4 2 4 4 0 0 0 1 0 0 0 0 0 0 0 
2 0 3 4 1 0 1 0 0 3 1 1 3 3 2 0 3 0 2 1 2 3 4 0 0 2 0 3 0 3 3 2 1 0 0 0 0 3 1 3 0 3 2 0 3 0 3 0 1 2 4 2 0 3 0 4 3 3 3 1 1 1 4 0 3 2 4 1 3 3 0 0 3 0 0 4 1 0 3 1 4 0 0 0 0 0 1 3 0 3 0 3 0 0 0 4 3 4 4 0 0 0 1 0 0 0 0 0 0 0 
#TS50
1 0 3 2 1 2 1 0 2 3 3 2 2 1 2 0 2 2 3 1 2 3 3 3 4 1 3 2 3 2 3 0 0 0 0 0 1 0 3 0 3 3 1 0 2 3 4 0 1 2 3 2 4 3 0 4 3 3 2 1 1 4 3 0 3 2 4 2 3 3 0 0 3 2 0 4 3 0 3 1 4 0 2 3 0 2 1 2 0 0 4 2 0 0 0 4 2 0 4 1 0 0 0 0 0 0 0 0 0 0 
2 0 3 2 1 2 1 1 2 3 3 1 2 2 2 0 3 2 3 1 2 3 3 2 3 1 3 2 3 2 2 0 0 0 0 0 1 0 2 0 3 3 1 0 2 3 4 0 1 1 3 3 4 3 0 4 3 3 2 1 1 4 3 0 3 2 4 3 3 3 0 0 3 3 0 4 3 0 3 1 4 0 2 2 0 1 1 1 0 0 4 3 0 0 0 4 3 0 4 1 0 0 0 0 0 0 0 0 0 0 
#TS51
1 4 3 4 1 0 1 2 1 3 3 3 3 1 2 0 3 1 3 2 2 3 2 2 2 2 1 3 0 2 2 0 1 0 2 2 0 0 1 1 3 3 0 0 2 3 4 0 2 1 3 3 3 3 0 4 0 3 2 0 1 4 3 0 4 2 4 3 3 3 0 0 4 2 0 4 3 1 3 2 4 0 3 3 3 0 0 0 0 4 1 2 3 0 1 4 3 4 4 1 1 0 0 0 0 0 0 0 0 0 
2 4 2 4 1 0 1 2 2 3 3 4 3 1 2 0 3 1 3 1 2 3 2 2 2 3 2 3 0 3 2 1 1 0 1 1 0 0 2 3 2 3 0 0 2 2 2 0 2 1 3 2 4 4 0 4 0 3 2 0 1 4 3 0 4 2 4 3 4 3 0 0 3 2 0 3 3 2 3 1 4 0 4 4 4 0 0 0 0 4 1 2 3 1 2 4 3 4 4 1 1 0 0 0 0 0 0 0 0 0 
#TS52
3 0 3 2 1 2 1 0 2 4 3 2 2 2 2 0 3 1 3 0 2 4 3 2 4 2 2 3 3 2 3 0 0 0 0 1 1 0 2 2 3 3 2 0 2 2 4 0 1 1 3 1 4 3 0 4 3 3 2 1 1 2 3 0 4 2 4 3 3 3 0 0 3 2 1 4 3 0 3 2 4 0 2 3 0 1 1 1 1 0 3 3 0 1 0 4 2 1 4 1 0 0 0 0 0 0 0 0 0 0 
2 0 3 1 1 2 1 0 2 3 3 2 2 2 2 0 2 1 3 0 2 4 3 2 4 2 2 3 3 2 2 0 1 0 0 1 0 0 3 3 3 3 2 0 2 2 4 0 1 1 3 1 4 4 0 4 3 3 2 1 1 3 3 0 3 2 4 3 3 3 0 0 4 2 0 4 3 0 3 1 4 0 2 2 0 1 1 2 0 0 3 3 0 0 0 4 4 1 4 1 0 0 0 0 0 0 0 0 0 0 
#TS53
1 0 3 1 2 3 1 1 0 3 2 0 4 4 2 1 2 2 0 1 2 3 3 1 2 0 0 3 0 3 3 3 4 0 0 0 3 0 3 1 3 3 0 0 2 3 3 0 1 2 3 3 0 2 0 4 3 3 3 1 1 4 2 2 4 3 0 0 4 3 0 0 3 3 4 4 3 0 2 0 4 0 0 3 0 2 3 1 4 0 4 3 4 0 4 4 0 1 4 2 0 0 0 1 0 0 0 0 0 0 
1 0 3 1 2 3 1 1 0 3 3 0 3 3 2 1 3 2 0 1 2 3 3 2 2 0 0 3 0 3 3 3 3 0 0 0 4 0 3 1 3 3 0 0 2 3 4 0 2 2 2 3 0 2 0 4 3 3 4 1 1 4 3 2 4 3 0 0 3 3 0 0 3 2 4 4 3 0 1 0 4 0 1 2 0 2 2 2 3 0 4 3 4 0 4 4 0 1 3 2 0 0 0 1 0 0 0 0 0 0 
#TS54
1 0 3 1 1 3 0 0 0 1 0 0 4 2 1 4 3 0 0 0 2 3 3 3 3 0 1 0 0 2 1 3 4 0 2 0 2 2 2 2 2 0 2 0 0 3 4 2 1 1 3 0 0 0 0 3 4 3 1 2 0 0 4 4 3 1 0 1 3 3 0 0 2 2 0 4 3 1 3 0 0 0 0 3 3 3 4 3 1 2 3 0 1 1 0 4 3 0 0 4 0 0 0 0 0 0 0 0 1 0 
1 0 3 2 1 2 0 1 0 1 0 0 4 1 2 4 2 0 0 0 2 3 3 3 4 0 2 0 0 2 1 3 4 1 2 0 2 2 3 4 1 0 1 0 0 3 1 3 2 1 2 0 0 0 1 4 3 3 2 2 0 0 3 3 4 1 0 1 3 3 0 0 2 2 0 4 3 2 3 0 0 0 0 3 3 4 4 4 1 1 2 0 0 0 0 4 2 0 0 3 0 0 0 0 0 0 0 0 1 0 
#TS55
2 0 3 1 1 2 1 0 3 3 3 1 4 2 1 0 2 1 1 1 3 3 3 3 2 0 3 0 3 2 2 1 3 0 0 0 3 0 2 2 3 4 1 0 2 3 4 0 1 3 3 1 0 2 0 4 4 3 2 1 1 3 2 3 3 2 2 0 4 3 0 0 3 2 0 3 3 0 3 1 4 0 2 2 0 1 3 2 2 0 3 3 0 0 0 4 3 0 3 2 0 0 0 0 0 0 0 0 0 0 
1 0 3 1 1 3 1 0 2 4 3 1 2 2 2 0 2 1 3 0 2 3 3 3 3 0 3 0 4 2 2 0 2 0 0 0 2 0 3 1 3 3 1 0 2 3 3 0 1 2 2 2 2 3 0 4 3 3 2 1 1 4 3 1 3 2 3 0 4 4 0 0 4 3 0 4 3 0 3 0 4 0 2 3 0 1 2 2 2 0 3 4 0 0 0 4 3 0 4 1 0 0 0 0 0 0 0 0 0 0 
#TS56
2 4 3 2 1 2 1 4 0 0 0 0 3 3 2 2 3 0 0 3 2 4 3 3 3 0 2 0 0 2 3 3 3 4 4 0 3 3 2 2 3 3 0 0 2 3 1 3 1 1 2 2 0 1 4 1 3 2 1 1 0 0 2 1 4 1 0 0 2 4 0 2 3 2 3 4 3 0 3 2 2 0 3 2 0 4 3 3 2 3 0 2 0 1 0 4 2 0 1 3 0 0 0 0 0 0 0 0 0 0 
2 1 3 2 1 2 2 1 1 2 1 0 4 3 2 2 3 0 0 1 4 3 3 4 3 0 2 0 2 2 1 2 3 3 1 0 3 4 1 3 3 3 0 0 2 3 3 2 1 1 2 0 0 1 3 1 3 3 2 1 0 1 3 3 3 2 0 0 3 3 0 1 3 4 0 4 3 0 3 1 4 0 2 2 0 2 3 3 1 2 0 3 0 0 0 4 3 0 1 3 0 0 0 0 0 0 0 0 0 0 
#TS57
2 0 3 4 1 0 1 0 1 3 2 2 3 3 2 0 2 0 4 1 2 3 3 0 0 2 1 3 1 2 2 0 1 0 0 0 0 3 0 3 0 3 1 0 2 2 4 0 1 2 4 2 1 3 0 4 3 3 2 1 0 1 3 0 3 2 4 3 3 3 0 0 3 1 0 4 3 0 3 1 4 0 0 3 0 0 1 3 0 3 0 3 0 0 0 4 3 3 4 0 0 0 1 0 0 0 0 0 0 0 
1 0 3 3 0 0 1 1 0 3 2 1 3 3 2 0 2 0 3 1 2 4 3 0 0 2 0 4 0 3 2 0 2 0 1 0 0 3 0 3 0 3 1 0 2 1 3 0 1 1 3 1 1 3 0 4 3 3 2 1 1 1 3 0 3 2 4 2 3 3 0 0 3 1 0 3 2 0 3 1 3 0 0 3 0 0 1 2 0 2 0 3 0 0 0 4 2 4 4 0 0 0 1 0 0 0 0 0 0 0 
#TS58
2 0 2 2 1 0 1 4 2 3 3 2 3 0 1 0 2 2 2 1 4 3 3 1 3 2 2 3 1 3 1 0 3 0 0 0 2 0 3 1 3 4 1 0 2 4 4 0 2 3 3 2 1 3 0 4 3 2 2 0 1 0 3 0 3 3 4 0 0 3 0 0 3 2 4 4 3 0 3 1 4 2 1 2 0 0 1 2 0 0 3 4 0 0 0 4 3 0 4 1 0 0 0 0 0 0 0 0 0 1 
1 0 3 2 1 0 1 4 3 2 3 2 3 0 1 0 3 1 2 1 2 3 3 1 2 2 3 3 0 4 1 0 3 0 0 0 3 0 3 1 3 3 2 0 2 4 4 0 2 2 3 2 1 4 0 4 3 2 1 0 1 0 3 0 4 3 4 0 0 2 0 0 3 2 3 3 3 1 3 1 4 2 1 2 0 1 1 3 0 0 3 3 0 0 0 4 4 0 4 1 0 0 0 0 0 0 0 0 0 1 
#TS59
1 0 3 3 0 1 1 1 1 3 3 1 2 2 2 0 2 0 3 1 2 3 3 0 1 1 2 4 4 2 2 0 1 0 0 0 0 3 2 2 0 3 1 0 2 2 4 0 1 2 3 2 1 4 0 4 3 3 3 1 0 2 3 0 3 2 4 2 3 3 0 0 3 1 0 3 3 0 2 1 4 0 1 2 0 1 1 1 1 3 2 3 0 0 0 4 4 4 4 0 0 0 1 0 0 0 0 0 0 0 
2 0 3 4 1 0 1 0 1 3 2 2 3 3 2 0 2 0 4 1 2 3 3 0 0 2 1 3 1 2 2 0 1 0 0 0 0 3 0 3 0 3 1 0 2 2 4 0 1 2 4 2 1 3 0 4 3 3 2 1 0 1 3 0 3 2 4 3 3 3 0 0 3 1 0 4 3 0 3 1 4 0 0 3 0 0 1 3 0 3 0 3 0 0 0 4 3 3 4 0 0 0 1 0 0 0 0 0 0 0 
#TS60
2 0 3 2 1 2 1 0 2 4 3 2 2 2 2 0 2 1 3 0 2 3 3 3 4 2 3 4 3 2 3 0 0 0 0 2 0 0 2 1 4 3 1 0 2 2 3 0 1 1 4 2 4 3 0 4 3 3 2 1 0 4 3 0 4 2 4 2 3 3 0 0 3 2 0 3 3 0 3 1 4 0 2 3 0 1 1 1 1 0 4 3 0 0 0 4 2 0 4 1 0 0 0 0 0 0 0 0 0 0 
2 0 3 2 1 2 1 0 2 3 3 2 2 2 2 0 2 1 3 0 2 4 3 2 4 2 3 3 2 2 2 0 0 0 0 2 0 0 4 1 3 3 1 0 2 3 4 0 2 1 3 2 4 4 0 4 3 3 2 1 0 3 2 0 3 2 4 3 3 3 0 0 3 2 0 4 3 0 3 1 4 0 2 3 0 1 1 1 1 0 4 3 0 0 0 4 3 0 3 1 0 0 0 0 0 0 0 0 0 0 
#TS61
1 0 3 1 1 3 1 1 2 3 3 2 3 2 2 0 3 2 3 1 2 3 3 2 4 2 2 3 3 2 2 0 1 0 0 2 0 0 3 1 3 3 1 0 2 3 4 0 1 2 3 2 4 3 0 4 4 3 2 1 1 4 3 0 4 2 4 3 3 3 0 0 3 2 1 4 3 0 3 1 4 0 2 2 0 1 1 1 1 0 4 4 0 0 0 4 2 1 4 1 0 0 0 0 0 0 0 0 0 0 
1 0 3 1 1 3 1 1 2 3 3 2 3 2 2 0 3 2 3 1 2 3 3 2 4 2 2 3 3 2 2 0 1 0 0 2 0 0 3 1 3 3 1 0 2 3 4 0 1 2 3 2 4 3 0 4 4 3 2 1 1 4 3 0 4 2 4 3 3 3 0 0 3 2 1 4 3 0 3 1 4 0 2 2 0 1 1 1 1 0 4 4 0 0 0 4 2 1 4 1 0 0 0 0 0 0 0 0 0 0 
#TS62
3 4 4 3 1 0 1 1 1 4 3 3 2 1 2 0 3 0 1 0 2 4 3 1 2 3 1 4 0 4 2 2 3 0 1 0 2 0 3 3 3 3 0 0 2 3 4 0 2 2 3 2 1 3 0 4 0 3 1 0 1 1 3 0 3 2 4 1 3 3 0 0 3 2 0 4 3 4 3 1 4 0 4 2 3 0 0 0 0 3 2 3 3 1 1 4 3 3 4 1 1 0 0 0 0 0 0 0 0 0 
3 4 3 3 1 0 1 2 1 3 3 3 3 1 2 0 4 0 1 1 2 4 3 1 2 2 1 3 0 3 2 3 3 0 3 0 2 0 3 3 3 3 0 0 2 3 4 0 3 3 3 2 0 2 0 4 0 3 2 0 1 1 3 0 3 2 4 0 3 2 0 0 3 2 0 4 3 2 3 1 4 0 3 3 4 0 0 0 0 3 2 3 4 1 1 4 4 3 4 1 1 0 0 0 0 0 0 0 0 0 
#TS63
1 0 3 2 1 2 1 1 2 3 3 2 2 2 2 0 3 2 3 1 2 3 3 2 3 2 3 3 3 2 2 0 0 0 0 2 0 0 3 1 3 3 1 0 2 3 4 0 1 1 3 2 4 3 0 4 3 3 2 1 1 4 3 0 3 3 4 3 3 3 0 0 3 2 0 4 3 0 3 0 4 0 2 2 0 1 1 1 1 0 4 3 0 0 0 4 3 0 4 1 0 0 0 0 0 0 0 0 0 0 
1 0 3 1 1 3 1 1 2 3 3 2 3 2 2 0 3 2 3 1 2 3 3 2 4 2 2 3 3 2 2 0 1 0 0 2 0 0 3 1 3 3 1 0 2 3 4 0 1 2 3 2 4 3 0 4 4 3 2 1 1 4 3 0 4 2 4 3 3 3 0 0 3 2 1 4 3 0 3 1 4 0 2 2 0 1 1 1 1 0 4 4 0 0 0 4 2 1 4 1 0 0 0 0 0 0 0 0 0 0 
#TS64
3 0 3 2 1 1 1 0 2 3 3 1 2 2 2 0 2 0 1 0 2 3 3 2 2 1 2 3 3 4 2 1 2 0 0 0 2 0 3 1 3 3 1 0 2 3 4 0 1 3 3 1 1 2 0 4 3 3 2 1 1 2 2 0 3 2 4 0 3 3 0 0 3 2 0 4 3 1 3 0 4 0 3 2 0 1 2 3 0 0 3 3 1 1 0 4 2 0 3 2 0 0 0 0 0 0 0 0 0 0 
2 0 3 2 1 2 1 0 1 3 3 1 3 2 1 0 2 0 2 0 2 4 3 3 2 1 3 3 3 2 2 0 3 0 0 0 2 0 4 1 3 3 1 0 2 3 4 0 1 2 4 2 1 3 0 4 3 3 2 1 1 3 3 0 3 2 4 0 3 3 0 0 3 2 0 4 3 0 2 1 4 0 2 2 0 1 2 3 0 0 3 3 1 0 0 4 3 0 4 2 0 0 0 0 0 0 0 0 0 0 
#TS65
2 0 3 2 1 2 1 0 2 3 3 2 2 1 1 0 2 1 3 0 2 3 3 3 3 1 2 1 3 2 2 0 0 0 0 0 1 0 2 3 3 3 2 0 2 3 2 0 1 1 3 2 4 3 0 4 3 3 2 1 1 2 4 0 4 2 4 3 3 3 0 0 3 2 0 4 3 0 3 1 4 0 2 2 0 1 1 2 0 0 4 3 1 1 0 4 3 0 4 1 0 0 0 0 0 0 0 0 0 0 
2 0 3 2 2 1 1 0 2 3 3 2 2 1 2 0 2 1 3 0 2 3 3 2 3 2 2 2 3 2 2 0 0 0 0 0 1 0 3 1 3 3 1 0 2 3 4 0 2 1 3 2 4 3 0 4 3 3 2 0 1 3 3 0 3 2 4 3 3 3 0 0 3 2 0 4 3 0 3 1 4 0 2 1 0 1 1 2 0 0 4 3 0 0 0 4 3 0 4 0 0 0 0 0 0 0 0 0 0 0 
#TS66
1 0 3 3 1 2 1 1 1 2 3 2 2 2 2 0 2 1 3 2 2 3 3 0 3 2 2 2 3 1 2 0 0 0 0 0 0 2 3 2 1 3 1 0 2 3 3 0 1 1 3 1 2 3 0 4 3 3 2 1 0 3 3 0 3 2 4 3 3 4 0 0 3 2 0 4 3 0 4 1 4 0 1 2 0 1 1 1 3 1 3 3 0 0 0 4 3 3 4 0 0 0 1 0 0 0 0 0 0 0 
1 0 3 3 0 1 1 1 1 3 3 1 2 2 2 0 2 0 3 1 2 3 3 0 1 1 2 4 4 2 2 0 1 0 0 0 0 3 2 2 0 3 1 0 2 2 4 0 1 2 3 2 1 4 0 4 3 3 3 1 0 2 3 0 3 2 4 2 3 3 0 0 3 1 0 3 3 0 2 1 4 0 1 2 0 1 1 1 1 3 2 3 0 0 0 4 4 4 4 0 0 0 1 0 0 0 0 0 0 0 
#TS67
1 3 3 4 1 0 1 3 2 3 3 3 2 1 2 0 3 1 1 2 2 3 2 2 2 4 1 3 0 3 2 2 1 0 2 1 1 0 2 2 3 3 0 0 2 2 4 0 2 1 3 2 2 3 0 4 0 3 2 0 1 2 3 0 3 2 4 3 3 3 0 0 3 2 0 4 3 3 3 2 4 0 3 2 4 0 0 0 0 4 2 3 3 0 1 4 4 3 4 1 1 0 0 0 0 0 0 0 0 0 
1 3 4 4 1 0 1 2 2 3 3 2 2 1 1 0 3 0 1 1 2 3 3 1 2 4 1 4 0 4 3 2 2 0 2 0 1 0 2 3 3 3 0 0 2 2 4 0 3 1 3 2 1 3 0 4 0 3 1 0 1 2 3 0 3 2 4 2 3 3 0 0 3 2 0 4 3 4 2 2 4 0 4 2 4 0 0 0 0 2 1 3 3 1 1 4 3 4 4 1 1 0 0 0 0 0 0 0 0 0 
#TS68
1 0 3 1 1 3 0 1 0 3 1 0 3 1 3 2 3 2 1 1 2 3 3 2 3 1 3 3 0 3 1 2 3 1 0 1 1 0 4 1 3 0 1 0 2 3 4 0 3 2 3 2 0 0 0 4 4 3 2 1 0 0 3 0 3 2 3 2 3 3 0 0 3 2 0 3 3 0 3 0 4 0 0 3 2 3 4 3 3 0 4 0 0 0 0 4 4 0 2 3 0 0 0 0 0 0 0 0 1 0 
1 0 3 2 1 3 0 1 0 2 1 0 4 2 2 3 3 2 0 1 2 3 3 2 3 1 2 3 0 2 1 3 3 1 0 1 2 0 3 1 4 0 1 0 2 3 4 2 2 2 3 1 0 0 0 3 3 3 2 1 0 0 4 1 4 1 1 1 3 3 0 0 4 3 1 4 3 0 3 0 4 0 0 2 2 4 4 3 2 0 3 0 0 0 0 4 4 0 0 3 0 0 0 0 0 0 0 0 1 0 
#TS69
1 0 3 1 2 2 1 0 3 3 3 1 1 1 1 2 4 2 2 1 1 3 2 2 3 1 3 2 3 2 0 0 3 1 0 0 2 0 3 1 3 3 1 0 2 3 4 0 1 2 3 1 2 3 0 3 3 2 2 1 1 4 3 0 3 2 4 0 3 3 0 0 3 2 0 4 3 0 3 2 4 0 2 2 0 1 1 1 0 0 2 3 0 0 0 4 3 0 4 1 0 0 0 0 0 0 0 0 0 0 
1 0 3 1 1 2 1 0 2 3 3 2 1 1 1 2 3 1 3 1 2 2 3 2 3 1 3 3 4 2 1 0 2 0 0 0 3 0 2 1 3 3 1 0 2 3 4 0 2 2 3 2 2 3 0 4 3 3 2 1 1 4 3 0 3 2 4 1 3 3 0 0 3 2 0 3 3 0 3 2 4 0 2 3 0 1 1 2 0 0 4 3 0 0 0 4 2 0 4 1 0 0 0 0 0 0 0 0 0 0 
#TS70
1 0 3 1 0 2 1 1 4 4 3 3 0 1 0 0 2 1 0 1 2 3 3 2 2 3 2 3 0 4 2 2 3 0 0 0 1 0 1 3 3 3 0 0 2 0 4 0 0 2 0 2 0 2 0 4 3 3 1 1 1 3 3 0 4 2 4 2 3 4 0 0 4 0 0 4 3 0 3 1 4 0 2 2 0 1 1 2 2 0 2 1 0 0 4 0 4 3 4 1 0 0 0 0 1 0 0 0 0 0 
1 0 3 2 0 2 1 1 4 3 3 3 0 1 0 0 4 0 1 1 2 3 3 2 2 4 1 4 0 4 2 2 3 0 0 0 2 1 0 3 3 3 0 0 2 0 4 1 0 2 0 1 0 2 0 4 3 3 1 1 0 2 3 0 3 2 4 3 3 3 0 0 3 0 0 3 3 0 3 1 4 0 2 2 0 1 3 2 2 0 3 0 0 0 3 0 3 4 4 1 0 0 0 0 0 0 0 0 0 0 
#TS71
1 0 3 1 1 3 0 1 0 1 0 0 4 2 2 4 2 1 0 1 3 3 3 4 3 0 3 2 0 2 2 3 3 1 3 0 2 1 3 2 2 0 1 0 2 3 4 2 2 2 3 1 0 0 0 4 4 3 2 1 0 0 4 3 3 0 0 1 3 4 0 0 3 2 0 4 3 1 3 0 1 0 0 2 3 4 4 3 2 1 4 0 0 0 0 4 3 0 0 3 0 0 0 0 0 0 0 0 1 0 
1 0 3 1 1 3 0 1 0 1 0 0 4 2 2 3 4 0 0 1 3 3 2 4 3 0 2 0 0 2 1 3 4 1 1 0 2 2 2 3 2 0 1 0 1 3 3 3 2 1 3 1 0 0 0 4 4 3 2 2 0 0 3 4 3 1 0 1 3 4 0 0 3 2 0 4 3 2 3 0 1 0 0 2 3 4 4 3 2 1 4 0 0 0 0 4 3 0 0 3 0 0 0 0 0 0 0 0 1 0 
#TS72
1 2 2 1 2 0 1 1 3 3 3 0 2 2 3 2 3 1 0 4 2 4 3 0 0 0 4 0 1 3 1 2 2 4 0 0 1 0 3 1 3 3 0 0 2 2 4 0 1 3 4 2 0 2 2 1 3 3 3 0 1 4 3 0 3 1 1 2 1 3 0 0 3 1 1 4 3 0 1 1 4 0 2 3 0 1 0 3 0 0 4 3 0 0 0 4 2 0 4 1 0 0 0 0 0 0 0 0 0 0 
2 0 3 1 2 2 1 1 2 2 3 0 2 2 2 2 3 1 1 1 2 4 3 2 0 0 3 0 2 3 1 1 3 3 0 0 1 0 3 1 3 3 1 0 2 3 4 0 1 3 3 1 0 2 3 1 4 3 3 1 1 4 2 1 3 2 0 1 3 4 0 0 4 2 0 3 3 0 3 1 4 0 4 2 0 1 2 3 0 0 4 3 0 0 0 4 4 0 4 1 0 0 0 0 0 0 0 0 0 0 
#TS73
2 0 3 3 1 2 1 0 3 4 2 2 2 2 1 4 1 0 0 0 2 3 2 2 3 1 2 2 1 3 0 3 3 1 0 0 4 3 1 4 0 3 2 0 2 2 4 2 1 2 2 1 1 2 0 3 0 3 2 1 2 1 3 0 1 2 4 0 3 3 0 0 2 2 1 4 3 2 3 3 3 0 2 1 0 1 1 2 0 3 2 3 2 1 0 4 2 0 4 2 0 0 0 0 0 0 0 0 0 0 
3 0 3 2 1 2 0 0 4 3 2 2 2 2 0 3 1 0 0 0 2 3 2 3 3 1 2 3 2 3 1 1 3 1 0 0 3 3 0 4 0 3 1 0 2 2 3 1 1 2 2 1 1 2 0 4 0 3 2 1 2 1 3 0 3 3 4 0 3 3 0 0 3 2 0 4 3 2 2 3 4 0 3 2 0 1 2 2 0 3 2 3 1 1 0 4 3 0 4 2 0 0 0 0 0 0 0 0 0 0 
#TS74
1 3 3 1 1 3 1 4 0 1 0 0 4 4 2 2 2 2 1 3 2 3 3 2 3 0 3 3 0 3 1 4 4 3 0 1 2 1 2 2 3 3 0 0 2 3 3 2 1 1 3 2 0 0 4 1 3 3 1 1 1 0 3 0 3 2 2 0 2 3 0 2 4 3 3 4 3 0 4 1 4 0 2 2 0 4 3 3 3 1 3 3 0 0 0 4 3 0 2 3 0 1 0 0 0 0 0 0 0 0 
1 4 3 2 1 3 1 3 0 1 0 0 3 3 2 1 2 1 1 3 2 3 3 3 3 0 3 2 0 3 1 4 4 3 0 0 2 2 2 2 4 3 0 0 2 3 4 3 1 1 3 2 0 0 4 2 3 2 2 1 1 0 3 0 3 1 0 0 3 3 0 1 4 2 4 4 3 0 3 2 4 0 2 2 0 4 4 3 3 1 2 3 0 1 0 4 3 0 2 3 0 1 0 0 0 0 0 0 0 0 
#TS75
2 0 3 2 1 2 1 0 3 4 2 1 2 2 2 2 2 0 3 0 2 4 3 3 3 0 3 0 3 2 0 0 1 3 0 0 2 2 2 3 3 3 1 0 2 3 4 2 1 2 3 2 3 4 2 2 3 3 2 1 1 2 3 1 4 3 4 1 3 3 0 0 3 2 0 4 3 0 3 1 4 0 2 2 0 1 2 2 1 2 1 3 0 0 0 4 3 0 4 2 0 0 0 0 0 0 0 0 0 0 
2 0 3 2 1 2 1 0 3 3 2 2 2 1 2 2 2 0 3 0 2 3 3 2 3 0 3 0 3 2 0 0 1 3 0 0 1 2 2 3 3 3 1 0 2 2 4 1 1 2 3 2 3 3 2 1 3 3 1 1 1 1 3 0 3 3 4 2 3 3 0 0 3 2 0 4 3 0 3 1 4 0 2 2 0 1 3 3 1 2 1 3 0 0 0 4 2 0 4 2 0 0 0 0 0 0 0 0 0 0 
#TS76
1 4 3 2 1 3 1 3 0 1 0 0 3 3 2 1 2 1 1 3 2 3 3 3 3 0 3 2 0 3 1 4 4 3 0 0 2 2 2 2 4 3 0 0 2 3 4 3 1 1 3 2 0 0 4 2 3 2 2 1 1 0 3 0 3 1 0 0 3 3 0 1 4 2 4 4 3 0 3 2 4 0 2 2 0 4 4 3 3 1 2 3 0 1 0 4 3 0 2 3 0 1 0 0 0 0 0 0 0 0 
1 3 3 2 1 3 1 4 0 0 0 0 4 3 2 2 3 1 0 4 2 3 3 2 3 0 3 2 0 2 1 4 3 4 1 0 3 2 2 2 3 3 0 0 2 3 1 4 1 1 2 3 0 0 4 0 3 3 2 1 0 0 3 1 4 1 0 0 2 3 0 1 4 1 3 4 3 0 3 2 3 0 2 2 0 4 4 3 3 2 1 3 0 0 0 4 3 0 2 3 0 1 0 0 0 0 0 0 0 0 
#TS77
0 2 3 0 2 0 1 2 2 4 3 2 2 1 4 2 2 1 3 3 2 3 3 0 0 0 3 1 0 4 0 1 1 2 0 1 0 0 2 1 3 3 0 0 2 3 2 0 1 2 4 1 1 4 1 2 3 2 4 0 1 4 3 0 3 2 4 3 2 3 0 0 3 2 1 4 3 1 1 1 4 0 2 2 0 0 0 3 0 0 4 4 0 0 0 4 3 0 4 1 0 0 0 0 0 1 0 0 0 0 
0 1 3 0 1 1 1 2 2 4 3 2 2 2 3 2 3 0 3 3 2 3 2 0 0 0 3 1 0 3 1 3 0 3 0 0 0 0 2 1 3 3 0 0 1 3 3 0 1 1 4 2 0 3 2 2 3 2 4 0 1 4 3 0 3 2 4 3 2 3 0 0 3 2 1 4 3 1 3 1 4 0 2 3 0 1 0 3 0 0 4 3 0 0 0 4 3 0 4 1 0 0 0 0 0 1 0 0 0 0 
#TS78
1 0 3 2 4 0 0 0 2 4 3 2 0 1 1 3 3 0 1 2 2 0 0 0 0 0 3 0 0 2 0 2 3 1 0 1 1 0 2 1 3 3 0 0 2 3 4 1 0 2 2 4 1 3 2 0 3 2 2 1 1 4 3 0 3 4 4 1 3 3 0 0 3 3 1 4 3 0 1 2 4 0 4 1 0 1 3 0 0 3 0 3 0 0 0 2 4 0 4 1 0 0 0 0 0 0 0 0 0 0 
1 0 3 2 3 2 1 1 3 3 3 1 1 2 1 1 3 1 1 1 2 3 0 2 1 1 3 0 2 4 0 2 3 2 0 0 2 0 2 1 3 3 1 0 2 2 2 0 1 1 3 2 1 3 1 1 3 3 1 1 1 4 4 0 3 3 4 1 3 3 0 0 4 2 0 4 3 0 3 3 4 0 3 1 0 1 2 3 0 1 0 3 0 0 0 4 3 0 4 1 0 0 0 0 0 0 0 0 0 0 
#TS79
1 0 3 1 1 2 1 1 2 3 3 1 2 1 2 0 3 2 3 1 2 3 3 2 3 2 3 3 3 2 2 0 0 0 0 1 0 0 3 1 2 2 1 0 2 3 4 0 1 1 3 1 4 3 0 4 3 3 2 1 1 4 2 0 3 2 4 3 2 3 0 0 4 2 1 4 3 0 3 0 4 0 2 4 0 1 1 1 2 0 3 3 0 0 0 4 3 1 4 1 0 0 0 0 0 0 0 0 0 0 
1 0 3 2 1 2 1 0 2 3 3 2 2 2 2 0 3 2 3 1 2 3 3 2 3 2 4 3 3 2 2 0 0 0 0 2 0 0 4 1 3 3 1 0 2 3 4 0 1 1 3 2 4 3 0 4 4 3 2 1 1 4 4 0 3 2 4 3 3 3 0 0 2 2 1 4 3 0 2 0 4 0 2 2 0 1 1 1 2 0 3 3 0 0 0 4 4 1 4 1 0 0 0 0 0 0 0 0 0 0 
#TS80
1 3 3 2 1 1 1 2 2 3 3 3 3 1 2 0 2 2 3 1 2 2 3 2 3 2 3 3 3 1 2 0 0 0 0 2 0 0 2 0 3 3 0 0 2 3 2 0 2 1 3 2 4 3 0 4 1 3 2 0 1 4 3 0 3 2 4 3 3 3 0 0 2 2 0 4 3 0 3 1 4 0 3 3 2 1 1 0 2 2 3 3 2 0 2 4 4 3 4 1 1 0 0 0 0 0 0 0 0 0 
1 4 3 4 1 0 1 2 2 2 3 3 3 1 2 0 2 2 3 1 2 3 3 2 3 3 3 3 2 2 3 0 1 0 0 2 0 0 3 1 3 4 0 0 2 3 2 0 2 1 3 2 4 4 0 4 0 3 2 0 1 4 3 0 3 1 4 3 3 3 0 0 3 1 0 4 3 0 4 1 4 0 3 3 3 0 1 0 1 3 1 2 3 0 1 4 2 4 4 1 1 0 0 0 0 0 0 0 0 0 
#TS81
2 0 3 2 1 2 1 0 3 3 2 2 2 1 2 2 2 0 3 0 2 3 3 2 3 0 3 0 3 2 0 0 1 3 0 0 1 2 2 3 3 3 1 0 2 2 4 1 1 2 3 2 3 3 2 1 3 3 1 1 1 1 3 0 3 3 4 2 3 3 0 0 3 2 0 4 3 0 3 1 4 0 2 2 0 1 3 3 1 2 1 3 0 0 0 4 2 0 4 2 0 0 0 0 0 0 0 0 0 0 
2 0 3 2 1 2 1 1 2 4 3 2 2 2 2 2 2 0 3 0 2 3 3 3 4 1 3 0 3 2 0 0 0 1 0 0 1 1 2 3 4 3 1 0 2 2 3 1 1 1 4 2 3 3 2 2 3 3 2 1 0 1 3 0 3 2 4 2 3 3 0 0 3 2 0 4 3 0 3 1 4 0 2 3 0 0 1 2 2 1 1 2 0 0 0 4 4 0 4 1 0 0 0 0 0 0 0 0 0 0 
#TS82
1 0 3 1 0 2 1 1 3 4 2 4 0 1 0 0 4 2 1 1 2 3 3 1 2 4 3 3 1 4 3 2 1 0 0 0 0 0 0 1 4 3 0 0 2 1 4 1 0 2 0 1 1 2 0 4 3 3 1 1 1 3 3 0 3 2 4 2 3 3 0 0 3 0 1 4 3 0 3 1 4 0 2 2 0 1 2 2 2 0 3 1 0 0 3 0 4 4 4 1 0 0 0 0 1 0 0 0 0 0 
1 0 3 1 0 2 1 1 4 4 3 3 0 1 0 0 3 1 2 1 2 2 3 1 3 4 3 4 0 4 3 2 2 0 0 0 2 0 1 2 3 3 0 0 2 0 3 1 0 3 0 1 0 3 0 4 3 3 1 1 1 3 3 0 2 2 4 3 3 3 0 0 3 0 0 4 3 0 3 1 4 0 2 2 0 1 2 2 3 1 3 0 0 0 3 0 2 4 4 2 0 0 0 0 1 0 0 0 0 0 
#TS83
1 0 3 1 1 3 1 1 2 4 3 2 2 2 1 0 2 2 3 1 2 3 3 2 3 2 2 3 3 2 2 0 0 0 0 3 0 0 4 1 2 3 1 0 2 3 4 0 1 1 3 2 4 3 0 4 3 3 2 1 1 4 3 0 3 2 4 3 3 3 0 0 3 2 0 4 3 0 2 0 4 0 2 2 0 1 1 1 3 0 3 3 0 0 0 4 3 1 4 1 0 0 0 0 0 0 0 0 0 0 
1 0 3 1 1 3 1 1 2 4 3 2 2 2 1 0 2 2 3 1 2 3 3 2 3 2 2 3 3 2 2 0 0 0 0 3 0 0 4 1 2 3 1 0 2 3 4 0 1 1 3 2 4 3 0 4 3 3 2 1 1 4 3 0 3 2 4 3 3 3 0 0 3 2 0 4 3 0 2 0 4 0 2 2 0 1 1 1 3 0 3 3 0 0 0 4 3 1 4 1 0 0 0 0 0 0 0 0 0 0 
#TS84
1 0 3 2 1 1 1 4 2 2 3 2 2 0 1 0 3 1 2 2 2 3 3 1 1 2 2 3 1 3 1 0 3 0 0 0 2 0 3 1 4 3 1 0 2 3 4 0 1 2 3 2 1 3 0 4 4 3 2 0 1 1 3 0 4 3 4 0 0 3 0 0 3 3 4 3 3 0 3 1 4 2 0 2 0 0 1 2 0 0 3 4 0 0 0 4 4 0 4 1 0 0 0 0 0 0 0 0 0 1 
2 0 2 2 1 0 1 4 2 3 3 2 3 0 1 0 2 2 2 1 4 3 3 1 3 2 2 3 1 3 1 0 3 0 0 0 2 0 3 1 3 4 1 0 2 4 4 0 2 3 3 2 1 3 0 4 3 2 2 0 1 0 3 0 3 3 4 0 0 3 0 0 3 2 4 4 3 0 3 1 4 2 1 2 0 0 1 2 0 0 3 4 0 0 0 4 3 0 4 1 0 0 0 0 0 0 0 0 0 1 
#TS85
3 0 3 2 1 2 1 0 2 4 3 2 1 1 0 0 2 0 3 0 2 4 3 2 2 2 2 2 3 3 2 0 2 0 0 0 3 0 1 3 3 3 2 0 2 1 4 0 1 2 1 2 2 3 0 4 3 3 2 1 1 3 3 0 3 1 4 1 3 3 0 0 4 3 1 3 3 0 3 1 4 0 2 2 0 1 2 1 1 0 3 3 0 0 0 4 3 0 4 2 0 0 0 0 0 0 0 0 0 0 
3 0 3 1 1 2 0 0 2 3 3 2 2 1 2 0 2 1 3 0 2 3 3 2 2 2 1 3 3 2 2 0 1 0 0 0 2 0 3 2 3 3 2 0 2 3 2 0 1 3 3 2 4 3 0 4 4 2 2 1 0 3 3 0 3 2 4 2 3 2 0 0 3 2 0 4 3 0 3 0 4 0 2 2 0 1 1 2 1 0 4 3 0 0 0 4 3 0 4 1 0 0 0 0 0 0 0 0 0 0 
#TS86
2 0 3 1 1 2 1 0 2 3 3 2 2 2 2 0 2 1 3 0 2 4 3 2 4 2 2 3 3 2 2 0 1 0 0 1 0 0 3 3 3 3 2 0 2 2 4 0 1 1 3 1 4 4 0 4 3 3 2 1 1 3 3 0 3 2 4 3 3 3 0 0 4 2 0 4 3 0 3 1 4 0 2 2 0 1 1 2 0 0 3 3 0 0 0 4 4 1 4 1 0 0 0 0 0 0 0 0 0 0 
2 0 3 1 1 2 1 0 2 3 3 2 2 2 2 0 2 1 3 0 2 4 3 2 4 2 2 3 3 2 2 0 1 0 0 1 0 0 3 3 3 3 2 0 2 2 4 0 1 1 3 1 4 4 0 4 3 3 2 1 1 3 3 0 3 2 4 3 3 3 0 0 4 2 0 4 3 0 3 1 4 0 2 2 0 1 1 2 0 0 3 3 0 0 0 4 4 1 4 1 0 0 0 0 0 0 0 0 0 0 
#TS87
2 0 3 2 1 2 1 1 2 3 3 1 2 2 1 0 3 0 3 0 2 2 3 3 3 0 3 0 3 2 2 0 1 0 0 0 2 2 1 3 1 3 1 0 2 0 4 1 1 1 3 2 3 3 0 4 3 3 2 1 1 1 3 1 3 2 4 1 3 3 0 0 3 2 0 3 3 0 2 1 4 0 2 2 0 1 2 2 1 1 2 3 1 0 0 4 3 0 4 2 0 0 0 0 0 0 0 0 0 0 
2 0 3 2 1 2 1 0 2 4 2 2 2 2 1 0 3 0 3 0 2 3 3 3 3 0 3 0 3 2 2 0 1 0 0 0 2 2 0 3 2 3 1 0 2 0 4 1 1 2 3 2 4 3 0 4 3 2 2 1 1 2 2 0 4 2 4 3 3 3 0 0 3 2 0 4 3 1 3 1 4 0 2 3 0 1 1 2 1 1 2 3 0 0 0 4 3 0 4 1 0 0 0 0 0 0 0 0 0 0 
#TS88
2 0 3 2 1 2 1 0 2 2 3 2 2 2 1 1 3 0 3 0 2 3 3 3 3 2 2 3 3 2 2 0 2 0 0 0 2 1 0 3 1 3 1 0 2 0 4 0 1 2 3 2 4 3 0 4 3 3 3 1 1 1 3 0 4 2 4 2 3 3 0 0 3 2 0 4 3 1 3 1 4 0 2 2 0 1 1 3 0 1 2 3 0 0 0 4 2 0 4 1 0 0 0 0 0 0 0 0 0 0 
3 0 3 2 1 2 1 0 2 4 3 2 2 2 2 0 2 0 3 0 2 3 3 3 3 1 3 3 3 2 1 0 1 0 0 0 2 0 1 4 2 3 1 0 2 1 4 1 1 1 2 1 4 3 0 4 3 3 2 1 1 1 3 0 3 2 4 2 3 4 0 0 3 2 0 4 3 0 3 0 4 0 2 2 0 1 1 2 0 1 2 3 0 0 0 4 3 0 3 1 0 0 0 0 0 0 0 0 0 0 
#TS89
2 0 3 2 2 2 1 0 2 3 2 1 3 2 2 2 3 0 2 0 2 4 4 3 3 0 3 0 4 1 0 0 4 2 0 0 3 3 3 3 2 3 1 0 2 2 4 2 1 2 2 1 2 3 2 2 4 3 2 1 1 2 2 2 3 2 3 0 3 3 0 0 3 2 0 4 3 0 3 1 4 0 2 2 0 2 3 2 0 2 1 3 0 0 0 4 3 0 4 3 0 0 0 0 0 0 0 0 0 0 
2 0 3 2 1 2 1 0 3 4 2 1 2 2 2 2 2 0 3 0 2 4 3 3 3 0 3 0 3 2 0 0 1 3 0 0 2 2 2 3 3 3 1 0 2 3 4 2 1 2 3 2 3 4 2 2 3 3 2 1 1 2 3 1 4 3 4 1 3 3 0 0 3 2 0 4 3 0 3 1 4 0 2 2 0 1 2 2 1 2 1 3 0 0 0 4 3 0 4 2 0 0 0 0 0 0 0 0 0 0 
#TS90
1 2 3 0 2 0 1 2 1 3 3 0 2 2 2 2 3 0 0 3 2 2 3 0 0 0 3 0 0 4 0 3 1 4 0 0 1 0 4 1 3 3 0 0 1 3 3 0 1 3 4 1 0 2 3 1 3 3 4 0 1 4 3 0 4 2 2 3 2 3 0 0 3 2 1 4 3 1 2 0 4 0 3 3 0 1 0 4 0 0 3 4 0 1 0 4 2 1 4 1 0 0 0 0 0 1 0 0 0 0 
1 2 2 1 2 0 1 1 3 3 3 0 2 2 3 2 3 1 0 4 2 4 3 0 0 0 4 0 1 3 1 2 2 4 0 0 1 0 3 1 3 3 0 0 2 2 4 0 1 3 4 2 0 2 2 1 3 3 3 0 1 4 3 0 3 1 1 2 1 3 0 0 3 1 1 4 3 0 1 1 4 0 2 3 0 1 0 3 0 0 4 3 0 0 0 4 2 0 4 1 0 0 0 0 0 0 0 0 0 0 
#TS91
1 0 3 2 1 0 1 4 3 2 3 2 3 0 1 0 3 1 2 1 2 3 3 1 2 2 3 3 0 4 1 0 3 0 0 0 3 0 3 1 3 3 2 0 2 4 4 0 2 2 3 2 1 4 0 4 3 2 1 0 1 0 3 0 4 3 4 0 0 2 0 0 3 2 3 3 3 1 3 1 4 2 1 2 0 1 1 3 0 0 3 3 0 0 0 4 4 0 4 1 0 0 0 0 0 0 0 0 0 1 
1 0 3 2 1 0 1 4 2 3 3 2 3 0 1 0 3 1 2 2 2 3 3 1 2 2 1 4 0 3 2 2 3 0 0 0 3 0 3 1 3 3 1 0 3 3 4 0 1 3 3 2 0 3 0 4 3 3 2 0 1 0 3 0 3 2 4 0 1 4 0 0 3 2 4 3 4 1 3 1 4 2 0 2 0 0 1 3 0 0 3 3 0 0 0 4 4 0 4 1 0 0 0 0 0 0 0 0 0 0 
#TS92
2 0 3 1 2 2 1 1 2 2 3 0 2 2 2 2 3 1 1 1 2 4 3 2 0 0 3 0 2 3 1 1 3 3 0 0 1 0 3 1 3 3 1 0 2 3 4 0 1 3 3 1 0 2 3 1 4 3 3 1 1 4 2 1 3 2 0 1 3 4 0 0 4 2 0 3 3 0 3 1 4 0 4 2 0 1 2 3 0 0 4 3 0 0 0 4 4 0 4 1 0 0 0 0 0 0 0 0 0 0 
1 0 3 1 1 3 1 1 2 3 3 0 2 2 0 1 3 1 2 0 2 3 3 3 2 0 3 0 3 3 1 0 3 3 0 0 2 0 3 2 3 3 1 0 2 3 4 0 1 3 3 2 1 3 2 2 3 2 2 1 1 4 2 1 3 1 2 0 3 4 0 0 4 2 0 4 3 0 3 1 4 0 2 3 0 1 3 2 1 0 4 3 0 0 0 4 2 0 4 1 0 0 0 0 0 0 0 0 0 0 
#TS93
1 0 3 1 1 3 1 1 2 3 3 2 2 2 2 0 2 2 3 1 2 3 3 2 3 2 3 3 3 2 2 0 0 0 0 2 0 0 3 1 3 3 1 0 2 3 4 0 1 1 3 2 4 3 0 4 3 3 2 1 1 4 3 0 3 2 4 3 3 3 0 0 3 2 0 4 3 0 3 1 4 0 2 2 0 1 1 1 3 0 4 3 0 0 0 4 3 0 4 1 0 0 0 0 0 1 0 0 0 0 
1 1 3 1 1 2 1 1 2 4 2 2 2 2 2 0 2 1 3 3 2 3 3 0 3 1 3 3 3 2 2 0 0 2 0 1 0 0 3 0 3 4 1 0 2 4 4 0 1 1 3 3 2 4 0 4 3 2 3 0 1 4 3 0 3 2 4 3 3 3 0 0 3 2 1 4 3 0 2 1 4 0 2 2 0 1 0 1 3 0 4 4 0 0 0 4 3 0 4 1 0 0 0 0 0 1 0 0 0 0 
#TS94
0 1 3 0 1 1 1 2 2 4 3 2 2 2 3 2 3 0 3 3 2 3 2 0 0 0 3 1 0 3 1 3 0 3 0 0 0 0 2 1 3 3 0 0 1 3 3 0 1 1 4 2 0 3 2 2 3 2 4 0 1 4 3 0 3 2 4 3 2 3 0 0 3 2 1 4 3 1 3 1 4 0 2 3 0 1 0 3 0 0 4 3 0 0 0 4 3 0 4 1 0 0 0 0 0 1 0 0 0 0 
1 3 3 0 2 0 1 2 2 4 3 1 2 1 2 4 4 1 1 4 2 3 3 0 0 0 4 0 0 4 0 2 1 4 0 0 1 0 3 1 3 3 0 0 2 3 4 0 1 2 4 2 0 2 2 2 3 3 4 0 1 4 3 0 3 2 3 3 2 3 0 0 4 2 2 4 3 2 2 1 4 0 3 2 1 0 0 4 0 0 4 3 1 0 0 4 2 0 4 1 0 0 0 0 0 1 0 0 0 0 
#TS95
3 0 3 3 0 0 1 0 2 2 2 0 3 2 1 0 2 0 0 0 2 4 3 3 2 0 0 0 0 3 2 4 3 0 0 0 2 0 0 3 2 4 1 0 2 0 3 1 1 3 3 1 0 1 0 4 4 3 3 2 2 2 2 3 4 1 0 0 3 3 0 0 3 2 0 4 1 2 3 1 4 0 4 3 0 1 1 3 0 1 0 2 0 0 0 4 4 1 3 1 0 0 0 0 0 0 0 0 0 0 
3 0 3 3 0 1 1 0 2 2 3 1 3 2 1 0 3 0 0 0 2 3 3 4 3 0 1 0 1 4 2 2 3 0 0 0 2 0 1 3 3 4 1 0 2 0 4 1 1 3 3 1 1 2 0 4 3 3 2 1 1 1 3 1 3 2 2 0 4 3 0 0 3 2 0 3 2 2 3 2 4 0 3 2 0 1 2 3 0 0 2 3 0 0 0 4 3 0 4 2 0 0 0 0 0 0 0 0 0 0 
#TS96
1 0 3 1 2 3 1 1 0 4 2 0 3 3 2 1 2 2 1 2 2 3 2 1 1 1 1 3 0 3 3 3 3 0 0 0 2 0 3 0 3 3 0 0 2 3 4 0 1 2 3 4 0 2 0 4 3 4 4 1 1 4 3 0 3 3 2 0 3 3 0 0 3 3 4 4 3 0 2 0 4 0 1 2 0 1 1 1 4 0 4 3 3 0 4 4 0 1 3 1 0 0 0 1 0 0 0 0 0 0 
1 0 4 1 2 2 0 2 0 4 2 0 4 3 2 1 2 1 0 1 2 2 3 2 2 0 0 3 0 4 3 3 4 0 0 0 2 0 2 0 3 3 0 0 2 3 3 1 2 2 3 3 0 2 0 4 3 3 4 1 1 4 3 1 3 3 1 0 3 4 0 0 3 2 4 4 3 0 2 0 4 0 1 2 0 1 1 2 4 0 4 3 3 0 3 4 0 1 3 2 0 0 0 1 0 0 0 0 0 0 
#TS97
1 0 3 2 0 1 1 1 2 3 3 2 2 1 2 0 2 2 3 2 2 3 1 2 3 2 3 3 3 2 2 0 0 0 0 1 3 2 3 2 4 3 1 0 2 3 4 2 1 1 3 3 4 3 0 4 2 3 2 1 1 1 3 0 1 3 4 3 2 3 0 0 0 2 3 4 3 0 3 1 4 0 2 3 3 1 1 1 3 0 4 3 0 0 0 3 3 1 4 1 0 0 0 0 0 0 1 0 0 0 
1 0 3 2 0 1 1 1 1 3 3 2 1 1 2 0 1 2 3 2 2 3 0 2 3 2 1 4 3 2 1 0 0 0 0 0 3 3 3 3 4 3 1 0 2 3 2 2 1 1 3 4 4 3 0 4 0 3 2 1 1 0 3 0 0 3 4 3 4 3 0 0 0 2 3 4 3 0 3 1 4 0 2 2 3 1 1 1 1 1 3 4 0 0 0 4 3 1 4 1 0 0 0 0 0 0 1 0 0 0 
#TS98
1 0 3 2 1 2 1 0 2 3 3 2 2 2 2 0 3 2 3 1 2 3 3 2 3 2 4 3 3 2 2 0 0 0 0 2 0 0 4 1 3 3 1 0 2 3 4 0 1 1 3 2 4 3 0 4 4 3 2 1 1 4 4 0 3 2 4 3 3 3 0 0 2 2 1 4 3 0 2 0 4 0 2 2 0 1 1 1 2 0 3 3 0 0 0 4 4 1 4 1 0 0 0 0 0 0 0 0 0 0 
1 0 3 1 1 3 1 1 2 4 3 2 2 2 1 0 2 2 3 1 2 3 3 2 3 2 2 3 3 2 2 0 0 0 0 3 0 0 4 1 2 3 1 0 2 3 4 0 1 1 3 2 4 3 0 4 3 3 2 1 1 4 3 0 3 2 4 3 3 3 0 0 3 2 0 4 3 0 2 0 4 0 2 2 0 1 1 1 3 0 3 3 0 0 0 4 3 1 4 1 0 0 0 0 0 0 0 0 0 0 
#TS99
1 0 4 1 2 2 0 2 0 4 2 0 4 3 2 1 2 1 0 1 2 2 3 2 2 0 0 3 0 4 3 3 4 0 0 0 2 0 2 0 3 3 0 0 2 3 3 1 2 2 3 3 0 2 0 4 3 3 4 1 1 4 3 1 3 3 1 0 3 4 0 0 3 2 4 4 3 0 2 0 4 0 1 2 0 1 1 2 4 0 4 3 3 0 3 4 0 1 3 2 0 0 0 1 0 0 0 0 0 0 
1 0 3 1 2 3 1 1 0 3 2 0 4 4 2 1 2 2 0 1 2 3 3 1 2 0 0 3 0 3 3 3 4 0 0 0 3 0 3 1 3 3 0 0 2 3 3 0 1 2 3 3 0 2 0 4 3 3 3 1 1 4 2 2 4 3 0 0 4 3 0 0 3 3 4 4 3 0 2 0 4 0 0 3 0 2 3 1 4 0 4 3 4 0 4 4 0 1 4 2 0 0 0 1 0 0 0 0 0 0 
#TS100
1 0 3 1 1 2 1 0 3 3 3 2 2 1 2 0 2 1 3 0 2 3 3 3 3 1 1 3 3 2 2 0 0 0 0 1 0 0 2 1 3 3 1 0 2 3 4 0 1 1 3 2 4 3 0 4 3 3 2 1 1 4 3 0 3 2 4 3 3 3 0 0 3 2 0 4 3 0 3 1 4 0 2 3 0 1 1 2 1 0 4 3 0 0 0 3 3 0 4 1 0 0 0 0 0 0 0 0 0 0 
2 0 3 2 1 2 1 0 2 4 3 2 2 2 2 0 2 1 3 0 2 3 3 3 4 2 3 4 3 2 3 0 0 0 0 2 0 0 2 1 4 3 1 0 2 2 3 0 1 1 4 2 4 3 0 4 3 3 2 1 0 4 3 0 4 2 4 2 3 3 0 0 3 2 0 3 3 0 3 1 4 0 2 3 0 1 1 1 1 0 4 3 0 0 0 4 2 0 4 1 0 0 0 0 0 0 0 0 0 0 
#TS101
4 0 3 2 1 2 1 0 3 3 3 2 2 2 2 0 2 1 3 0 2 4 3 3 3 1 2 1 3 1 2 0 1 0 0 0 2 1 1 2 3 3 1 0 2 0 4 1 1 1 3 2 4 3 0 4 3 3 2 1 1 3 4 0 3 2 3 3 3 4 0 0 2 2 0 3 2 0 3 1 4 0 2 2 0 1 1 3 1 1 1 3 0 0 0 4 3 0 4 1 0 0 0 0 0 0 0 0 0 0 
3 0 3 2 1 2 1 0 2 3 3 1 2 2 2 0 3 1 3 0 2 3 3 2 3 2 2 2 3 2 3 0 0 0 0 0 1 0 1 3 3 3 1 0 2 1 4 0 1 1 3 2 4 3 0 4 3 3 2 1 0 1 2 0 3 3 4 3 3 3 0 0 2 2 0 4 3 0 3 1 4 0 2 3 0 1 1 2 1 1 2 3 0 0 0 4 3 0 4 1 0 0 0 0 0 0 0 0 0 0 
#TS102
2 0 2 2 1 1 1 0 2 4 3 2 3 2 2 0 2 0 3 0 2 3 3 2 3 2 1 3 3 2 2 0 1 0 0 1 1 0 2 1 2 3 1 0 2 3 4 0 1 1 3 2 4 4 0 4 3 3 1 1 0 2 3 0 3 2 3 3 2 3 0 0 3 2 1 4 3 0 3 1 4 0 3 2 0 1 1 1 0 0 4 3 0 0 0 4 4 0 4 1 0 0 0 0 0 0 0 0 0 0 
1 0 3 3 1 2 1 0 2 4 3 2 2 2 1 0 3 1 3 0 2 4 3 2 3 1 2 3 3 1 3 0 1 0 0 1 0 0 3 0 3 3 1 0 2 3 4 0 2 1 3 2 4 3 0 4 3 3 2 1 1 3 3 0 3 2 4 3 3 3 0 0 2 2 0 4 3 0 3 1 4 0 2 2 0 1 1 2 0 0 4 3 0 0 0 4 3 0 4 1 0 0 0 0 0 0 0 0 0 0 
#TS103
1 0 4 1 1 3 1 1 0 3 3 0 4 4 2 1 2 1 0 1 3 2 3 2 2 0 0 3 0 3 3 3 3 0 0 0 3 0 3 3 3 3 0 0 2 3 4 1 1 2 3 3 0 2 0 4 3 4 4 1 1 4 2 3 3 3 0 0 3 3 0 0 3 2 4 4 3 0 1 0 4 0 1 2 0 2 2 1 3 0 4 3 2 0 4 4 0 0 2 2 0 0 0 1 0 0 0 0 0 0 
1 0 3 1 1 3 1 1 0 3 3 0 4 3 2 1 2 1 0 2 2 3 2 1 2 0 0 2 0 3 4 3 3 0 0 0 3 0 3 2 3 3 0 0 2 3 4 0 1 3 3 2 0 1 0 4 4 3 4 1 1 4 2 4 3 3 0 0 3 3 0 0 3 2 4 4 3 0 1 0 4 0 1 2 0 2 3 2 4 0 4 3 3 0 3 4 0 1 4 2 0 0 0 0 0 0 0 0 0 0 
#TS104
3 0 3 3 0 0 1 0 2 4 2 1 2 1 2 1 0 0 0 1 2 3 0 2 3 1 1 2 0 3 0 3 3 1 0 0 4 4 2 3 1 3 1 0 2 2 2 3 1 1 1 3 1 2 0 3 0 4 2 1 1 0 3 0 0 3 4 1 3 3 0 0 0 2 4 3 3 3 3 4 2 0 4 2 3 1 1 3 0 3 2 3 1 1 0 4 3 0 3 2 0 0 0 0 0 0 0 0 0 0 
2 0 3 3 1 2 1 0 3 4 2 2 2 2 1 4 1 0 0 0 2 3 2 2 3 1 2 2 1 3 0 3 3 1 0 0 4 3 1 4 0 3 2 0 2 2 4 2 1 2 2 1 1 2 0 3 0 3 2 1 2 1 3 0 1 2 4 0 3 3 0 0 2 2 1 4 3 2 3 3 3 0 2 1 0 1 1 2 0 3 2 3 2 1 0 4 2 0 4 2 0 0 0 0 0 0 0 0 0 0 
#TS105
1 0 3 2 4 1 0 1 3 4 3 2 0 1 2 1 2 1 3 2 2 0 1 0 0 0 3 2 2 2 0 0 1 1 0 1 0 0 3 1 3 3 0 0 3 3 4 0 1 1 3 2 4 3 2 0 3 3 2 1 0 4 3 0 3 3 4 3 3 3 0 0 3 2 2 4 3 0 0 2 4 0 2 2 0 2 2 1 0 2 0 3 0 0 0 1 3 0 4 1 0 0 0 0 0 0 0 1 0 0 
1 0 3 1 3 0 0 0 1 4 3 2 1 1 2 1 2 1 3 1 2 0 1 0 0 0 4 1 1 2 0 0 1 1 0 1 0 0 2 1 3 3 0 0 2 3 4 0 1 1 3 3 4 3 2 0 4 3 2 1 1 4 3 0 3 3 4 3 3 3 0 0 4 2 1 4 3 0 0 2 4 0 3 2 0 1 1 1 0 3 0 2 0 0 0 1 3 0 3 1 0 0 0 0 0 0 0 1 0 0 
#TS106
1 0 3 1 0 3 1 1 4 3 2 3 0 1 0 0 3 2 1 1 1 2 3 2 2 3 2 3 1 3 3 2 1 0 0 1 0 0 1 2 3 3 0 0 2 2 4 1 0 2 0 2 1 2 0 4 3 3 1 1 1 4 2 0 3 2 4 3 3 4 0 0 3 0 0 3 3 0 3 1 4 0 2 2 0 1 1 2 2 0 4 1 0 0 3 0 3 3 3 2 0 0 0 0 1 0 0 0 0 0 
1 0 3 1 0 2 1 1 3 4 2 4 0 1 0 0 4 2 1 1 2 3 3 1 2 4 3 3 1 4 3 2 1 0 0 0 0 0 0 1 4 3 0 0 2 1 4 1 0 2 0 1 1 2 0 4 3 3 1 1 1 3 3 0 3 2 4 2 3 3 0 0 3 0 1 4 3 0 3 1 4 0 2 2 0 1 2 2 2 0 3 1 0 0 3 0 4 4 4 1 0 0 0 0 1 0 0 0 0 0 
#TS107
2 0 3 2 0 1 1 0 2 4 1 2 1 1 2 2 0 0 0 1 2 4 0 2 3 2 1 3 0 4 0 2 2 1 1 0 4 4 3 4 1 3 1 0 2 3 1 2 0 1 2 2 1 2 1 4 0 3 2 1 0 0 3 0 0 2 4 1 3 4 0 0 0 3 4 3 3 1 3 4 3 0 3 4 4 1 1 2 0 3 1 3 0 0 0 4 3 0 4 1 0 0 0 0 0 0 1 0 0 0 
2 0 3 3 0 0 1 0 2 4 1 1 1 1 1 1 0 0 0 2 2 3 0 2 3 2 1 3 0 3 1 3 2 1 0 0 4 4 2 3 1 3 2 0 2 3 1 3 1 1 1 3 0 3 0 2 0 3 2 1 1 0 3 0 0 3 4 0 3 3 0 0 0 1 4 4 3 2 3 3 2 0 4 2 3 1 1 3 0 2 1 3 0 0 0 3 4 0 4 1 0 0 0 0 0 0 1 0 0 0 
#TS108
1 4 3 4 1 0 1 2 2 2 3 3 3 1 2 0 2 2 3 1 2 3 3 2 3 3 3 3 2 2 3 0 1 0 0 2 0 0 3 1 3 4 0 0 2 3 2 0 2 1 3 2 4 4 0 4 0 3 2 0 1 4 3 0 3 1 4 3 3 3 0 0 3 1 0 4 3 0 4 1 4 0 3 3 3 0 1 0 1 3 1 2 3 0 1 4 2 4 4 1 1 0 0 0 0 0 0 0 0 0 
1 4 3 4 1 0 1 2 1 3 3 3 3 1 2 0 3 1 3 2 2 3 2 2 2 2 1 3 0 2 2 0 1 0 2 2 0 0 1 1 3 3 0 0 2 3 4 0 2 1 3 3 3 3 0 4 0 3 2 0 1 4 3 0 4 2 4 3 3 3 0 0 4 2 0 4 3 1 3 2 4 0 3 3 3 0 0 0 0 4 1 2 3 0 1 4 3 4 4 1 1 0 0 0 0 0 0 0 0 0 
#TS109
1 0 3 3 0 0 1 0 3 3 2 2 1 2 2 0 0 1 3 2 2 3 0 2 3 2 1 3 1 2 0 0 1 0 0 0 4 3 4 4 3 3 1 0 2 3 4 3 1 1 3 3 4 3 1 4 0 3 2 1 0 0 3 0 0 3 4 3 3 3 0 0 0 2 4 4 3 1 3 3 4 0 2 2 3 1 1 3 0 1 1 3 0 0 0 3 3 0 4 1 0 0 0 0 0 0 1 0 0 0 
2 0 3 2 0 1 1 0 2 4 2 2 1 1 2 0 0 0 3 2 2 3 0 1 3 2 2 3 0 3 0 0 1 1 0 0 3 4 3 2 2 3 1 0 2 3 0 3 0 1 3 3 4 3 1 4 0 4 3 1 0 0 3 0 0 3 4 3 3 3 0 0 0 2 4 4 3 1 3 4 4 0 4 2 3 1 1 3 0 2 1 3 0 0 0 4 4 1 4 1 0 0 0 0 0 0 1 0 0 0 
#TS110
1 0 3 1 1 2 1 4 2 3 3 2 2 0 2 0 2 2 3 2 2 3 3 2 3 1 3 3 2 2 1 0 0 0 0 3 0 0 4 1 4 3 2 0 2 3 4 0 1 1 3 2 2 3 0 4 3 3 2 0 1 2 3 0 3 3 4 3 1 3 0 0 4 2 2 4 3 0 3 2 4 1 0 2 0 1 1 1 3 0 4 3 0 0 0 4 4 0 4 1 0 0 0 0 0 0 0 0 0 1 
1 0 3 1 1 2 0 4 1 2 3 2 2 0 1 0 1 1 3 2 2 4 3 1 2 3 3 3 1 2 1 0 1 0 0 3 0 0 1 2 3 3 1 0 2 3 3 0 1 2 3 2 1 4 0 4 3 4 3 0 1 1 3 0 3 4 4 3 0 3 0 0 3 2 3 4 3 0 3 1 4 1 0 2 0 1 1 1 2 0 4 3 0 0 0 4 2 0 4 1 0 0 0 0 0 0 0 0 0 1 
#TS111
1 0 3 1 1 3 1 1 2 3 3 2 2 2 2 0 2 2 3 1 2 3 3 2 3 2 3 3 3 2 2 0 0 0 0 2 0 0 3 1 3 3 1 0 2 3 4 0 1 1 3 2 4 3 0 4 3 3 2 1 1 4 3 0 3 2 4 3 3 3 0 0 3 2 0 4 3 0 3 1 4 0 2 2 0 1 1 1 3 0 4 3 0 0 0 4 3 0 4 1 0 0 0 0 1 0 0 0 0 0 
1 0 3 1 0 3 1 1 2 3 3 3 1 2 2 0 3 1 3 1 1 3 3 2 3 2 2 3 1 2 2 0 0 0 0 1 0 0 3 1 4 3 0 0 2 3 4 0 1 1 3 2 4 3 0 4 3 3 1 1 1 4 3 0 3 2 4 3 3 3 0 0 3 1 0 4 3 0 3 1 4 0 2 3 0 1 1 1 4 0 4 1 0 0 2 0 3 2 4 1 0 0 0 0 1 0 0 0 0 0 
#TS112
3 0 3 1 1 2 1 1 2 3 3 1 2 3 1 1 2 1 3 0 2 4 3 3 3 0 3 0 3 2 0 0 2 3 0 0 2 0 4 2 3 3 1 0 2 3 2 0 2 3 3 2 2 3 2 1 3 3 2 1 1 4 3 1 3 2 4 0 3 3 0 0 3 2 0 4 3 0 3 1 4 0 2 2 0 1 1 2 2 0 4 3 0 0 0 4 2 0 4 1 0 0 0 0 0 0 0 0 0 0 
2 0 3 2 1 2 1 1 2 3 3 1 2 2 1 2 3 1 3 1 2 2 3 3 3 0 3 0 3 2 0 0 1 3 0 0 2 0 4 1 4 4 1 0 2 3 4 0 1 2 3 2 3 3 2 1 4 3 2 1 1 4 3 0 3 2 4 2 3 3 0 0 4 3 0 4 3 0 3 1 4 0 3 2 0 1 1 2 2 0 4 3 0 0 0 4 3 0 4 1 0 0 0 0 0 0 0 0 0 0 
#TS113
1 0 3 2 1 0 1 4 2 3 3 2 3 0 1 0 3 1 2 2 2 3 3 1 2 2 1 4 0 3 2 2 3 0 0 0 3 0 3 1 3 3 1 0 3 3 4 0 1 3 3 2 0 3 0 4 3 3 2 0 1 0 3 0 3 2 4 0 1 4 0 0 3 2 4 3 4 1 3 1 4 2 0 2 0 0 1 3 0 0 3 3 0 0 0 4 4 0 4 1 0 0 0 0 0 0 0 0 0 0 
2 0 2 2 1 1 1 1 2 2 3 1 2 1 2 0 2 1 1 1 2 3 3 2 1 2 2 3 2 4 2 1 2 0 0 0 3 0 4 1 3 3 1 0 2 3 3 0 1 2 3 1 0 3 0 4 3 3 2 0 1 4 3 0 3 2 4 0 3 2 0 0 3 2 1 4 3 0 3 1 4 0 2 2 0 1 2 3 0 0 4 3 0 0 0 4 4 0 4 1 0 0 0 0 0 0 0 0 0 0 
#TS114
1 0 4 1 1 3 1 1 2 3 3 2 2 2 2 0 4 2 3 2 2 3 3 2 3 1 3 3 3 2 2 0 0 0 0 1 1 0 3 1 3 3 1 0 2 3 4 0 2 1 4 2 4 3 0 4 3 3 2 1 1 4 3 0 4 1 4 3 3 3 0 0 4 3 1 4 3 0 3 1 4 0 2 2 0 1 1 2 1 0 4 3 0 0 0 4 3 0 4 1 0 0 0 0 0 0 0 0 0 0 
1 0 3 1 1 3 1 1 1 3 3 2 2 2 2 0 3 1 3 1 2 3 3 2 3 2 2 4 4 2 2 0 0 0 0 1 0 0 3 1 3 3 1 0 2 3 4 0 1 1 3 2 4 3 0 4 3 3 2 1 1 3 3 0 3 2 4 3 3 3 0 0 3 2 0 4 3 0 2 1 4 0 2 2 0 1 1 2 3 0 4 3 0 0 0 4 4 0 4 1 0 0 0 0 0 0 0 0 0 0 
#TS115
1 0 3 1 1 3 1 1 2 3 3 2 2 2 2 0 2 1 3 1 1 3 3 3 3 1 3 3 4 2 2 0 1 0 0 0 1 0 3 0 3 3 1 0 2 3 4 0 1 1 3 2 4 3 0 4 3 3 2 1 1 4 3 0 3 2 4 3 3 3 0 0 3 2 0 4 3 0 3 1 4 0 2 2 0 1 1 1 2 0 4 3 0 0 0 4 4 0 4 1 0 0 0 0 0 0 0 0 0 0 
1 0 3 1 1 3 1 0 2 3 3 2 2 2 2 0 2 2 3 1 1 3 3 2 3 3 3 3 3 2 2 0 0 0 0 1 0 0 3 1 3 3 1 0 2 3 4 0 1 1 3 2 4 3 0 4 3 3 2 1 1 4 3 0 3 2 4 3 3 3 0 0 3 2 0 4 3 0 3 1 4 0 2 3 0 1 2 2 3 0 4 3 0 0 0 4 4 0 4 1 0 0 0 0 0 0 0 0 0 0 
#TS116
1 0 3 3 1 2 1 1 2 3 3 2 2 1 2 0 2 1 3 0 2 3 3 2 2 2 2 3 3 2 2 0 1 0 0 0 1 0 3 1 3 3 1 0 2 2 3 0 1 1 3 2 4 2 0 4 3 3 2 1 1 3 4 0 4 2 4 3 3 3 0 0 3 3 0 4 3 0 4 0 4 0 2 3 0 0 2 2 1 0 4 3 0 0 0 4 3 0 4 1 0 0 0 0 0 0 0 0 0 0 
1 0 3 2 1 2 1 0 2 4 3 2 2 2 2 0 3 1 3 0 2 3 3 2 2 2 3 3 3 2 2 0 0 0 0 0 1 0 4 1 3 3 1 0 2 3 4 0 1 1 3 2 4 3 0 4 4 3 2 1 0 2 3 0 3 2 4 3 3 3 0 0 3 2 0 3 3 0 3 0 4 0 2 3 0 1 1 2 1 0 4 3 0 0 0 4 2 0 4 1 0 0 0 0 0 0 0 0 0 0 
#TS117
3 0 3 1 4 1 0 0 2 4 3 2 0 2 2 2 2 1 3 1 2 0 1 0 0 0 4 0 1 3 0 0 1 1 0 1 0 0 4 2 3 3 0 0 2 3 4 0 1 1 3 4 4 3 2 0 3 3 2 1 0 4 3 0 3 3 4 3 3 3 0 0 3 3 1 4 3 0 1 2 4 0 2 2 0 1 1 0 0 3 0 3 0 0 0 2 3 0 4 1 0 0 0 0 0 0 0 1 0 0 
2 0 3 2 4 0 0 0 2 4 3 2 1 2 2 1 3 1 3 1 3 0 1 0 0 0 3 1 1 4 0 0 1 1 0 1 1 0 3 1 3 3 0 0 2 3 3 0 1 1 3 3 3 4 2 0 3 2 2 1 1 4 3 0 3 3 4 3 3 3 0 0 3 2 2 4 3 0 0 3 4 0 4 2 0 1 1 1 0 3 0 3 0 0 0 1 4 0 4 1 0 0 0 0 0 0 0 1 0 0 
#TS118
2 0 2 3 1 1 1 0 2 3 3 2 2 2 1 0 2 0 1 0 2 3 3 3 3 0 2 0 1 3 2 1 3 0 0 0 2 0 1 3 3 3 1 0 2 1 4 0 1 3 3 2 1 3 0 4 4 2 2 1 1 1 3 0 3 2 4 0 3 3 0 0 3 2 0 4 3 0 3 1 4 0 3 3 0 1 1 3 0 0 3 3 2 1 0 4 3 0 4 2 0 0 0 0 0 0 0 0 0 0 
3 0 3 3 1 1 1 0 3 3 3 1 2 2 1 0 3 0 2 0 2 3 3 3 3 1 2 0 3 3 2 0 3 0 0 0 2 0 1 3 3 4 1 0 2 2 4 0 1 4 3 2 2 3 0 4 3 3 1 1 1 1 3 0 3 1 4 0 3 3 0 0 3 2 0 3 3 1 2 1 4 0 2 1 0 1 1 2 0 0 3 4 1 1 0 4 2 0 4 1 0 0 0 0 0 0 0 0 0 0 
#TS119
2 0 3 2 1 2 1 0 2 3 3 2 2 2 2 0 2 0 3 0 2 3 3 2 3 2 2 3 3 2 2 0 0 0 0 1 0 0 2 2 3 3 1 0 2 2 4 0 1 1 3 2 4 3 0 4 3 3 2 1 1 1 3 0 3 2 4 3 3 3 0 0 3 2 1 4 3 0 2 1 4 0 2 2 0 1 1 2 1 0 2 3 0 0 0 4 3 0 4 1 0 0 0 0 0 0 0 0 0 0 
2 0 3 2 1 3 1 0 2 4 3 2 2 2 2 0 3 1 3 0 2 4 3 2 3 2 2 3 3 2 3 0 0 0 0 2 0 0 4 2 3 3 1 0 2 3 3 0 1 1 3 2 4 3 0 4 3 3 1 1 1 2 3 0 3 2 4 3 3 4 0 0 3 2 0 4 3 0 1 1 3 0 2 3 0 1 1 2 1 0 2 3 0 0 0 4 2 0 4 1 0 0 0 0 0 0 0 0 0 0 
#TS120
1 0 3 2 0 2 1 1 4 3 3 3 0 1 0 0 4 0 1 1 2 3 3 2 2 4 1 4 0 4 2 2 3 0 0 0 2 1 0 3 3 3 0 0 2 0 4 1 0 2 0 1 0 2 0 4 3 3 1 1 0 2 3 0 3 2 4 3 3 3 0 0 3 0 0 3 3 0 3 1 4 0 2 2 0 1 3 2 2 0 3 0 0 0 3 0 3 4 4 1 0 0 0 0 0 0 0 0 0 0 
2 0 3 1 1 2 1 0 4 3 3 2 0 1 1 0 3 0 1 1 2 2 3 1 3 3 2 3 3 3 2 1 3 0 0 0 2 0 1 3 3 3 1 0 2 0 4 0 0 3 0 2 0 2 0 4 3 3 2 1 1 2 3 0 3 2 4 0 3 3 0 0 4 0 0 4 3 0 3 1 4 0 3 2 0 1 1 2 1 0 2 3 0 0 0 4 3 1 4 1 0 0 0 0 0 0 0 0 0 0 
#TS121
2 1 3 2 1 2 2 1 1 2 1 0 4 3 2 2 3 0 0 1 4 3 3 4 3 0 2 0 2 2 1 2 3 3 1 0 3 4 1 3 3 3 0 0 2 3 3 2 1 1 2 0 0 1 3 1 3 3 2 1 0 1 3 3 3 2 0 0 3 3 0 1 3 4 0 4 3 0 3 1 4 0 2 2 0 2 3 3 1 2 0 3 0 0 0 4 3 0 1 3 0 0 0 0 0 0 0 0 0 0 
1 0 3 1 1 2 1 0 2 4 1 1 4 3 2 2 3 0 1 0 3 3 3 4 4 0 3 0 3 2 1 1 3 3 0 0 3 3 2 3 2 3 0 0 2 3 4 2 1 1 2 1 0 2 2 1 3 3 2 1 0 2 3 2 3 2 1 0 3 3 0 0 3 1 0 4 3 1 3 1 3 0 2 3 0 2 3 2 0 3 1 3 0 0 0 4 3 0 2 3 0 0 0 0 0 0 0 0 0 0 
#TS122
1 0 3 1 0 2 1 1 2 3 2 2 0 2 2 0 2 2 3 1 2 3 3 2 3 4 3 3 0 3 2 0 0 0 0 1 0 0 3 0 4 3 0 0 2 3 2 0 0 1 3 2 4 3 0 4 4 4 1 1 1 4 2 0 3 1 4 3 3 4 0 0 3 1 0 4 3 0 3 1 4 0 2 3 0 1 1 1 3 0 4 0 0 1 3 0 4 3 4 1 0 0 0 0 1 0 0 0 0 0 
2 0 3 1 0 2 1 1 4 3 2 3 0 2 2 0 3 2 2 1 1 3 3 2 3 3 3 3 0 4 3 1 0 0 0 1 0 0 2 0 2 4 0 0 2 3 4 1 0 1 2 1 2 2 0 4 3 3 1 1 1 4 3 0 3 2 4 3 3 3 0 0 3 0 1 4 3 0 2 1 4 0 2 1 0 1 1 2 2 0 4 0 0 1 3 0 3 4 4 1 0 0 0 0 1 0 0 0 0 0 
#TS123
2 0 3 2 1 2 1 0 2 4 3 2 2 2 2 2 3 2 3 1 2 2 3 3 3 1 4 0 3 2 0 0 1 2 0 0 2 0 3 2 3 3 1 0 2 3 4 0 1 2 3 3 4 3 2 2 3 3 2 1 1 4 3 0 4 2 4 3 3 3 0 0 4 2 0 4 3 0 3 1 4 0 2 2 0 1 1 2 1 0 4 3 0 0 0 4 4 0 4 1 0 0 0 0 0 0 0 0 0 0 
2 0 3 1 1 2 1 1 2 4 3 2 2 2 1 2 3 1 3 0 2 3 3 3 3 1 4 1 3 2 0 0 1 2 0 0 1 0 3 1 3 3 1 0 2 3 4 0 1 1 3 2 4 4 2 2 3 3 2 1 0 4 3 0 3 2 4 3 3 4 0 0 3 3 0 4 3 0 3 1 4 0 2 3 0 0 1 2 1 0 4 4 0 0 0 4 2 0 4 1 0 0 0 0 0 0 0 0 0 0 
#TS124
2 0 3 2 1 1 1 0 2 4 3 2 2 1 1 0 2 0 3 0 2 3 3 3 3 1 1 0 2 2 2 0 2 0 0 0 2 0 2 2 3 3 1 0 2 3 4 0 1 2 3 2 3 3 0 4 3 3 2 1 1 3 3 0 3 2 4 2 3 3 0 0 3 2 0 4 3 1 3 1 4 0 2 2 0 1 1 2 0 0 4 3 0 0 0 4 2 0 4 1 0 0 0 0 0 0 0 0 0 0 
2 0 3 2 1 2 1 0 2 3 3 2 2 1 1 0 2 1 3 0 2 3 3 3 3 1 2 1 3 2 2 0 0 0 0 0 1 0 2 3 3 3 2 0 2 3 2 0 1 1 3 2 4 3 0 4 3 3 2 1 1 2 4 0 4 2 4 3 3 3 0 0 3 2 0 4 3 0 3 1 4 0 2 2 0 1 1 2 0 0 4 3 1 1 0 4 3 0 4 1 0 0 0 0 0 0 0 0 0 0 
#TS125
2 0 4 1 1 1 1 4 2 2 3 2 2 0 2 0 3 1 3 2 2 4 3 1 2 3 3 3 2 2 2 0 3 0 0 0 2 0 3 0 3 3 1 0 2 3 4 0 1 3 3 2 1 3 0 4 3 3 1 0 1 1 3 0 4 3 4 0 0 4 0 0 3 1 4 4 3 0 3 1 4 2 1 2 0 1 1 2 0 0 3 3 0 0 0 4 3 0 4 1 0 0 0 0 0 0 0 0 0 1 
2 0 3 1 1 1 1 4 2 2 3 2 2 0 2 0 3 1 2 1 2 3 3 1 2 2 2 3 2 2 1 0 3 0 0 0 2 0 2 1 3 3 1 0 2 3 4 0 1 3 3 2 1 4 0 4 4 3 2 0 1 0 3 0 3 3 4 0 0 3 0 0 2 2 4 4 3 0 3 1 4 2 0 2 0 0 1 3 0 0 3 3 0 0 0 4 4 0 4 1 0 0 0 0 0 0 0 0 0 1 
#TS126
2 0 3 4 1 0 1 0 0 3 1 1 3 3 2 0 3 0 2 1 2 3 4 0 0 2 0 3 0 3 3 2 1 0 0 0 0 3 1 3 0 3 2 0 3 0 3 0 1 2 4 2 0 3 0 4 3 3 3 1 1 1 4 0 3 2 4 1 3 3 0 0 3 0 0 4 1 0 3 1 4 0 0 0 0 0 1 3 0 3 0 3 0 0 0 4 3 4 4 0 0 0 1 0 0 0 0 0 0 0 
3 0 3 3 1 0 1 0 1 3 1 1 4 3 2 0 2 0 1 1 3 3 3 0 1 1 0 4 0 3 2 3 1 0 1 0 1 3 0 3 0 3 2 0 2 0 4 0 1 2 4 2 0 2 0 4 3 3 3 1 1 1 3 0 3 2 4 0 3 3 0 0 3 0 0 3 0 0 3 1 3 0 1 2 0 0 0 3 0 2 0 3 0 0 0 4 3 4 4 0 0 0 1 0 0 0 0 0 0 0 
#TS127
2 0 3 1 1 3 1 0 3 3 3 2 3 2 2 0 3 2 3 1 2 4 3 2 3 2 2 3 4 2 2 0 0 0 0 1 0 0 3 1 3 3 1 0 2 3 4 1 1 1 3 2 4 3 0 4 4 2 2 1 1 4 3 0 3 2 4 3 3 3 0 0 3 1 0 3 3 0 3 1 4 0 2 2 0 1 1 2 1 0 4 4 0 0 0 4 3 0 4 1 0 0 0 0 0 0 0 0 0 0 
1 0 3 2 1 2 1 1 2 3 3 2 2 2 2 0 3 2 3 1 2 3 3 2 3 2 3 3 3 2 2 0 0 0 0 2 0 0 3 1 3 3 1 0 2 3 4 0 1 1 3 2 4 3 0 4 3 3 2 1 1 4 3 0 3 3 4 3 3 3 0 0 3 2 0 4 3 0 3 0 4 0 2 2 0 1 1 1 1 0 4 3 0 0 0 4 3 0 4 1 0 0 0 0 0 0 0 0 0 0 
#TS128
1 0 3 1 1 3 1 1 0 3 3 0 4 3 2 1 2 1 0 2 2 3 2 1 2 0 0 2 0 3 4 3 3 0 0 0 3 0 3 2 3 3 0 0 2 3 4 0 1 3 3 2 0 1 0 4 4 3 4 1 1 4 2 4 3 3 0 0 3 3 0 0 3 2 4 4 3 0 1 0 4 0 1 2 0 2 3 2 4 0 4 3 3 0 3 4 0 1 4 2 0 0 0 0 0 0 0 0 0 0 
1 0 4 1 2 3 1 1 2 3 3 0 4 3 2 0 3 1 0 1 2 3 3 2 3 0 1 1 2 4 2 2 2 0 0 0 3 0 3 1 3 3 1 0 2 3 4 0 1 3 2 1 0 2 0 4 3 4 2 1 1 4 1 3 3 1 0 0 3 3 0 0 4 2 1 4 3 0 3 0 4 0 2 3 0 1 2 2 2 0 4 3 1 0 1 4 1 0 4 2 0 0 0 0 0 0 0 0 0 0 
#TS129
1 0 3 1 1 3 1 1 1 3 3 2 2 2 2 0 2 1 3 1 2 3 3 2 3 2 3 3 3 2 2 0 0 0 0 0 1 0 4 0 3 3 1 0 2 3 3 0 2 1 3 2 4 3 0 4 3 3 2 1 1 4 4 0 2 2 4 3 2 3 0 0 3 2 1 3 3 0 3 2 4 0 3 3 0 1 1 2 0 0 4 3 0 0 0 3 2 0 4 0 0 0 0 0 0 0 0 0 0 0 
2 0 3 1 1 3 1 0 3 3 3 2 3 2 2 0 3 2 3 1 2 4 3 2 3 2 2 3 4 2 2 0 0 0 0 1 0 0 3 1 3 3 1 0 2 3 4 1 1 1 3 2 4 3 0 4 4 2 2 1 1 4 3 0 3 2 4 3 3 3 0 0 3 1 0 3 3 0 3 1 4 0 2 2 0 1 1 2 1 0 4 4 0 0 0 4 3 0 4 1 0 0 0 0 0 0 0 0 0 0 
#TS130
2 0 4 2 1 2 1 0 3 3 3 2 2 2 2 0 3 0 3 0 2 3 3 3 4 1 1 3 3 2 2 0 0 0 0 1 0 0 2 3 3 3 1 0 2 2 2 0 1 1 3 2 4 3 0 4 3 3 2 1 0 2 2 0 3 1 4 3 3 3 0 0 4 1 0 4 3 0 3 1 4 0 2 2 0 0 1 1 1 0 1 2 0 1 0 4 3 0 4 1 0 0 0 0 0 0 0 0 0 0 
2 0 3 2 1 2 1 0 2 3 3 2 2 2 2 0 2 0 3 0 2 3 3 2 3 2 2 3 3 2 2 0 0 0 0 1 0 0 2 2 3 3 1 0 2 2 4 0 1 1 3 2 4 3 0 4 3 3 2 1 1 1 3 0 3 2 4 3 3 3 0 0 3 2 1 4 3 0 2 1 4 0 2 2 0 1 1 2 1 0 2 3 0 0 0 4 3 0 4 1 0 0 0 0 0 0 0 0 0 0 
#TS131
2 0 3 2 1 2 1 1 2 3 3 1 2 2 2 0 3 2 3 1 2 3 3 2 3 1 3 2 3 2 2 0 0 0 0 0 1 0 2 0 3 3 1 0 2 3 4 0 1 1 3 3 4 3 0 4 3 3 2 1 1 4 3 0 3 2 4 3 3 3 0 0 3 3 0 4 3 0 3 1 4 0 2 2 0 1 1 1 0 0 4 3 0 0 0 4 3 0 4 1 0 0 0 0 0 0 0 0 0 0 
1 0 3 2 1 3 1 1 2 3 3 2 2 2 2 0 2 2 3 1 2 3 3 3 3 2 3 3 3 2 2 0 0 0 0 0 0 0 3 2 3 3 2 0 2 3 4 0 2 1 3 2 4 3 0 4 3 3 3 1 1 4 2 0 3 2 4 3 3 3 0 0 3 3 0 4 3 0 3 1 4 0 3 2 0 1 1 1 1 0 4 3 0 0 0 4 3 0 4 1 0 0 0 0 0 0 0 0 0 0 
#TS132
1 0 3 1 1 3 1 1 2 3 3 2 2 2 2 0 2 2 3 1 2 3 3 2 3 2 3 3 3 2 2 0 0 0 0 2 0 0 3 1 3 3 1 0 2 3 4 0 1 1 3 2 4 3 0 4 3 3 2 1 1 4 3 0 3 2 4 3 3 3 0 0 3 2 0 4 3 0 3 1 4 0 2 2 0 1 1 1 3 0 4 3 0 0 0 4 3 0 4 1 1 0 0 0 0 0 0 0 0 0 
1 3 3 2 1 1 1 2 2 3 3 3 3 1 2 0 2 2 3 1 2 2 3 2 3 2 3 3 3 1 2 0 0 0 0 2 0 0 2 0 3 3 0 0 2 3 2 0 2 1 3 2 4 3 0 4 1 3 2 0 1 4 3 0 3 2 4 3 3 3 0 0 2 2 0 4 3 0 3 1 4 0 3 3 2 1 1 0 2 2 3 3 2 0 2 4 4 3 4 1 1 0 0 0 0 0 0 0 0 0 
#TS133
1 0 3 1 0 3 1 1 2 3 3 3 1 2 2 0 3 1 3 1 1 3 3 2 3 2 2 3 1 2 2 0 0 0 0 1 0 0 3 1 4 3 0 0 2 3 4 0 1 1 3 2 4 3 0 4 3 3 1 1 1 4 3 0 3 2 4 3 3 3 0 0 3 1 0 4 3 0 3 1 4 0 2 3 0 1 1 1 4 0 4 1 0 0 2 0 3 2 4 1 0 0 0 0 1 0 0 0 0 0 
1 0 3 1 0 2 1 1 2 3 2 2 0 2 2 0 2 2 3 1 2 3 3 2 3 4 3 3 0 3 2 0 0 0 0 1 0 0 3 0 4 3 0 0 2 3 2 0 0 1 3 2 4 3 0 4 4 4 1 1 1 4 2 0 3 1 4 3 3 4 0 0 3 1 0 4 3 0 3 1 4 0 2 3 0 1 1 1 3 0 4 0 0 1 3 0 4 3 4 1 0 0 0 0 1 0 0 0 0 0 
#TS134
2 0 3 2 2 1 1 0 2 3 3 2 2 1 2 0 2 1 3 0 2 3 3 2 3 2 2 2 3 2 2 0 0 0 0 0 1 0 3 1 3 3 1 0 2 3 4 0 2 1 3 2 4 3 0 4 3 3 2 0 1 3 3 0 3 2 4 3 3 3 0 0 3 2 0 4 3 0 3 1 4 0 2 1 0 1 1 2 0 0 4 3 0 0 0 4 3 0 4 0 0 0 0 0 0 0 0 0 0 0 
2 0 2 2 1 1 1 0 2 4 3 2 3 2 2 0 2 0 3 0 2 3 3 2 3 2 1 3 3 2 2 0 1 0 0 1 1 0 2 1 2 3 1 0 2 3 4 0 1 1 3 2 4 4 0 4 3 3 1 1 0 2 3 0 3 2 3 3 2 3 0 0 3 2 1 4 3 0 3 1 4 0 3 2 0 1 1 1 0 0 4 3 0 0 0 4 4 0 4 1 0 0 0 0 0 0 0 0 0 0 
#TS135
1 0 4 1 2 3 1 1 2 3 3 2 3 2 2 1 3 2 3 1 2 3 2 3 3 2 3 3 4 2 2 0 0 0 0 0 2 0 3 1 3 3 1 0 2 3 4 0 1 1 3 2 4 3 0 4 3 3 3 1 1 4 3 0 3 2 4 3 3 3 0 0 3 3 0 3 4 0 3 1 4 0 2 2 0 1 1 2 2 0 4 3 0 0 0 4 2 0 4 1 0 0 0 0 0 0 0 0 0 0 
1 0 3 1 1 3 1 0 2 3 3 2 2 2 2 1 3 2 3 1 1 3 3 2 4 2 3 3 4 2 2 0 1 0 0 0 1 0 3 1 3 3 1 0 2 3 2 0 1 1 4 2 4 3 0 4 3 3 2 1 1 4 3 0 3 2 3 3 3 3 0 0 3 1 0 4 4 0 4 1 4 0 2 2 0 1 1 3 2 0 4 4 0 0 0 4 3 0 4 1 0 0 0 0 0 0 0 0 0 0 
#TS136
1 0 3 1 1 2 1 0 2 4 1 1 4 3 2 2 3 0 1 0 3 3 3 4 4 0 3 0 3 2 1 1 3 3 0 0 3 3 2 3 2 3 0 0 2 3 4 2 1 1 2 1 0 2 2 1 3 3 2 1 0 2 3 2 3 2 1 0 3 3 0 0 3 1 0 4 3 1 3 1 3 0 2 3 0 2 3 2 0 3 1 3 0 0 0 4 3 0 2 3 0 0 0 0 0 0 0 0 0 0 
2 0 3 2 2 2 1 0 2 3 2 1 3 2 2 2 3 0 2 0 2 4 4 3 3 0 3 0 4 1 0 0 4 2 0 0 3 3 3 3 2 3 1 0 2 2 4 2 1 2 2 1 2 3 2 2 4 3 2 1 1 2 2 2 3 2 3 0 3 3 0 0 3 2 0 4 3 0 3 1 4 0 2 2 0 2 3 2 0 2 1 3 0 0 0 4 3 0 4 3 0 0 0 0 0 0 0 0 0 0 
#TS137
2 0 3 2 1 2 1 1 2 3 3 2 2 1 2 1 3 2 3 1 2 3 3 3 3 2 3 3 3 2 0 0 1 1 0 0 3 0 2 1 3 3 2 0 2 2 4 0 2 2 3 2 4 3 0 4 3 3 2 1 1 4 3 0 3 2 4 3 3 2 0 0 3 2 0 4 3 0 4 1 4 0 3 2 0 1 1 2 1 0 4 3 0 0 0 4 3 0 4 1 0 0 0 0 0 0 0 0 0 0 
1 0 4 1 2 3 1 1 2 3 3 2 3 2 2 1 3 2 3 1 2 3 2 3 3 2 3 3 4 2 2 0 0 0 0 0 2 0 3 1 3 3 1 0 2 3 4 0 1 1 3 2 4 3 0 4 3 3 3 1 1 4 3 0 3 2 4 3 3 3 0 0 3 3 0 3 4 0 3 1 4 0 2 2 0 1 1 2 2 0 4 3 0 0 0 4 2 0 4 1 0 0 0 0 0 0 0 0 0 0 
#TS138
2 4 3 3 1 0 1 2 1 3 3 3 3 1 1 0 3 0 1 0 2 3 3 1 2 2 1 3 0 4 1 2 3 0 1 0 2 0 2 3 3 3 0 0 2 3 4 0 2 2 3 1 1 2 0 4 0 3 2 0 1 1 3 0 3 2 4 0 3 3 0 0 3 2 0 4 3 2 3 1 4 0 3 3 4 1 0 0 0 2 2 3 4 1 2 4 3 3 4 1 1 0 0 0 0 0 0 0 0 0 
1 4 3 3 1 0 0 2 2 3 3 2 2 1 1 0 4 0 0 1 2 3 3 2 2 2 0 2 0 4 2 3 3 0 1 0 2 0 2 3 3 4 0 0 2 3 4 0 2 3 3 2 1 2 0 4 0 3 2 0 1 2 3 0 3 1 4 1 3 3 0 0 3 2 0 4 3 2 3 1 4 0 3 2 4 1 0 0 0 3 2 2 4 2 2 4 4 3 4 2 0 0 0 0 0 0 0 0 0 0 
#TS139
2 0 3 2 1 2 1 1 2 4 3 2 2 2 2 2 2 0 3 0 2 3 3 3 4 1 3 0 3 2 0 0 0 1 0 0 1 1 2 3 4 3 1 0 2 2 3 1 1 1 4 2 3 3 2 2 3 3 2 1 0 1 3 0 3 2 4 2 3 3 0 0 3 2 0 4 3 0 3 1 4 0 2 3 0 0 1 2 2 1 1 2 0 0 0 4 4 0 4 1 0 0 0 0 0 0 0 0 0 0 
3 0 2 3 1 1 1 0 2 3 2 2 3 2 2 2 2 0 3 0 2 4 3 2 3 1 3 2 3 2 0 0 0 1 0 1 0 1 2 4 3 3 2 0 2 2 4 1 1 1 3 1 4 4 1 3 3 3 2 1 0 1 3 0 3 2 4 3 3 2 0 0 3 2 0 4 3 0 2 1 4 0 2 2 0 1 1 2 1 1 1 3 0 0 0 4 4 0 4 1 0 0 0 0 0 0 0 0 0 0 
#TS140
2 0 3 2 1 2 1 1 2 3 3 1 2 2 1 2 3 1 3 1 2 2 3 3 3 0 3 0 3 2 0 0 1 3 0 0 2 0 4 1 4 4 1 0 2 3 4 0 1 2 3 2 3 3 2 1 4 3 2 1 1 4 3 0 3 2 4 2 3 3 0 0 4 3 0 4 3 0 3 1 4 0 3 2 0 1 1 2 2 0 4 3 0 0 0 4 3 0 4 1 0 0 0 0 0 0 0 0 0 0 
2 0 3 2 1 2 1 0 2 4 3 2 2 2 2 2 3 2 3 1 2 2 3 3 3 1 4 0 3 2 0 0 1 2 0 0 2 0 3 2 3 3 1 0 2 3 4 0 1 2 3 3 4 3 2 2 3 3 2 1 1 4 3 0 4 2 4 3 3 3 0 0 4 2 0 4 3 0 3 1 4 0 2 2 0 1 1 2 1 0 4 3 0 0 0 4 4 0 4 1 0 0 0 0 0 0 0 0 0 0 
#TS141
3 0 3 1 1 1 1 1 2 3 3 2 3 2 2 0 2 0 0 0 2 3 3 2 3 2 0 3 2 3 2 2 2 0 0 0 3 0 3 2 3 3 0 0 2 3 4 0 1 2 3 1 1 2 0 4 3 3 2 1 1 2 3 0 3 2 4 0 3 3 0 0 3 2 1 4 3 1 3 1 4 0 3 2 0 1 2 3 0 0 3 3 2 1 0 4 2 1 4 1 0 0 0 0 0 0 0 0 0 0 
3 0 3 2 1 1 1 0 2 3 3 1 2 2 2 0 2 0 1 0 2 3 3 2 2 1 2 3 3 4 2 1 2 0 0 0 2 0 3 1 3 3 1 0 2 3 4 0 1 3 3 1 1 2 0 4 3 3 2 1 1 2 2 0 3 2 4 0 3 3 0 0 3 2 0 4 3 1 3 0 4 0 3 2 0 1 2 3 0 0 3 3 1 1 0 4 2 0 3 2 0 0 0 0 0 0 0 0 0 0 
#TS142
4 0 3 4 1 0 1 0 0 2 2 0 4 3 2 0 3 0 0 0 2 2 3 0 0 0 0 3 0 4 2 4 2 0 1 0 1 3 0 4 0 3 1 0 2 0 2 0 1 1 3 1 0 1 0 4 4 3 2 4 1 0 3 1 3 0 1 0 3 3 0 0 3 1 0 4 0 0 3 1 4 0 0 2 0 1 1 4 0 2 0 3 0 0 0 4 3 4 4 0 0 0 1 0 0 0 0 0 0 0 
4 0 3 3 1 0 1 0 1 1 2 0 4 3 2 0 3 0 0 1 2 3 3 0 1 0 0 1 0 3 2 4 2 0 2 0 1 3 0 4 0 3 1 0 1 0 4 0 1 1 3 1 0 2 0 4 3 4 3 4 1 1 4 1 3 0 0 0 3 3 0 0 3 2 0 4 0 0 3 1 4 0 0 2 0 1 1 4 0 2 0 3 0 0 0 4 3 4 3 0 0 0 1 0 0 0 0 0 0 0 
#TS143
1 0 3 2 0 1 1 0 3 4 2 2 1 1 2 0 0 1 3 2 2 3 0 2 3 3 1 3 2 2 1 0 1 0 0 0 3 3 3 3 3 3 1 0 2 3 3 2 1 1 3 3 4 3 0 3 0 3 2 1 0 0 3 0 0 4 4 3 3 3 0 0 0 2 4 4 3 1 3 2 4 0 3 1 3 0 1 2 0 1 1 3 0 0 0 4 4 0 4 1 0 0 0 0 0 0 1 0 0 0 
1 0 3 3 0 0 1 0 3 3 2 2 1 2 2 0 0 1 3 2 2 3 0 2 3 2 1 3 1 2 0 0 1 0 0 0 4 3 4 4 3 3 1 0 2 3 4 3 1 1 3 3 4 3 1 4 0 3 2 1 0 0 3 0 0 3 4 3 3 3 0 0 0 2 4 4 3 1 3 3 4 0 2 2 3 1 1 3 0 1 1 3 0 0 0 3 3 0 4 1 0 0 0 0 0 0 1 0 0 0 
#TS144
2 0 3 2 1 2 1 0 2 3 3 2 2 2 2 0 2 1 3 0 2 4 3 2 4 2 3 3 2 2 2 0 0 0 0 2 0 0 4 1 3 3 1 0 2 3 4 0 2 1 3 2 4 4 0 4 3 3 2 1 0 3 2 0 3 2 4 3 3 3 0 0 3 2 0 4 3 0 3 1 4 0 2 3 0 1 1 1 1 0 4 3 0 0 0 4 3 0 3 1 0 0 0 0 0 0 0 0 0 0 
2 0 3 2 1 2 1 0 2 3 3 2 2 2 2 0 2 1 3 0 2 4 3 2 4 2 3 3 2 2 2 0 0 0 0 2 0 0 4 1 3 3 1 0 2 3 4 0 2 1 3 2 4 4 0 4 3 3 2 1 0 3 2 0 3 2 4 3 3 3 0 0 3 2 0 4 3 0 3 1 4 0 2 3 0 1 1 1 1 0 4 3 0 0 0 4 3 0 3 1 0 0 0 0 0 0 0 0 0 0 
#TS145
2 0 3 2 1 2 1 0 1 3 3 1 3 2 1 0 2 0 2 0 2 4 3 3 2 1 3 3 3 2 2 0 3 0 0 0 2 0 4 1 3 3 1 0 2 3 4 0 1 2 4 2 1 3 0 4 3 3 2 1 1 3 3 0 3 2 4 0 3 3 0 0 3 2 0 4 3 0 2 1 4 0 2 2 0 1 2 3 0 0 3 3 1 0 0 4 3 0 4 2 0 0 0 0 0 0 0 0 0 0 
1 0 4 2 1 1 1 0 2 3 2 1 2 2 1 0 2 1 3 0 2 2 3 3 3 1 3 3 3 2 2 0 1 0 0 0 2 0 3 1 3 3 1 0 2 3 3 0 1 2 3 1 4 3 0 4 3 3 2 1 1 4 3 0 3 2 4 1 3 3 0 0 3 2 0 4 3 0 3 1 3 0 2 2 0 1 1 2 0 0 3 4 0 1 0 4 3 0 3 1 0 0 0 0 0 0 0 0 0 0 
#TS146
1 0 4 2 1 3 1 1 2 4 3 2 2 2 2 0 2 2 3 2 1 4 3 2 3 2 3 3 3 2 2 0 0 0 0 2 0 0 3 1 3 4 1 0 1 3 4 0 2 1 4 2 4 4 0 4 4 3 2 0 1 4 3 0 3 2 4 3 3 4 0 0 4 2 1 4 3 0 3 1 4 0 3 2 0 1 1 3 2 0 4 3 0 0 0 4 3 0 4 1 0 0 0 0 0 0 0 0 0 0 
1 0 4 2 1 3 1 1 2 4 3 2 2 2 2 0 2 2 3 2 1 4 3 2 3 2 3 3 3 2 2 0 0 0 0 2 0 0 3 1 3 4 1 0 1 3 4 0 2 1 4 2 4 4 0 4 4 3 2 0 1 4 3 0 3 2 4 3 3 4 0 0 4 2 1 4 3 0 3 1 4 0 3 2 0 1 1 3 2 0 4 3 0 0 0 4 3 0 4 1 0 0 0 0 0 0 0 0 0 0 
#TS147
3 0 3 2 1 2 1 0 2 4 3 2 2 2 2 0 2 0 3 0 2 3 3 3 3 1 3 3 3 2 1 0 1 0 0 0 2 0 1 4 2 3 1 0 2 1 4 1 1 1 2 1 4 3 0 4 3 3 2 1 1 1 3 0 3 2 4 2 3 4 0 0 3 2 0 4 3 0 3 0 4 0 2 2 0 1 1 2 0 1 2 3 0 0 0 4 3 0 3 1 0 0 0 0 0 0 0 0 0 0 
3 0 3 3 1 2 1 0 2 4 3 2 2 2 2 0 2 0 3 0 2 3 3 2 3 2 3 3 3 2 2 0 1 0 0 0 2 0 2 3 3 3 1 0 2 1 4 0 1 1 3 2 3 3 0 4 3 2 2 1 1 1 3 0 4 2 4 3 3 3 0 0 2 2 0 4 3 0 3 1 4 0 2 2 0 1 1 2 1 0 2 3 0 0 0 4 2 0 4 1 0 0 0 0 0 0 0 0 0 0 
#TS148
1 0 4 2 1 2 0 0 0 1 0 0 4 2 2 3 3 0 0 0 2 3 3 3 4 0 1 0 0 2 1 3 3 1 3 0 3 2 2 3 1 0 1 0 2 3 2 3 2 1 3 0 0 0 0 4 3 2 2 1 0 0 3 3 4 2 0 1 3 4 0 0 3 1 0 4 3 2 3 0 0 0 0 3 3 4 4 4 1 2 3 0 2 1 0 4 2 0 0 3 0 0 0 0 0 0 0 0 0 0 
2 0 4 2 1 2 0 0 2 1 1 0 4 2 2 1 2 0 0 0 2 3 3 3 3 0 2 0 3 1 1 2 3 1 2 0 2 3 2 3 0 2 1 0 2 2 4 1 1 1 3 0 0 1 0 4 3 3 2 1 2 1 2 3 3 2 0 0 3 2 0 0 3 2 0 4 3 2 3 1 2 0 1 2 1 3 3 4 1 2 4 3 1 1 0 4 3 0 0 4 0 0 0 0 0 0 0 0 0 0 
#TS149
1 0 3 1 0 2 1 1 4 4 3 3 0 1 0 0 3 1 2 1 2 2 3 1 3 4 3 4 0 4 3 2 2 0 0 0 2 0 1 2 3 3 0 0 2 0 3 1 0 3 0 1 0 3 0 4 3 3 1 1 1 3 3 0 2 2 4 3 3 3 0 0 3 0 0 4 3 0 3 1 4 0 2 2 0 1 2 2 3 1 3 0 0 0 3 0 2 4 4 2 0 0 0 0 1 0 0 0 0 0 
1 0 3 1 0 3 1 1 4 4 2 3 0 1 0 0 2 1 1 1 2 3 3 2 2 4 3 3 1 3 2 1 2 0 0 0 1 0 0 2 3 3 0 0 2 0 4 1 0 3 0 1 1 2 0 3 3 3 0 1 1 2 3 0 3 2 4 2 3 3 0 0 4 0 0 4 3 0 3 1 4 0 2 3 0 1 1 2 3 0 2 0 0 0 4 0 3 4 4 1 0 0 0 0 1 0 0 0 0 0 
#TS150
1 0 3 2 1 1 0 1 2 4 3 2 1 2 2 0 2 2 3 2 2 0 3 0 4 1 2 3 3 2 1 0 0 0 0 3 0 0 3 1 3 3 1 0 2 3 4 0 1 1 3 3 4 3 1 2 3 2 2 1 0 4 3 0 4 3 4 2 3 3 0 0 3 2 1 4 3 0 1 0 4 0 2 3 0 1 3 0 2 2 3 3 0 1 0 2 4 0 4 1 0 0 0 0 0 0 0 1 0 0 
1 0 3 1 3 1 0 1 2 4 3 2 1 2 2 0 3 1 3 1 2 0 3 0 1 0 3 3 3 2 0 0 1 0 0 2 0 0 3 1 3 3 1 0 2 3 4 0 1 1 3 4 4 3 2 1 4 3 2 1 1 4 4 0 3 3 4 3 3 3 0 0 4 3 2 4 3 0 0 1 4 0 2 2 0 1 3 0 1 3 1 3 0 0 0 2 3 0 4 1 0 0 0 0 0 0 0 1 0 0 
#TS151
2 0 3 2 1 2 1 0 3 3 3 2 2 2 2 0 2 1 3 1 2 2 3 3 3 1 2 1 3 2 2 0 1 0 0 1 1 0 3 1 3 3 1 0 2 2 4 0 1 1 3 2 4 4 0 4 3 3 2 1 1 3 3 0 3 2 4 3 3 3 0 0 3 2 0 4 3 0 3 1 4 0 2 2 0 1 1 1 1 0 3 3 0 0 0 4 2 0 4 1 0 0 0 0 0 0 0 0 0 0 
2 0 3 1 1 2 1 0 2 3 3 2 2 2 2 0 3 1 3 1 1 3 3 3 4 2 3 2 3 2 2 0 0 0 0 0 0 0 2 1 3 3 1 0 2 3 4 0 1 1 3 2 4 3 0 4 3 3 2 1 1 2 3 0 3 2 4 3 3 3 0 0 3 2 0 4 3 0 3 1 4 0 1 2 0 1 1 2 2 0 4 3 0 1 0 4 3 0 4 1 0 0 0 0 0 0 0 0 0 0 
#TS152
1 0 3 1 1 2 1 0 3 3 1 0 3 2 1 0 3 0 1 0 2 3 3 3 4 0 2 0 3 1 1 1 3 0 2 0 3 2 0 4 0 3 1 0 2 2 3 3 1 2 3 0 1 2 0 4 3 3 3 1 2 1 2 3 3 2 1 0 3 3 0 0 3 2 0 4 2 1 3 1 4 0 2 3 0 2 3 3 1 1 2 2 1 1 0 4 4 0 1 4 0 0 0 0 0 0 0 0 0 0 
2 0 3 2 1 2 1 0 2 3 1 1 3 2 1 0 3 0 2 0 2 3 3 2 4 0 2 0 3 1 2 0 3 0 1 0 3 3 0 4 1 3 1 0 2 1 4 1 1 2 3 1 2 3 0 4 3 3 2 1 1 1 3 2 3 2 4 0 3 3 0 0 3 2 0 4 3 1 2 1 4 0 2 2 0 2 2 2 1 2 2 4 0 1 0 4 2 0 4 3 0 0 0 0 0 0 0 0 0 0 
#TS153
1 1 3 1 1 2 1 1 2 4 2 2 2 2 2 0 2 1 3 3 2 3 3 0 3 1 3 3 3 2 2 0 0 2 0 1 0 0 3 0 3 4 1 0 2 4 4 0 1 1 3 3 2 4 0 4 3 2 3 0 1 4 3 0 3 2 4 3 3 3 0 0 3 2 1 4 3 0 2 1 4 0 2 2 0 1 0 1 3 0 4 4 0 0 0 4 3 0 4 1 0 0 0 0 0 1 0 0 0 0 
0 2 4 1 2 2 1 1 2 4 3 2 3 2 2 1 3 1 3 4 2 3 3 0 2 1 4 3 3 2 2 0 0 3 0 1 0 0 3 1 3 3 0 0 4 3 4 0 1 2 4 2 2 3 0 4 3 3 4 0 1 4 3 0 3 2 4 3 2 3 0 0 3 2 1 4 3 0 1 1 4 0 1 2 0 1 0 1 2 0 4 3 0 0 0 4 3 0 4 1 0 0 0 0 0 1 0 0 0 0 
#TS154
2 0 3 2 1 3 1 0 2 4 3 2 2 2 2 0 3 1 3 0 2 4 3 2 3 2 2 3 3 2 3 0 0 0 0 2 0 0 4 2 3 3 1 0 2 3 3 0 1 1 3 2 4 3 0 4 3 3 1 1 1 2 3 0 3 2 4 3 3 4 0 0 3 2 0 4 3 0 1 1 3 0 2 3 0 1 1 2 1 0 2 3 0 0 0 4 2 0 4 1 0 0 0 0 0 0 0 0 0 0 
2 0 3 2 1 3 1 0 2 4 3 2 2 2 2 0 3 1 3 0 2 4 3 2 3 2 2 3 3 2 3 0 0 0 0 2 0 0 4 2 3 3 1 0 2 3 3 0 1 1 3 2 4 3 0 4 3 3 1 1 1 2 3 0 3 2 4 3 3 4 0 0 3 2 0 4 3 0 1 1 3 0 2 3 0 1 1 2 1 0 2 3 0 0 0 4 2 0 4 1 0 0 0 0 0 0 0 0 0 0 
#TS155
1 3 3 2 1 3 1 4 0 0 0 0 4 3 2 2 3 1 0 4 2 3 3 2 3 0 3 2 0 2 1 4 3 4 1 0 3 2 2 2 3 3 0 0 2 3 1 4 1 1 2 3 0 0 4 0 3 3 2 1 0 0 3 1 4 1 0 0 2 3 0 1 4 1 3 4 3 0 3 2 3 0 2 2 0 4 4 3 3 2 1 3 0 0 0 4 3 0 2 3 0 1 0 0 0 0 0 0 0 0 
1 3 3 2 1 2 1 4 0 0 0 0 4 3 3 2 3 0 0 3 2 3 3 3 3 0 3 0 0 2 2 4 4 3 3 0 2 3 3 3 3 3 0 0 2 3 4 3 1 1 2 2 0 0 4 1 3 3 1 1 0 0 2 1 3 1 0 0 1 3 0 2 3 1 3 4 3 0 3 1 3 0 2 2 0 4 4 3 2 2 1 3 0 0 0 4 2 0 2 4 0 1 0 0 0 0 0 0 0 0 
#TS156
1 0 3 1 1 2 0 4 1 2 3 2 2 0 1 0 1 1 3 2 2 4 3 1 2 3 3 3 1 2 1 0 1 0 0 3 0 0 1 2 3 3 1 0 2 3 3 0 1 2 3 2 1 4 0 4 3 4 3 0 1 1 3 0 3 4 4 3 0 3 0 0 3 2 3 4 3 0 3 1 4 1 0 2 0 1 1 1 2 0 4 3 0 0 0 4 2 0 4 1 0 0 0 0 0 0 0 0 0 1 
1 0 3 1 2 1 1 4 2 2 3 4 3 0 2 0 2 1 3 2 2 3 3 1 2 4 2 3 2 2 1 0 2 0 0 2 1 0 3 1 3 3 1 0 2 3 2 0 1 1 3 2 1 3 0 4 3 3 2 0 1 0 3 0 3 3 4 1 0 3 0 0 3 1 4 4 3 0 4 1 4 2 1 2 0 1 1 1 0 0 4 3 0 0 0 4 3 0 4 1 0 0 0 0 0 0 0 0 0 1 
#TS157
3 0 3 3 1 1 1 0 3 3 3 1 2 2 1 0 3 0 2 0 2 3 3 3 3 1 2 0 3 3 2 0 3 0 0 0 2 0 1 3 3 4 1 0 2 2 4 0 1 4 3 2 2 3 0 4 3 3 1 1 1 1 3 0 3 1 4 0 3 3 0 0 3 2 0 3 3 1 2 1 4 0 2 1 0 1 1 2 0 0 3 4 1 1 0 4 2 0 4 1 0 0 0 0 0 0 0 0 0 0 
2 0 3 2 1 1 1 0 2 4 3 2 2 1 1 0 2 0 3 0 2 3 3 3 3 1 1 0 2 2 2 0 2 0 0 0 2 0 2 2 3 3 1 0 2 3 4 0 1 2 3 2 3 3 0 4 3 3 2 1 1 3 3 0 3 2 4 2 3 3 0 0 3 2 0 4 3 1 3 1 4 0 2 2 0 1 1 2 0 0 4 3 0 0 0 4 2 0 4 1 0 0 0 0 0 0 0 0 0 0 
#TS158
3 0 2 3 1 1 1 0 2 3 2 2 3 2 2 2 2 0 3 0 2 4 3 2 3 1 3 2 3 2 0 0 0 1 0 1 0 1 2 4 3 3 2 0 2 2 4 1 1 1 3 1 4 4 1 3 3 3 2 1 0 1 3 0 3 2 4 3 3 2 0 0 3 2 0 4 3 0 2 1 4 0 2 2 0 1 1 2 1 1 1 3 0 0 0 4 4 0 4 1 0 0 0 0 0 0 0 0 0 0 
1 0 3 2 1 2 1 0 3 4 3 2 2 1 2 1 2 0 3 0 2 4 3 2 3 2 3 3 2 2 0 0 1 1 0 1 0 0 2 3 3 3 1 0 2 2 4 1 1 2 3 2 4 3 0 3 3 3 2 1 1 1 3 0 2 2 4 3 3 3 0 0 3 2 0 4 3 0 3 1 4 0 2 2 0 1 1 3 1 1 2 3 0 0 0 4 3 0 4 1 0 0 0 0 0 0 0 0 0 0 
#TS159
2 4 3 1 1 3 1 4 0 0 0 0 4 4 2 2 3 0 0 3 2 3 3 4 3 0 3 0 0 2 2 4 4 4 3 0 2 3 2 2 3 3 0 0 2 3 3 3 1 1 2 2 0 0 3 2 3 3 2 1 0 0 3 1 4 1 0 0 2 2 0 2 3 2 3 4 3 0 3 1 3 0 2 1 0 4 4 3 2 2 0 3 0 0 0 4 3 0 1 4 0 1 0 0 0 0 0 0 0 0 
2 4 3 2 1 2 1 4 0 0 0 0 3 3 2 2 3 0 0 3 2 4 3 3 3 0 2 0 0 2 3 3 3 4 4 0 3 3 2 2 3 3 0 0 2 3 1 3 1 1 2 2 0 1 4 1 3 2 1 1 0 0 2 1 4 1 0 0 2 4 0 2 3 2 3 4 3 0 3 2 2 0 3 2 0 4 3 3 2 3 0 2 0 1 0 4 2 0 1 3 0 0 0 0 0 0 0 0 0 0 
#TS160
1 3 3 0 2 0 1 2 2 4 3 1 2 1 2 4 4 1 1 4 2 3 3 0 0 0 4 0 0 4 0 2 1 4 0 0 1 0 3 1 3 3 0 0 2 3 4 0 1 2 4 2 0 2 2 2 3 3 4 0 1 4 3 0 3 2 3 3 2 3 0 0 4 2 2 4 3 2 2 1 4 0 3 2 1 0 0 4 0 0 4 3 1 0 0 4 2 0 4 1 0 0 0 0 0 1 0 0 0 0 
1 2 3 0 2 0 1 2 1 3 3 0 2 2 2 2 3 0 0 3 2 2 3 0 0 0 3 0 0 4 0 3 1 4 0 0 1 0 4 1 3 3 0 0 1 3 3 0 1 3 4 1 0 2 3 1 3 3 4 0 1 4 3 0 4 2 2 3 2 3 0 0 3 2 1 4 3 1 2 0 4 0 3 3 0 1 0 4 0 0 3 4 0 1 0 4 2 1 4 1 0 0 0 0 0 1 0 0 0 0 
#TS161
1 3 3 2 1 2 1 4 0 0 0 0 4 3 3 2 3 0 0 3 2 3 3 3 3 0 3 0 0 2 2 4 4 3 3 0 2 3 3 3 3 3 0 0 2 3 4 3 1 1 2 2 0 0 4 1 3 3 1 1 0 0 2 1 3 1 0 0 1 3 0 2 3 1 3 4 3 0 3 1 3 0 2 2 0 4 4 3 2 2 1 3 0 0 0 4 2 0 2 4 0 1 0 0 0 0 0 0 0 0 
2 4 3 1 1 3 1 4 0 0 0 0 4 4 2 2 3 0 0 3 2 3 3 4 3 0 3 0 0 2 2 4 4 4 3 0 2 3 2 2 3 3 0 0 2 3 3 3 1 1 2 2 0 0 3 2 3 3 2 1 0 0 3 1 4 1 0 0 2 2 0 2 3 2 3 4 3 0 3 1 3 0 2 1 0 4 4 3 2 2 0 3 0 0 0 4 3 0 1 4 0 1 0 0 0 0 0 0 0 0 
#TS162
1 0 3 1 3 4 1 1 0 4 3 1 3 2 2 1 2 2 2 2 4 2 3 1 1 1 2 3 0 4 3 2 2 0 0 1 0 0 3 1 3 3 0 0 2 3 4 0 1 1 3 3 0 3 0 4 3 3 4 1 1 4 3 0 4 3 4 2 3 3 0 0 3 2 4 3 3 0 2 0 4 0 1 2 0 1 1 1 3 0 4 3 2 0 3 4 1 1 4 1 0 0 0 1 0 0 0 0 0 0 
1 0 3 1 3 3 1 1 0 4 2 1 4 4 2 1 2 2 2 1 2 3 3 1 2 1 1 3 0 4 3 3 3 0 0 0 1 0 3 1 3 3 0 0 2 3 4 0 1 2 3 4 0 3 0 4 3 4 4 1 1 4 3 0 3 3 4 1 3 3 0 0 2 2 4 4 3 0 1 0 4 0 0 2 0 1 1 1 3 0 4 3 3 0 4 4 1 1 4 1 0 0 0 1 0 0 0 0 0 0 
#TS163
1 0 3 1 1 3 1 1 1 3 4 2 2 1 2 0 3 2 3 1 2 3 3 2 3 2 3 3 3 2 2 0 0 0 0 1 0 0 3 1 3 3 1 0 2 3 4 0 1 2 3 2 4 3 0 4 3 3 2 1 1 4 4 0 3 2 4 3 3 4 0 0 4 2 0 4 3 0 3 1 4 0 2 2 0 1 1 1 3 0 3 3 0 0 0 4 3 0 4 1 0 0 0 0 0 0 0 0 0 0 
1 0 4 2 1 3 1 1 2 4 3 2 2 2 2 0 2 2 3 2 1 4 3 2 3 2 3 3 3 2 2 0 0 0 0 2 0 0 3 1 3 4 1 0 1 3 4 0 2 1 4 2 4 4 0 4 4 3 2 0 1 4 3 0 3 2 4 3 3 4 0 0 4 2 1 4 3 0 3 1 4 0 3 2 0 1 1 3 2 0 4 3 0 0 0 4 3 0 4 1 0 0 0 0 0 0 0 0 0 0 
#TS164
1 0 3 2 1 3 1 1 2 3 3 2 2 2 2 0 2 2 3 1 2 3 3 3 3 2 3 3 3 2 2 0 0 0 0 0 0 0 3 2 3 3 2 0 2 3 4 0 2 1 3 2 4 3 0 4 3 3 3 1 1 4 2 0 3 2 4 3 3 3 0 0 3 3 0 4 3 0 3 1 4 0 3 2 0 1 1 1 1 0 4 3 0 0 0 4 3 0 4 1 0 0 0 0 0 0 0 0 0 0 
1 0 4 1 1 3 1 1 2 3 3 2 2 2 2 0 4 2 3 2 2 3 3 2 3 1 3 3 3 2 2 0 0 0 0 1 1 0 3 1 3 3 1 0 2 3 4 0 2 1 4 2 4 3 0 4 3 3 2 1 1 4 3 0 4 1 4 3 3 3 0 0 4 3 1 4 3 0 3 1 4 0 2 2 0 1 1 2 1 0 4 3 0 0 0 4 3 0 4 1 0 0 0 0 0 0 0 0 0 0 
#TS165
2 0 3 1 1 2 1 1 2 4 3 2 2 2 1 2 3 1 3 0 2 3 3 3 3 1 4 1 3 2 0 0 1 2 0 0 1 0 3 1 3 3 1 0 2 3 4 0 1 1 3 2 4 4 2 2 3 3 2 1 0 4 3 0 3 2 4 3 3 4 0 0 3 3 0 4 3 0 3 1 4 0 2 3 0 0 1 2 1 0 4 4 0 0 0 4 2 0 4 1 0 0 0 0 0 0 0 0 0 0 
1 0 3 1 1 2 1 1 2 4 3 2 2 2 2 2 2 2 3 1 2 3 3 3 3 2 3 3 3 2 0 0 0 1 0 0 1 0 3 1 4 3 1 0 2 3 4 0 1 1 3 2 4 3 0 3 3 3 2 1 1 3 2 0 3 1 4 3 3 3 0 0 2 2 0 4 3 0 3 1 3 0 2 2 0 1 1 2 1 0 4 3 0 0 0 4 4 0 4 1 0 0 0 0 0 0 0 0 0 0 
#TS166
2 0 3 2 4 0 0 1 2 4 3 2 1 1 2 2 2 1 2 2 2 0 1 0 0 0 3 0 0 4 0 2 2 1 0 1 1 0 2 2 3 3 0 0 2 3 4 0 0 1 3 3 1 3 2 0 3 3 2 1 1 4 3 0 3 3 4 2 3 3 0 0 4 3 2 3 3 0 0 2 4 0 4 2 0 1 3 1 0 3 0 3 0 0 0 2 4 0 4 1 0 0 0 0 0 0 0 1 0 0 
1 0 3 2 4 0 0 0 2 4 3 2 0 1 1 3 3 0 1 2 2 0 0 0 0 0 3 0 0 2 0 2 3 1 0 1 1 0 2 1 3 3 0 0 2 3 4 1 0 2 2 4 1 3 2 0 3 2 2 1 1 4 3 0 3 4 4 1 3 3 0 0 3 3 1 4 3 0 1 2 4 0 4 1 0 1 3 0 0 3 0 3 0 0 0 2 4 0 4 1 0 0 0 0 0 0 0 0 0 0 
#TS167
1 0 3 1 2 3 1 1 0 4 3 2 3 2 2 1 2 2 3 2 2 2 2 1 3 2 3 3 0 3 3 1 1 0 0 1 0 0 2 1 3 3 0 0 2 3 3 0 2 1 3 2 2 3 0 4 3 3 3 1 1 4 3 0 3 3 4 3 3 4 0 0 3 2 3 4 3 0 2 0 4 0 0 2 0 1 1 1 3 0 4 3 3 0 3 4 0 0 4 1 0 0 0 1 0 0 0 0 0 0 
1 0 3 1 3 4 1 1 0 4 3 1 3 2 2 1 2 2 2 2 4 2 3 1 1 1 2 3 0 4 3 2 2 0 0 1 0 0 3 1 3 3 0 0 2 3 4 0 1 1 3 3 0 3 0 4 3 3 4 1 1 4 3 0 4 3 4 2 3 3 0 0 3 2 4 3 3 0 2 0 4 0 1 2 0 1 1 1 3 0 4 3 2 0 3 4 1 1 4 1 0 0 0 1 0 0 0 0 0 0 
#TS168
1 0 4 1 1 3 0 1 0 3 1 2 2 1 2 2 3 2 2 1 2 3 3 2 3 2 3 3 0 3 1 1 2 0 0 1 0 0 2 1 3 0 2 0 2 3 4 0 2 1 3 2 0 1 0 4 4 3 2 2 0 0 3 0 3 2 4 3 3 3 0 0 4 2 0 3 3 0 3 0 4 0 0 2 2 2 3 3 3 0 4 0 0 0 0 4 4 0 3 2 0 0 0 0 0 0 0 0 1 0 
1 0 3 1 1 3 0 1 0 3 1 0 3 1 3 2 3 2 1 1 2 3 3 2 3 1 3 3 0 3 1 2 3 1 0 1 1 0 4 1 3 0 1 0 2 3 4 0 3 2 3 2 0 0 0 4 4 3 2 1 0 0 3 0 3 2 3 2 3 3 0 0 3 2 0 3 3 0 3 0 4 0 0 3 2 3 4 3 3 0 4 0 0 0 0 4 4 0 2 3 0 0 0 0 0 0 0 0 1 0 
#TS169
1 0 3 1 2 1 1 4 2 2 3 4 3 0 2 0 2 1 3 2 2 3 3 1 2 4 2 3 2 2 1 0 2 0 0 2 1 0 3 1 3 3 1 0 2 3 2 0 1 1 3 2 1 3 0 4 3 3 2 0 1 0 3 0 3 3 4 1 0 3 0 0 3 1 4 4 3 0 4 1 4 2 1 2 0 1 1 1 0 0 4 3 0 0 0 4 3 0 4 1 0 0 0 0 0 0 0 0 0 1 
1 0 3 1 1 1 1 4 1 3 3 2 2 0 1 0 3 1 2 2 2 3 3 1 2 3 2 3 2 3 1 0 3 0 0 1 1 0 3 1 3 3 1 0 2 3 4 0 1 2 3 2 1 3 0 4 3 3 1 0 1 1 4 0 4 3 4 1 1 3 0 0 3 2 4 4 3 0 3 2 4 1 1 2 0 1 1 2 0 0 3 3 0 0 0 4 3 0 4 1 0 0 0 0 0 0 0 0 0 1 
#TS170
3 0 3 3 0 1 1 0 2 2 3 1 3 2 1 0 3 0 0 0 2 3 3 4 3 0 1 0 1 4 2 2 3 0 0 0 2 0 1 3 3 4 1 0 2 0 4 1 1 3 3 1 1 2 0 4 3 3 2 1 1 1 3 1 3 2 2 0 4 3 0 0 3 2 0 3 2 2 3 2 4 0 3 2 0 1 2 3 0 0 2 3 0 0 0 4 3 0 4 2 0 0 0 0 0 0 0 0 0 0 
3 0 3 3 1 1 1 0 2 3 3 1 2 2 1 0 3 0 0 0 2 3 3 3 3 0 3 0 1 3 2 2 2 0 0 0 2 0 1 3 3 3 1 0 2 1 4 1 1 2 2 1 0 2 0 4 3 3 2 1 0 1 3 1 3 2 4 0 3 3 0 0 3 2 0 4 2 2 2 1 4 0 3 3 0 1 2 3 0 0 3 3 1 1 0 4 3 0 4 2 0 0 0 0 0 0 0 0 0 0 
#TS171
3 0 3 3 1 1 1 0 2 3 3 1 2 2 1 0 3 0 0 0 2 3 3 3 3 0 3 0 1 3 2 2 2 0 0 0 2 0 1 3 3 3 1 0 2 1 4 1 1 2 2 1 0 2 0 4 3 3 2 1 0 1 3 1 3 2 4 0 3 3 0 0 3 2 0 4 2 2 2 1 4 0 3 3 0 1 2 3 0 0 3 3 1 1 0 4 3 0 4 2 0 0 0 0 0 0 0 0 0 0 
2 0 2 3 1 1 1 0 2 3 3 2 2 2 1 0 2 0 1 0 2 3 3 3 3 0 2 0 1 3 2 1 3 0 0 0 2 0 1 3 3 3 1 0 2 1 4 0 1 3 3 2 1 3 0 4 4 2 2 1 1 1 3 0 3 2 4 0 3 3 0 0 3 2 0 4 3 0 3 1 4 0 3 3 0 1 1 3 0 0 3 3 2 1 0 4 3 0 4 2 0 0 0 0 0 0 0 0 0 0 
#TS172
1 0 3 1 1 3 1 0 2 4 3 1 2 2 2 0 2 1 3 0 2 3 3 3 3 0 3 0 4 2 2 0 2 0 0 0 2 0 3 1 3 3 1 0 2 3 3 0 1 2 2 2 2 3 0 4 3 3 2 1 1 4 3 1 3 2 3 0 4 4 0 0 4 3 0 4 3 0 3 0 4 0 2 3 0 1 2 2 2 0 3 4 0 0 0 4 3 0 4 1 0 0 0 0 0 0 0 0 0 0 
1 0 2 2 1 2 1 0 2 3 3 1 2 2 1 0 1 1 3 0 2 4 3 3 4 0 2 0 3 2 2 0 1 0 0 0 2 0 2 2 3 3 1 0 2 3 4 0 1 2 3 2 3 3 0 4 3 3 2 1 1 4 3 1 3 2 4 1 4 3 0 0 3 1 0 4 3 0 3 1 3 0 2 2 0 1 1 2 2 0 4 3 0 0 0 4 3 0 4 1 0 0 0 0 0 0 0 0 0 0 
#TS173
2 0 3 2 1 2 1 1 2 3 3 2 2 2 2 0 3 1 3 1 2 3 3 2 3 1 3 2 3 2 2 0 1 0 0 0 3 0 3 1 3 3 2 0 2 3 4 0 1 2 3 1 3 3 0 4 3 3 2 1 1 4 4 0 4 3 4 1 3 3 0 0 3 2 0 3 3 0 3 0 4 0 2 3 0 1 1 2 1 0 4 2 0 1 0 4 4 0 4 1 0 0 0 0 0 0 0 0 0 0 
2 0 3 2 1 3 1 0 2 3 3 2 2 2 2 0 3 1 3 1 2 4 3 2 3 1 1 3 3 2 2 0 1 0 0 0 2 0 3 0 3 3 1 0 2 3 4 0 1 1 2 2 4 3 0 4 3 3 2 1 1 3 3 0 3 2 4 3 3 3 0 0 3 2 0 4 3 0 3 0 4 0 2 2 0 1 1 1 2 0 4 3 0 0 0 4 3 0 3 1 0 0 0 0 0 0 0 0 0 0 
#TS174
3 4 3 3 1 0 1 2 1 3 3 3 3 1 2 0 4 0 1 1 2 4 3 1 2 2 1 3 0 3 2 3 3 0 3 0 2 0 3 3 3 3 0 0 2 3 4 0 3 3 3 2 0 2 0 4 0 3 2 0 1 1 3 0 3 2 4 0 3 2 0 0 3 2 0 4 3 2 3 1 4 0 3 3 4 0 0 0 0 3 2 3 4 1 1 4 4 3 4 1 1 0 0 0 0 0 0 0 0 0 
2 4 3 3 1 0 1 2 1 3 3 3 3 1 1 0 3 0 1 0 2 3 3 1 2 2 1 3 0 4 1 2 3 0 1 0 2 0 2 3 3 3 0 0 2 3 4 0 2 2 3 1 1 2 0 4 0 3 2 0 1 1 3 0 3 2 4 0 3 3 0 0 3 2 0 4 3 2 3 1 4 0 3 3 4 1 0 0 0 2 2 3 4 1 2 4 3 3 4 1 1 0 0 0 0 0 0 0 0 0 
#TS175
1 0 3 2 3 2 1 1 3 3 3 1 1 2 1 1 3 1 1 1 2 3 0 2 1 1 3 0 2 4 0 2 3 2 0 0 2 0 2 1 3 3 1 0 2 2 2 0 1 1 3 2 1 3 1 1 3 3 1 1 1 4 4 0 3 3 4 1 3 3 0 0 4 2 0 4 3 0 3 3 4 0 3 1 0 1 2 3 0 1 0 3 0 0 0 4 3 0 4 1 0 0 0 0 0 0 0 0 0 0 
1 0 3 1 2 2 1 0 3 3 3 2 1 1 1 1 3 1 1 1 2 3 2 2 2 1 3 2 3 3 0 0 3 2 0 0 2 0 2 1 3 3 1 0 2 3 2 0 1 3 2 2 1 3 1 3 3 3 2 1 1 4 3 0 4 1 4 0 3 3 0 0 2 2 0 4 3 0 3 3 4 0 2 2 0 1 1 3 0 0 1 3 0 0 0 4 4 0 4 1 0 0 0 0 0 0 0 0 0 0 
#TS176
1 0 3 1 1 3 0 1 0 1 0 0 4 2 2 3 4 0 0 1 3 3 2 4 3 0 2 0 0 2 1 3 4 1 1 0 2 2 2 3 2 0 1 0 1 3 3 3 2 1 3 1 0 0 0 4 4 3 2 2 0 0 3 4 3 1 0 1 3 4 0 0 3 2 0 4 3 2 3 0 1 0 0 2 3 4 4 3 2 1 4 0 0 0 0 4 3 0 0 3 0 0 0 0 0 0 0 0 1 0 
1 0 3 1 1 3 0 0 0 1 0 0 4 2 1 4 3 0 0 0 2 3 3 3 3 0 1 0 0 2 1 3 4 0 2 0 2 2 2 2 2 0 2 0 0 3 4 2 1 1 3 0 0 0 0 3 4 3 1 2 0 0 4 4 3 1 0 1 3 3 0 0 2 2 0 4 3 1 3 0 0 0 0 3 3 3 4 3 1 2 3 0 1 1 0 4 3 0 0 4 0 0 0 0 0 0 0 0 1 0 
#TS177
1 4 3 3 1 0 0 2 2 3 3 2 2 1 1 0 4 0 0 1 2 3 3 2 2 2 0 2 0 4 2 3 3 0 1 0 2 0 2 3 3 4 0 0 2 3 4 0 2 3 3 2 1 2 0 4 0 3 2 0 1 2 3 0 3 1 4 1 3 3 0 0 3 2 0 4 3 2 3 1 4 0 3 2 4 1 0 0 0 3 2 2 4 2 2 4 4 3 4 2 0 0 0 0 0 0 0 0 0 0 
2 2 3 2 1 1 1 1 2 3 3 1 2 2 0 0 4 0 0 0 2 3 3 2 2 3 0 4 0 4 2 3 3 0 1 0 2 0 2 4 3 3 0 0 2 3 3 0 1 2 3 1 1 1 0 4 2 2 2 1 0 1 3 0 3 2 4 0 3 3 0 0 3 2 0 3 3 2 3 1 4 0 2 3 0 0 1 3 0 1 2 3 3 1 0 4 3 1 4 1 0 0 0 0 0 0 0 0 0 0 
#TS178
1 0 4 1 2 4 1 1 1 4 3 1 3 2 2 1 2 2 3 2 2 3 3 1 3 2 2 3 0 2 2 0 1 0 0 2 0 0 2 0 4 3 0 0 2 3 4 0 1 1 3 2 2 3 0 4 3 3 3 1 1 4 3 0 4 3 4 3 2 3 0 0 3 1 3 4 4 0 3 0 4 0 1 2 0 1 1 1 3 0 4 3 1 0 2 4 0 1 4 1 0 0 0 1 0 0 0 0 0 0 
1 0 3 1 2 3 1 1 0 4 3 2 3 2 2 1 2 2 3 2 2 2 2 1 3 2 3 3 0 3 3 1 1 0 0 1 0 0 2 1 3 3 0 0 2 3 3 0 2 1 3 2 2 3 0 4 3 3 3 1 1 4 3 0 3 3 4 3 3 4 0 0 3 2 3 4 3 0 2 0 4 0 0 2 0 1 1 1 3 0 4 3 3 0 3 4 0 0 4 1 0 0 0 1 0 0 0 0 0 0 
#TS179
2 0 3 3 0 0 1 0 2 3 2 3 1 1 2 0 0 0 3 1 2 3 0 2 3 2 2 3 0 3 0 1 1 0 0 0 4 4 3 2 2 3 1 0 2 3 1 2 1 1 3 3 4 3 1 4 0 3 2 1 0 0 4 0 0 4 4 3 3 3 0 0 0 2 4 4 3 1 3 4 4 0 3 4 3 0 1 3 0 2 1 2 0 0 0 3 2 0 4 1 0 0 0 0 0 0 1 0 0 0 
1 0 4 3 0 0 1 0 2 3 2 2 1 2 1 1 0 0 2 2 2 3 0 2 3 2 1 3 0 4 0 2 1 1 0 0 4 4 3 3 2 3 1 0 2 3 3 3 1 1 3 4 2 2 1 3 0 3 2 1 0 0 3 0 0 3 4 2 3 3 0 0 1 2 3 4 3 1 3 3 2 0 3 2 3 0 1 3 0 2 1 3 0 0 0 3 4 0 4 1 0 0 0 0 0 0 1 0 0 0 
#TS180
2 0 3 1 1 2 1 0 2 3 3 1 3 2 1 0 2 1 2 0 2 3 3 2 3 1 1 3 3 3 2 1 3 0 0 0 3 0 2 1 3 3 1 0 2 3 4 0 1 3 3 1 1 3 0 4 3 3 2 1 1 4 3 0 3 2 4 0 3 4 0 0 4 2 0 4 3 0 3 0 4 0 3 2 0 1 1 2 0 0 4 3 0 0 0 4 4 0 4 1 0 0 0 0 0 0 0 0 0 0 
1 0 3 2 1 2 1 0 2 3 3 1 2 2 2 0 3 1 2 1 2 3 3 2 3 1 2 3 3 2 2 0 3 0 0 0 3 0 3 1 3 3 1 0 2 3 4 0 1 3 3 2 2 3 0 4 3 3 2 1 1 4 3 0 3 2 4 0 3 3 0 0 3 3 1 4 3 0 3 1 4 0 2 2 0 1 1 2 0 0 4 3 0 0 0 4 3 0 4 1 0 0 0 0 0 0 0 0 0 0 
#TS181
2 0 3 2 1 2 1 0 3 4 3 2 2 2 2 1 2 0 4 0 2 3 2 2 3 1 3 3 3 2 1 0 0 1 0 1 0 0 2 3 3 3 1 0 2 2 3 0 1 1 3 2 3 3 0 3 3 3 1 1 0 1 1 0 3 2 4 3 3 3 0 0 2 3 0 4 3 0 3 1 4 0 2 3 0 1 1 1 0 0 2 3 0 0 0 4 3 0 4 1 0 0 0 0 0 0 0 0 0 0 
2 0 3 3 0 2 1 0 3 4 3 2 2 1 2 0 2 0 3 0 2 3 3 2 3 2 3 4 3 2 1 0 0 0 0 1 0 0 2 2 2 3 1 0 2 2 4 0 1 1 3 2 4 3 0 3 3 3 2 1 0 2 3 0 3 2 4 3 3 3 0 0 4 2 0 4 3 0 3 1 4 0 3 1 0 1 1 2 1 0 2 3 0 0 0 4 4 0 4 1 0 0 0 0 0 0 0 0 0 0 
#TS182
2 0 3 1 1 2 1 0 2 3 3 2 2 2 2 0 3 1 3 1 1 3 3 3 4 2 3 2 3 2 2 0 0 0 0 0 0 0 2 1 3 3 1 0 2 3 4 0 1 1 3 2 4 3 0 4 3 3 2 1 1 2 3 0 3 2 4 3 3 3 0 0 3 2 0 4 3 0 3 1 4 0 1 2 0 1 1 2 2 0 4 3 0 1 0 4 3 0 4 1 0 0 0 0 0 0 0 0 0 0 
1 0 3 1 1 2 1 0 3 3 3 2 2 1 2 0 2 1 3 0 2 3 3 3 3 1 1 3 3 2 2 0 0 0 0 1 0 0 2 1 3 3 1 0 2 3 4 0 1 1 3 2 4 3 0 4 3 3 2 1 1 4 3 0 3 2 4 3 3 3 0 0 3 2 0 4 3 0 3 1 4 0 2 3 0 1 1 2 1 0 4 3 0 0 0 3 3 0 4 1 0 0 0 0 0 0 0 0 0 0 
#TS183
1 0 3 2 0 1 1 1 1 3 3 2 1 1 2 0 1 2 3 2 2 3 0 2 3 2 1 4 3 2 1 0 0 0 0 0 3 3 3 3 4 3 1 0 2 3 2 2 1 1 3 4 4 3 0 4 0 3 2 1 1 0 3 0 0 3 4 3 4 3 0 0 0 2 3 4 3 0 3 1 4 0 2 2 3 1 1 1 1 1 3 4 0 0 0 4 3 1 4 1 0 0 0 0 0 0 1 0 0 0 
1 0 3 2 0 1 1 0 3 4 2 2 1 1 2 0 0 1 3 2 2 3 0 2 3 3 1 3 2 2 1 0 1 0 0 0 3 3 3 3 3 3 1 0 2 3 3 2 1 1 3 3 4 3 0 3 0 3 2 1 0 0 3 0 0 4 4 3 3 3 0 0 0 2 4 4 3 1 3 2 4 0 3 1 3 0 1 2 0 1 1 3 0 0 0 4 4 0 4 1 0 0 0 0 0 0 1 0 0 0 
#TS184
0 1 4 0 2 0 1 2 2 3 3 2 2 1 2 3 3 2 3 3 2 3 3 0 0 0 3 1 0 2 0 0 1 3 0 1 0 0 2 1 3 3 0 0 2 3 4 0 1 2 3 2 2 3 1 2 3 2 4 0 1 4 3 0 3 2 4 3 2 3 0 0 4 2 1 4 3 0 1 1 4 0 2 1 0 0 0 2 0 0 4 4 0 0 0 4 3 0 4 1 0 0 0 0 0 1 0 0 0 0 
0 2 3 0 2 0 1 2 2 4 3 2 2 1 4 2 2 1 3 3 2 3 3 0 0 0 3 1 0 4 0 1 1 2 0 1 0 0 2 1 3 3 0 0 2 3 2 0 1 2 4 1 1 4 1 2 3 2 4 0 1 4 3 0 3 2 4 3 2 3 0 0 3 2 1 4 3 1 1 1 4 0 2 2 0 0 0 3 0 0 4 4 0 0 0 4 3 0 4 1 0 0 0 0 0 1 0 0 0 0 
#TS185
2 0 2 2 1 1 1 1 2 2 3 1 2 1 2 0 2 1 1 1 2 3 3 2 1 2 2 3 2 4 2 1 2 0 0 0 3 0 4 1 3 3 1 0 2 3 3 0 1 2 3 1 0 3 0 4 3 3 2 0 1 4 3 0 3 2 4 0 3 2 0 0 3 2 1 4 3 0 3 1 4 0 2 2 0 1 2 3 0 0 4 3 0 0 0 4 4 0 4 1 0 0 0 0 0 0 0 0 0 0 
2 0 3 1 1 2 1 0 2 3 3 1 3 2 1 0 2 1 2 0 2 3 3 2 3 1 1 3 3 3 2 1 3 0 0 0 3 0 2 1 3 3 1 0 2 3 4 0 1 3 3 1 1 3 0 4 3 3 2 1 1 4 3 0 3 2 4 0 3 4 0 0 4 2 0 4 3 0 3 0 4 0 3 2 0 1 1 2 0 0 4 3 0 0 0 4 4 0 4 1 0 0 0 0 0 0 0 0 0 0 
#TS186
1 0 3 2 1 2 1 0 2 3 3 1 2 2 2 0 3 1 2 1 2 3 3 2 3 1 2 3 3 2 2 0 3 0 0 0 3 0 3 1 3 3 1 0 2 3 4 0 1 3 3 2 2 3 0 4 3 3 2 1 1 4 3 0 3 2 4 0 3 3 0 0 3 3 1 4 3 0 3 1 4 0 2 2 0 1 1 2 0 0 4 3 0 0 0 4 3 0 4 1 0 0 0 0 0 0 0 0 0 0 
2 0 3 2 1 2 1 1 2 3 3 2 2 2 2 0 3 1 3 1 2 3 3 2 3 1 3 2 3 2 2 0 1 0 0 0 3 0 3 1 3 3 2 0 2 3 4 0 1 2 3 1 3 3 0 4 3 3 2 1 1 4 4 0 4 3 4 1 3 3 0 0 3 2 0 3 3 0 3 0 4 0 2 3 0 1 1 2 1 0 4 2 0 1 0 4 4 0 4 1 0 0 0 0 0 0 0 0 0 0 
#TS187
1 0 3 2 4 1 0 1 2 4 3 2 1 2 2 1 2 1 3 2 1 0 2 0 0 0 3 3 3 2 0 0 1 1 0 1 0 0 3 2 3 3 0 0 2 3 3 0 1 1 3 3 4 3 3 1 3 3 2 1 1 4 3 0 3 3 4 3 3 4 0 0 3 3 2 4 3 0 0 1 4 0 2 2 0 1 3 1 0 3 0 2 0 0 0 1 3 0 4 1 0 0 0 0 0 0 0 1 0 0 
1 0 3 2 4 1 0 1 3 4 3 2 0 1 2 1 2 1 3 2 2 0 1 0 0 0 3 2 2 2 0 0 1 1 0 1 0 0 3 1 3 3 0 0 3 3 4 0 1 1 3 2 4 3 2 0 3 3 2 1 0 4 3 0 3 3 4 3 3 3 0 0 3 2 2 4 3 0 0 2 4 0 2 2 0 2 2 1 0 2 0 3 0 0 0 1 3 0 4 1 0 0 0 0 0 0 0 1 0 0 
#TS188
1 0 3 1 1 2 1 0 2 3 3 2 1 1 1 2 3 1 3 1 2 2 3 2 3 1 3 3 4 2 1 0 2 0 0 0 3 0 2 1 3 3 1 0 2 3 4 0 2 2 3 2 2 3 0 4 3 3 2 1 1 4 3 0 3 2 4 1 3 3 0 0 3 2 0 3 3 0 3 2 4 0 2 3 0 1 1 2 0 0 4 3 0 0 0 4 2 0 4 1 0 0 0 0 0 0 0 0 0 0 
2 0 3 2 1 2 1 1 2 3 3 2 2 1 2 1 3 2 3 1 2 3 3 3 3 2 3 3 3 2 0 0 1 1 0 0 3 0 2 1 3 3 2 0 2 2 4 0 2 2 3 2 4 3 0 4 3 3 2 1 1 4 3 0 3 2 4 3 3 2 0 0 3 2 0 4 3 0 4 1 4 0 3 2 0 1 1 2 1 0 4 3 0 0 0 4 3 0 4 1 0 0 0 0 0 0 0 0 0 0 
#TS189
1 0 3 1 1 3 0 1 0 1 1 0 4 2 2 3 2 2 0 1 2 3 3 2 3 0 3 2 0 3 2 3 3 1 2 0 1 1 3 2 3 0 2 0 2 3 4 2 2 1 3 1 0 0 0 4 3 3 3 1 0 0 3 2 3 0 0 2 3 3 0 0 3 2 0 4 3 1 2 0 2 0 0 3 4 3 4 3 2 1 4 0 0 0 0 4 4 0 0 3 0 0 0 0 0 0 0 0 1 0 
1 0 3 1 1 3 0 1 0 1 0 0 4 2 2 4 2 1 0 1 3 3 3 4 3 0 3 2 0 2 2 3 3 1 3 0 2 1 3 2 2 0 1 0 2 3 4 2 2 2 3 1 0 0 0 4 4 3 2 1 0 0 4 3 3 0 0 1 3 4 0 0 3 2 0 4 3 1 3 0 1 0 0 2 3 4 4 3 2 1 4 0 0 0 0 4 3 0 0 3 0 0 0 0 0 0 0 0 1 0 
#TS190
1 0 4 2 1 1 1 0 2 3 2 1 2 2 1 0 2 1 3 0 2 2 3 3 3 1 3 3 3 2 2 0 1 0 0 0 2 0 3 1 3 3 1 0 2 3 3 0 1 2 3 1 4 3 0 4 3 3 2 1 1 4 3 0 3 2 4 1 3 3 0 0 3 2 0 4 3 0 3 1 3 0 2 2 0 1 1 2 0 0 3 4 0 1 0 4 3 0 3 1 0 0 0 0 0 0 0 0 0 0 
1 0 3 2 1 2 1 0 2 3 3 2 2 1 2 0 2 2 3 1 2 3 3 3 4 1 3 2 3 2 3 0 0 0 0 0 1 0 3 0 3 3 1 0 2 3 4 0 1 2 3 2 4 3 0 4 3 3 2 1 1 4 3 0 3 2 4 2 3 3 0 0 3 2 0 4 3 0 3 1 4 0 2 3 0 2 1 2 0 0 4 2 0 0 0 4 2 0 4 1 0 0 0 0 0 0 0 0 0 0 
#TS191
2 0 3 2 0 1 1 0 2 4 2 2 1 1 2 0 0 0 3 2 2 3 0 1 3 2 2 3 0 3 0 0 1 1 0 0 3 4 3 2 2 3 1 0 2 3 0 3 0 1 3 3 4 3 1 4 0 4 3 1 0 0 3 0 0 3 4 3 3 3 0 0 0 2 4 4 3 1 3 4 4 0 4 2 3 1 1 3 0 2 1 3 0 0 0 4 4 1 4 1 0 0 0 0 0 0 1 0 0 0 
2 0 3 3 0 0 1 0 2 3 2 3 1 1 2 0 0 0 3 1 2 3 0 2 3 2 2 3 0 3 0 1 1 0 0 0 4 4 3 2 2 3 1 0 2 3 1 2 1 1 3 3 4 3 1 4 0 3 2 1 0 0 4 0 0 4 4 3 3 3 0 0 0 2 4 4 3 1 3 4 4 0 3 4 3 0 1 3 0 2 1 2 0 0 0 3 2 0 4 1 0 0 0 0 0 0 1 0 0 0 
#TS192
1 3 3 1 2 4 1 4 0 4 3 2 3 3 2 0 2 2 3 2 2 3 3 2 3 2 3 3 0 3 1 1 1 1 0 2 0 0 3 1 3 3 1 0 2 2 4 1 1 1 3 4 2 2 4 3 4 3 2 1 0 1 3 0 3 2 4 3 3 3 0 3 4 2 4 4 3 0 3 1 4 0 2 3 0 3 1 1 3 0 4 3 0 0 0 4 3 0 4 1 0 1 0 0 0 0 0 0 0 0 
1 4 3 1 1 3 1 4 0 3 0 1 4 2 2 1 1 2 2 3 1 3 3 2 3 2 3 2 0 4 1 2 2 1 0 2 0 0 3 1 3 3 1 0 2 3 4 1 1 1 2 2 0 1 4 2 3 2 2 0 1 0 3 0 3 2 4 2 2 3 0 2 3 2 3 4 3 0 2 1 4 0 2 1 0 3 3 2 3 0 4 3 0 0 0 4 2 1 4 2 0 1 0 0 0 0 0 0 0 0 
#TS193
1 0 3 1 1 3 1 1 2 3 3 2 2 2 2 0 2 2 3 1 2 3 3 2 3 2 3 3 3 2 2 0 0 0 0 2 0 0 3 1 3 3 1 0 2 3 4 0 1 1 3 2 4 3 0 4 3 3 2 1 1 4 3 0 3 2 4 3 3 3 0 0 3 2 0 4 3 0 3 1 4 0 2 2 0 1 1 1 3 0 4 3 0 0 0 4 3 0 4 1 0 0 0 1 0 0 0 0 0 0 
1 0 4 1 2 4 1 1 1 4 3 1 3 2 2 1 2 2 3 2 2 3 3 1 3 2 2 3 0 2 2 0 1 0 0 2 0 0 2 0 4 3 0 0 2 3 4 0 1 1 3 2 2 3 0 4 3 3 3 1 1 4 3 0 4 3 4 3 2 3 0 0 3 1 3 4 4 0 3 0 4 0 1 2 0 1 1 1 3 0 4 3 1 0 2 4 0 1 4 1 0 0 0 1 0 0 0 0 0 0 
#TS194
2 0 3 1 0 2 1 1 4 3 2 3 0 2 2 0 3 2 2 1 1 3 3 2 3 3 3 3 0 4 3 1 0 0 0 1 0 0 2 0 2 4 0 0 2 3 4 1 0 1 2 1 2 2 0 4 3 3 1 1 1 4 3 0 3 2 4 3 3 3 0 0 3 0 1 4 3 0 2 1 4 0 2 1 0 1 1 2 2 0 4 0 0 1 3 0 3 4 4 1 0 0 0 0 1 0 0 0 0 0 
1 0 3 1 0 2 1 1 3 3 2 3 0 2 1 0 3 2 2 1 0 4 3 2 3 4 3 3 0 3 3 3 1 0 0 2 0 0 0 1 3 3 0 0 2 3 4 1 0 2 2 2 1 3 0 4 3 3 1 1 1 4 3 0 3 2 4 3 3 3 0 0 3 1 0 4 3 0 2 1 4 0 3 2 0 1 1 2 2 0 4 1 0 0 2 0 3 3 3 1 0 0 0 0 1 0 0 0 0 0 
#TS195
1 0 3 1 3 0 0 0 1 4 3 2 1 1 2 1 2 1 3 1 2 0 1 0 0 0 4 1 1 2 0 0 1 1 0 1 0 0 2 1 3 3 0 0 2 3 4 0 1 1 3 3 4 3 2 0 4 3 2 1 1 4 3 0 3 3 4 3 3 3 0 0 4 2 1 4 3 0 0 2 4 0 3 2 0 1 1 1 0 3 0 2 0 0 0 1 3 0 3 1 0 0 0 0 0 0 0 1 0 0 
3 0 3 1 4 1 0 0 2 4 3 2 0 2 2 2 2 1 3 1 2 0 1 0 0 0 4 0 1 3 0 0 1 1 0 1 0 0 4 2 3 3 0 0 2 3 4 0 1 1 3 4 4 3 2 0 3 3 2 1 0 4 3 0 3 3 4 3 3 3 0 0 3 3 1 4 3 0 1 2 4 0 2 2 0 1 1 0 0 3 0 3 0 0 0 2 3 0 4 1 0 0 0 0 0 0 0 1 0 0 
#TS196
0 2 3 0 1 0 1 2 2 4 3 2 2 2 4 3 3 1 3 4 2 2 3 0 0 0 4 1 2 1 0 0 0 3 0 1 0 0 3 1 3 3 0 0 2 3 3 0 1 3 3 1 2 3 1 4 4 3 4 0 1 4 3 0 4 2 4 3 2 3 0 0 3 2 1 4 3 0 1 1 4 0 2 2 0 0 0 3 0 0 4 4 0 0 0 4 3 0 4 1 0 0 0 0 0 1 0 0 0 0 
0 1 4 0 2 0 1 2 2 3 3 2 2 1 2 3 3 2 3 3 2 3 3 0 0 0 3 1 0 2 0 0 1 3 0 1 0 0 2 1 3 3 0 0 2 3 4 0 1 2 3 2 2 3 1 2 3 2 4 0 1 4 3 0 3 2 4 3 2 3 0 0 4 2 1 4 3 0 1 1 4 0 2 1 0 0 0 2 0 0 4 4 0 0 0 4 3 0 4 1 0 0 0 0 0 1 0 0 0 0 
#TS197
1 0 3 1 0 2 1 1 3 3 2 3 0 2 1 0 3 2 2 1 0 4 3 2 3 4 3 3 0 3 3 3 1 0 0 2 0 0 0 1 3 3 0 0 2 3 4 1 0 2 2 2 1 3 0 4 3 3 1 1 1 4 3 0 3 2 4 3 3 3 0 0 3 1 0 4 3 0 2 1 4 0 3 2 0 1 1 2 2 0 4 1 0 0 2 0 3 3 3 1 0 0 0 0 1 0 0 0 0 0 
1 0 3 1 0 3 1 1 4 3 2 3 0 1 0 0 3 2 1 1 1 2 3 2 2 3 2 3 1 3 3 2 1 0 0 1 0 0 1 2 3 3 0 0 2 2 4 1 0 2 0 2 1 2 0 4 3 3 1 1 1 4 2 0 3 2 4 3 3 4 0 0 3 0 0 3 3 0 3 1 4 0 2 2 0 1 1 2 2 0 4 1 0 0 3 0 3 3 3 2 0 0 0 0 1 0 0 0 0 0 
#TS198
4 0 4 3 0 0 1 0 0 2 1 0 3 3 2 0 3 0 0 0 2 3 3 0 2 0 1 1 0 3 2 3 2 0 1 0 1 3 0 4 0 3 1 0 2 0 4 0 1 4 3 1 0 2 0 4 3 3 3 4 1 2 3 2 2 0 0 0 3 3 0 0 2 0 0 4 0 0 3 1 4 0 0 2 0 1 1 3 0 3 0 3 0 0 0 4 4 3 3 0 0 0 0 0 0 0 0 0 0 0 
3 0 3 3 0 0 1 0 2 2 2 0 3 2 1 0 2 0 0 0 2 4 3 3 2 0 0 0 0 3 2 4 3 0 0 0 2 0 0 3 2 4 1 0 2 0 3 1 1 3 3 1 0 1 0 4 4 3 3 2 2 2 2 3 4 1 0 0 3 3 0 0 3 2 0 4 1 2 3 1 4 0 4 3 0 1 1 3 0 1 0 2 0 0 0 4 4 1 3 1 0 0 0 0 0 0 0 0 0 0 
#TS199
1 0 2 2 1 2 1 0 2 3 3 1 2 2 1 0 1 1 3 0 2 4 3 3 4 0 2 0 3 2 2 0 1 0 0 0 2 0 2 2 3 3 1 0 2 3 4 0 1 2 3 2 3 3 0 4 3 3 2 1 1 4 3 1 3 2 4 1 4 3 0 0 3 1 0 4 3 0 3 1 3 0 2 2 0 1 1 2 2 0 4 3 0 0 0 4 3 0 4 1 0 0 0 0 0 0 0 0 0 0 
3 0 3 2 1 2 1 0 2 3 3 2 2 2 1 0 3 0 3 0 2 3 3 3 4 0 1 0 3 2 2 0 1 0 0 0 2 0 3 3 4 3 1 0 2 3 4 0 1 2 3 2 4 3 0 4 3 2 2 1 1 4 3 0 3 2 4 3 3 3 0 0 3 2 0 3 3 0 2 1 4 0 3 2 0 2 1 2 2 0 3 3 0 0 0 4 3 0 4 1 0 0 0 0 0 0 0 0 0 0 
#TS200
1 0 3 1 0 3 1 1 4 4 2 3 0 1 0 0 2 1 1 1 2 3 3 2 2 4 3 3 1 3 2 1 2 0 0 0 1 0 0 2 3 3 0 0 2 0 4 1 0 3 0 1 1 2 0 3 3 3 0 1 1 2 3 0 3 2 4 2 3 3 0 0 4 0 0 4 3 0 3 1 4 0 2 3 0 1 1 2 3 0 2 0 0 0 4 0 3 4 4 1 0 0 0 0 1 0 0 0 0 0 
1 0 3 1 0 2 1 1 4 4 3 3 0 1 0 0 2 1 0 1 2 3 3 2 2 3 2 3 0 4 2 2 3 0 0 0 1 0 1 3 3 3 0 0 2 0 4 0 0 2 0 2 0 2 0 4 3 3 1 1 1 3 3 0 4 2 4 2 3 4 0 0 4 0 0 4 3 0 3 1 4 0 2 2 0 1 1 2 2 0 2 1 0 0 4 0 4 3 4 1 0 0 0 0 1 0 0 0 0 0 
#TS201
2 0 3 2 1 2 1 0 2 4 2 2 2 2 1 0 3 0 3 0 2 3 3 3 3 0 3 0 3 2 2 0 1 0 0 0 2 2 0 3 2 3 1 0 2 0 4 1 1 2 3 2 4 3 0 4 3 2 2 1 1 2 2 0 4 2 4 3 3 3 0 0 3 2 0 4 3 1 3 1 4 0 2 3 0 1 1 2 1 1 2 3 0 0 0 4 3 0 4 1 0 0 0 0 0 0 0 0 0 0 
4 0 3 2 1 2 1 0 3 3 3 2 2 2 2 0 2 1 3 0 2 4 3 3 3 1 2 1 3 1 2 0 1 0 0 0 2 1 1 2 3 3 1 0 2 0 4 1 1 1 3 2 4 3 0 4 3 3 2 1 1 3 4 0 3 2 3 3 3 4 0 0 2 2 0 3 2 0 3 1 4 0 2 2 0 1 1 3 1 1 1 3 0 0 0 4 3 0 4 1 0 0 0 0 0 0 0 0 0 0 
#TS202
0 2 4 1 2 2 1 1 2 4 3 2 3 2 2 1 3 1 3 4 2 3 3 0 2 1 4 3 3 2 2 0 0 3 0 1 0 0 3 1 3 3 0 0 4 3 4 0 1 2 4 2 2 3 0 4 3 3 4 0 1 4 3 0 3 2 4 3 2 3 0 0 3 2 1 4 3 0 1 1 4 0 1 2 0 1 0 1 2 0 4 3 0 0 0 4 3 0 4 1 0 0 0 0 0 1 0 0 0 0 
0 2 3 0 3 0 1 3 3 4 3 2 2 2 3 1 2 1 3 4 2 3 3 0 1 0 3 2 3 2 0 0 0 2 0 1 0 0 3 1 3 3 0 0 2 3 4 0 1 2 4 1 1 3 1 4 4 3 4 0 1 4 3 0 3 2 4 3 2 3 0 1 3 2 1 4 3 0 1 1 4 0 2 1 0 1 0 3 0 0 4 3 0 0 0 4 2 0 4 1 0 0 0 0 0 1 0 0 0 0 
#TS203
1 0 3 1 4 0 0 1 2 4 3 2 1 1 2 2 2 0 3 1 2 0 1 0 0 0 4 0 0 3 0 1 1 2 0 0 0 0 2 1 3 2 0 0 2 3 4 0 0 2 3 3 2 3 2 0 3 3 2 1 1 3 3 0 3 3 4 3 3 3 0 0 3 2 1 4 3 0 2 2 4 0 2 1 0 1 1 1 0 3 0 3 0 0 0 2 3 0 4 1 0 0 0 0 0 0 0 1 0 0 
2 0 3 2 4 0 0 1 2 4 3 2 1 1 2 2 2 1 2 2 2 0 1 0 0 0 3 0 0 4 0 2 2 1 0 1 1 0 2 2 3 3 0 0 2 3 4 0 0 1 3 3 1 3 2 0 3 3 2 1 1 4 3 0 3 3 4 2 3 3 0 0 4 3 2 3 3 0 0 2 4 0 4 2 0 1 3 1 0 3 0 3 0 0 0 2 4 0 4 1 0 0 0 0 0 0 0 1 0 0 
#TS204
1 0 4 1 2 3 1 1 2 3 3 0 4 3 2 0 3 1 0 1 2 3 3 2 3 0 1 1 2 4 2 2 2 0 0 0 3 0 3 1 3 3 1 0 2 3 4 0 1 3 2 1 0 2 0 4 3 4 2 1 1 4 1 3 3 1 0 0 3 3 0 0 4 2 1 4 3 0 3 0 4 0 2 3 0 1 2 2 2 0 4 3 1 0 1 4 1 0 4 2 0 0 0 0 0 0 0 0 0 0 
2 0 3 1 1 2 1 0 3 3 3 1 4 2 1 0 2 1 1 1 3 3 3 3 2 0 3 0 3 2 2 1 3 0 0 0 3 0 2 2 3 4 1 0 2 3 4 0 1 3 3 1 0 2 0 4 4 3 2 1 1 3 2 3 3 2 2 0 4 3 0 0 3 2 0 3 3 0 3 1 4 0 2 2 0 1 3 2 2 0 3 3 0 0 0 4 3 0 3 2 0 0 0 0 0 0 0 0 0 0 
#TS205
3 0 3 2 1 2 1 0 2 3 3 2 2 2 1 0 3 0 3 0 2 3 3 3 4 0 1 0 3 2 2 0 1 0 0 0 2 0 3 3 4 3 1 0 2 3 4 0 1 2 3 2 4 3 0 4 3 2 2 1 1 4 3 0 3 2 4 3 3 3 0 0 3 2 0 3 3 0 2 1 4 0 3 2 0 2 1 2 2 0 3 3 0 0 0 4 3 0 4 1 0 0 0 0 0 0 0 0 0 0 
2 0 3 2 1 2 1 0 3 3 3 2 2 2 2 0 2 1 3 1 2 2 3 3 3 1 2 1 3 2 2 0 1 0 0 1 1 0 3 1 3 3 1 0 2 2 4 0 1 1 3 2 4 4 0 4 3 3 2 1 1 3 3 0 3 2 4 3 3 3 0 0 3 2 0 4 3 0 3 1 4 0 2 2 0 1 1 1 1 0 3 3 0 0 0 4 2 0 4 1 0 0 0 0 0 0 0 0 0 0 
#TS206
1 0 3 1 1 3 1 0 2 3 3 2 2 2 2 0 2 2 3 1 1 3 3 2 3 3 3 3 3 2 2 0 0 0 0 1 0 0 3 1 3 3 1 0 2 3 4 0 1 1 3 2 4 3 0 4 3 3 2 1 1 4 3 0 3 2 4 3 3 3 0 0 3 2 0 4 3 0 3 1 4 0 2 3 0 1 2 2 3 0 4 3 0 0 0 4 4 0 4 1 0 0 0 0 0 0 0 0 0 0 
1 0 3 1 1 2 1 1 2 3 3 1 2 1 2 0 3 2 3 1 2 3 3 2 3 2 3 3 3 2 2 0 0 0 0 1 0 0 3 1 2 2 1 0 2 3 4 0 1 1 3 1 4 3 0 4 3 3 2 1 1 4 2 0 3 2 4 3 2 3 0 0 4 2 1 4 3 0 3 0 4 0 2 4 0 1 1 1 2 0 3 3 0 0 0 4 3 1 4 1 0 0 0 0 0 0 0 0 0 0 
#TS207
2 0 3 3 0 0 1 0 2 4 1 1 1 1 1 1 0 0 0 2 2 3 0 2 3 2 1 3 0 3 1 3 2 1 0 0 4 4 2 3 1 3 2 0 2 3 1 3 1 1 1 3 0 3 0 2 0 3 2 1 1 0 3 0 0 3 4 0 3 3 0 0 0 1 4 4 3 2 3 3 2 0 4 2 3 1 1 3 0 2 1 3 0 0 0 3 4 0 4 1 0 0 0 0 0 0 1 0 0 0 
3 0 3 3 0 0 1 0 2 4 2 1 2 1 2 1 0 0 0 1 2 3 0 2 3 1 1 2 0 3 0 3 3 1 0 0 4 4 2 3 1 3 1 0 2 2 2 3 1 1 1 3 1 2 0 3 0 4 2 1 1 0 3 0 0 3 4 1 3 3 0 0 0 2 4 3 3 3 3 4 2 0 4 2 3 1 1 3 0 3 2 3 1 1 0 4 3 0 3 2 0 0 0 0 0 0 0 0 0 0 
#TS208
2 0 3 2 1 3 1 0 2 3 3 2 2 2 2 0 3 1 3 1 2 4 3 2 3 1 1 3 3 2 2 0 1 0 0 0 2 0 3 0 3 3 1 0 2 3 4 0 1 1 2 2 4 3 0 4 3 3 2 1 1 3 3 0 3 2 4 3 3 3 0 0 3 2 0 4 3 0 3 0 4 0 2 2 0 1 1 1 2 0 4 3 0 0 0 4 3 0 3 1 0 0 0 0 0 0 0 0 0 0 
1 0 3 1 1 3 1 1 2 3 3 2 2 2 2 0 2 1 3 1 1 3 3 3 3 1 3 3 4 2 2 0 1 0 0 0 1 0 3 0 3 3 1 0 2 3 4 0 1 1 3 2 4 3 0 4 3 3 2 1 1 4 3 0 3 2 4 3 3 3 0 0 3 2 0 4 3 0 3 1 4 0 2 2 0 1 1 1 2 0 4 3 0 0 0 4 4 0 4 1 0 0 0 0 0 0 0 0 0 0 
#TS209
1 0 3 1 1 3 0 1 1 3 2 2 2 1 2 1 2 2 2 1 1 3 3 3 3 2 3 4 0 2 2 0 1 0 0 2 0 0 2 1 3 1 1 0 2 3 4 0 1 1 4 2 1 1 0 4 3 3 2 1 0 1 3 0 4 2 4 3 3 3 0 0 3 2 0 3 3 0 3 0 4 0 1 1 1 2 1 1 3 0 4 0 0 0 0 4 3 0 4 1 0 0 0 0 0 0 0 0 1 0 
1 0 4 1 1 3 0 1 0 3 1 2 2 1 2 2 3 2 2 1 2 3 3 2 3 2 3 3 0 3 1 1 2 0 0 1 0 0 2 1 3 0 2 0 2 3 4 0 2 1 3 2 0 1 0 4 4 3 2 2 0 0 3 0 3 2 4 3 3 3 0 0 4 2 0 3 3 0 3 0 4 0 0 2 2 2 3 3 3 0 4 0 0 0 0 4 4 0 3 2 0 0 0 0 0 0 0 0 1 0 
#TS210
1 2 3 1 1 3 1 3 1 4 2 2 2 2 2 0 2 2 3 3 2 3 3 1 3 2 2 3 0 2 1 0 0 0 0 1 0 0 3 0 3 3 1 0 2 3 3 0 1 1 3 3 2 2 3 4 2 3 2 1 1 0 4 0 3 2 4 3 3 3 0 1 3 1 3 4 3 0 3 1 4 0 2 2 0 2 1 1 3 0 4 3 0 0 0 4 3 0 4 1 0 1 0 0 0 0 0 0 0 0 
1 3 3 1 2 4 1 4 0 4 3 2 3 3 2 0 2 2 3 2 2 3 3 2 3 2 3 3 0 3 1 1 1 1 0 2 0 0 3 1 3 3 1 0 2 2 4 1 1 1 3 4 2 2 4 3 4 3 2 1 0 1 3 0 3 2 4 3 3 3 0 3 4 2 4 4 3 0 3 1 4 0 2 3 0 3 1 1 3 0 4 3 0 0 0 4 3 0 4 1 0 1 0 0 0 0 0 0 0 0 
#TS211
1 0 3 3 1 2 1 0 2 4 3 2 2 2 1 0 3 1 3 0 2 4 3 2 3 1 2 3 3 1 3 0 1 0 0 1 0 0 3 0 3 3 1 0 2 3 4 0 2 1 3 2 4 3 0 4 3 3 2 1 1 3 3 0 3 2 4 3 3 3 0 0 2 2 0 4 3 0 3 1 4 0 2 2 0 1 1 2 0 0 4 3 0 0 0 4 3 0 4 1 0 0 0 0 0 0 0 0 0 0 
1 0 3 3 1 2 1 0 2 4 3 2 2 2 1 0 3 1 3 0 2 4 3 2 3 1 2 3 3 1 3 0 1 0 0 1 0 0 3 0 3 3 1 0 2 3 4 0 2 1 3 2 4 3 0 4 3 3 2 1 1 3 3 0 3 2 4 3 3 3 0 0 2 2 0 4 3 0 3 1 4 0 2 2 0 1 1 2 0 0 4 3 0 0 0 4 3 0 4 1 0 0 0 0 0 0 0 0 0 0 
