#TS1
0 1 2 0 1 3 1 0 2 1 2 3 2 2 2 4 0 4 1 3 0 1 0 0 1 0 3 0 1 4 0 3 3 0 3 1 4 3 2 3 3 3 2 3 2 0 2 0 3 1 3 2 1 2 1 1 1 3 0 0 3 4 3 2 0 3 1 4 2 1 3 4 3 0 1 2 0 2 1 3 1 3 3 3 2 4 1 1 2 0 3 3 2 4 2 1 3 0 3 3 1 0 0 0 0 0 0 0 0 0 
0 1 3 2 1 3 2 2 4 1 3 3 2 2 3 4 0 3 1 3 0 1 0 0 0 0 3 0 1 2 0 2 3 0 4 1 3 3 3 3 3 3 2 3 2 0 2 0 3 0 3 1 1 3 1 1 1 3 0 1 2 4 4 1 0 3 2 3 2 1 1 4 3 0 1 3 0 2 1 3 0 4 4 3 2 4 1 1 2 0 3 2 2 4 4 1 3 0 3 3 1 0 0 0 0 0 0 0 0 0 
#TS2
0 0 4 1 2 3 1 1 2 0 1 1 2 3 3 3 0 4 1 3 0 1 0 1 0 0 2 1 2 2 4 3 2 3 3 1 3 4 2 3 2 3 2 3 2 1 2 0 3 2 3 1 0 4 1 0 1 0 1 0 0 0 2 4 1 0 2 3 3 1 4 2 4 0 1 4 0 1 1 0 1 1 1 3 4 3 1 1 2 0 4 3 2 4 0 4 3 0 0 4 0 0 0 0 0 0 0 1 0 0 
0 0 3 2 2 3 1 2 2 0 2 1 2 3 3 4 0 4 1 2 0 2 0 1 0 0 2 1 2 2 4 3 2 2 3 1 3 3 2 3 3 3 3 3 1 2 2 0 3 2 2 1 0 3 1 1 1 0 1 0 0 0 2 3 1 0 2 3 2 1 4 2 3 0 1 3 0 1 0 0 2 1 2 4 4 2 1 1 2 1 4 3 3 4 0 3 3 0 0 3 0 0 0 0 0 0 0 0 0 0 
#TS3
2 1 2 0 3 3 1 0 1 0 1 3 3 4 0 4 0 2 2 1 0 1 0 2 2 0 4 1 1 3 2 3 0 3 3 0 3 3 1 3 1 3 2 4 2 3 3 0 0 3 3 1 0 4 1 1 0 0 1 0 2 3 0 1 0 3 2 4 2 3 1 2 3 0 2 3 0 0 1 3 1 0 0 1 1 4 3 0 3 0 3 0 2 0 0 0 3 0 1 3 0 0 0 0 0 1 0 0 0 0 
1 1 3 0 4 3 1 1 1 0 0 3 3 4 0 4 0 2 3 0 0 1 0 2 2 0 4 1 2 3 1 3 1 3 3 0 3 3 2 3 0 3 2 3 2 4 4 0 0 3 3 1 0 4 1 0 1 0 1 0 2 1 0 3 0 3 1 3 2 3 1 1 2 0 1 3 0 0 1 3 2 0 0 1 1 4 2 0 3 0 4 0 2 0 0 0 3 0 1 2 0 0 0 0 0 1 0 0 0 0 
#TS4
3 1 0 0 1 3 1 0 3 0 2 3 2 1 3 3 0 3 1 3 0 1 0 2 2 0 1 2 3 2 1 3 2 3 3 1 3 3 2 3 1 3 1 3 2 1 2 0 3 2 3 1 0 2 1 0 0 0 1 0 2 3 3 2 1 3 3 4 2 1 0 1 3 0 1 3 0 2 1 3 2 2 0 1 4 4 0 1 2 0 3 3 2 3 2 3 2 0 3 3 0 0 0 0 0 0 0 0 0 0 
2 1 0 0 0 3 1 0 0 0 2 3 2 1 3 4 0 4 1 3 0 1 0 2 2 0 2 1 2 2 1 2 2 3 4 1 3 3 2 3 1 3 2 3 2 0 2 0 3 2 3 1 0 2 1 1 1 0 1 0 2 3 3 2 1 2 2 4 2 1 1 1 3 0 1 3 0 2 1 2 1 1 0 1 3 4 0 1 3 0 3 3 2 4 2 4 3 0 3 3 0 0 0 0 0 0 0 0 0 0 
#TS5
2 1 0 0 1 3 1 0 1 1 2 3 1 0 3 4 0 4 1 3 0 1 0 2 2 0 2 1 2 2 1 3 2 4 3 1 3 3 2 3 1 3 2 3 2 0 2 0 3 2 3 1 0 2 1 1 1 0 1 0 2 3 3 2 1 2 2 3 2 1 1 1 3 0 1 3 0 2 2 2 1 2 0 1 3 4 1 1 2 0 3 3 2 4 2 3 3 0 4 3 0 0 0 0 0 0 0 0 0 0 
3 1 0 0 1 3 0 0 2 1 2 3 2 0 3 3 0 4 1 3 0 1 0 2 3 0 2 1 1 2 1 3 2 3 3 2 3 2 2 3 1 3 1 3 2 0 2 0 3 2 3 1 0 2 1 0 1 0 1 0 1 3 3 2 1 2 2 3 2 1 1 1 4 0 1 3 0 2 2 3 1 2 0 1 4 4 1 1 2 0 3 3 3 4 2 3 3 0 3 3 0 0 0 0 0 0 0 0 0 0 
#TS6
3 1 0 0 1 3 1 0 1 1 2 3 2 0 3 4 0 4 1 2 0 1 0 2 2 1 2 1 2 2 1 3 2 3 3 1 3 3 2 3 1 3 2 3 2 1 2 0 3 2 3 1 0 2 1 0 1 0 1 0 3 3 4 2 1 3 2 3 2 1 1 1 3 0 1 3 0 2 1 3 1 1 0 1 4 4 1 1 2 0 3 3 2 4 1 3 3 0 3 3 0 0 0 0 0 0 0 0 0 0 
3 1 0 0 1 3 1 0 1 1 2 3 2 0 3 4 1 4 1 3 0 1 0 2 2 0 1 1 2 2 1 3 2 3 3 1 3 3 2 3 1 3 2 3 2 1 2 0 3 2 2 1 0 2 1 1 1 0 1 0 2 3 4 2 1 2 2 3 2 1 1 1 3 0 0 3 0 2 1 3 2 1 0 0 4 4 1 1 2 0 3 3 2 4 1 3 3 0 3 3 0 0 0 0 0 0 0 0 0 0 
#TS7
2 1 1 0 1 3 1 1 0 1 2 3 2 1 3 4 0 4 1 3 0 1 1 2 2 0 1 1 2 2 1 3 3 3 3 3 3 3 2 3 1 3 2 3 2 0 2 0 3 2 3 1 0 1 1 2 1 0 1 0 2 3 3 1 1 3 1 3 2 1 1 1 3 0 1 4 0 2 1 3 1 2 0 2 3 4 2 0 2 0 3 3 2 4 1 3 3 0 3 3 0 0 0 0 0 0 0 0 0 0 
2 1 0 0 1 3 1 0 0 1 2 3 2 0 3 4 0 4 1 2 0 1 1 1 2 0 2 1 2 2 1 3 2 4 3 2 3 4 2 3 1 3 2 3 3 0 2 0 3 2 4 2 0 2 1 1 1 0 0 0 3 3 3 2 1 2 2 2 2 1 0 1 3 0 1 3 0 2 1 2 1 1 0 1 4 4 2 0 2 0 4 3 2 4 1 3 2 0 3 3 0 0 0 0 0 0 0 0 0 0 
#TS8
3 1 0 0 1 3 1 0 1 1 2 3 2 0 3 4 1 3 1 4 0 1 0 2 2 0 2 1 2 2 1 3 2 4 4 1 3 3 2 3 1 3 2 3 2 0 2 0 3 2 3 1 0 1 1 1 1 0 1 0 2 3 3 2 1 3 2 4 2 1 1 1 3 0 1 3 0 2 1 2 1 2 0 1 2 4 2 1 2 0 3 2 2 4 2 3 2 0 3 3 0 0 0 0 0 0 0 0 0 0 
3 1 0 0 1 3 1 0 1 1 2 3 2 0 3 4 1 3 1 4 0 1 0 2 2 0 2 1 2 2 1 3 2 4 4 1 3 3 2 3 1 3 2 3 2 0 2 0 3 2 3 1 0 1 1 1 1 0 1 0 2 3 3 2 1 3 2 4 2 1 1 1 3 0 1 3 0 2 1 2 1 2 0 1 2 4 2 1 2 0 3 2 2 4 2 3 2 0 3 3 0 0 0 0 0 0 0 0 0 0 
#TS9
0 1 4 3 3 3 4 2 0 0 2 3 0 0 3 1 1 4 0 2 3 1 3 2 0 0 2 1 2 2 1 3 3 4 0 3 1 3 2 3 3 3 2 3 0 0 2 0 4 0 2 0 0 4 1 2 0 2 1 0 2 3 3 2 1 3 1 1 4 4 1 1 3 0 3 4 0 2 1 3 1 2 2 4 3 4 1 0 2 4 3 3 1 2 2 3 3 0 2 0 0 0 0 0 1 0 0 0 0 0 
0 3 2 3 4 3 4 4 1 0 1 2 0 0 3 0 1 4 0 2 4 1 3 2 1 0 2 1 2 3 2 3 2 4 0 3 0 3 2 3 4 3 2 2 0 0 2 0 3 0 3 0 0 3 0 2 0 2 1 0 1 3 2 2 1 2 1 1 3 3 1 1 3 0 3 3 0 2 1 3 1 2 2 4 3 4 1 0 3 3 3 3 3 2 2 3 3 0 2 1 0 0 0 0 0 0 0 0 0 0 
#TS10
3 1 0 0 1 3 1 0 1 1 2 3 2 0 3 4 0 4 1 3 0 1 0 2 2 0 2 1 2 2 1 3 2 3 3 1 3 3 2 3 1 3 2 3 2 0 2 0 3 2 3 1 0 2 1 1 1 0 1 0 2 3 3 2 1 3 2 3 2 1 1 1 3 0 1 3 0 2 1 3 1 2 0 1 3 4 1 1 2 0 3 3 2 4 2 3 3 0 3 3 0 0 0 0 0 0 0 0 0 1 
3 1 1 1 1 3 1 0 1 1 2 3 1 2 3 3 0 3 1 3 0 1 2 2 2 0 2 0 2 3 1 3 3 4 3 1 3 3 2 2 1 3 3 3 2 0 2 0 3 1 4 1 0 3 1 2 0 0 1 1 0 4 3 2 1 2 4 3 2 1 0 2 3 0 1 4 0 2 1 3 0 3 0 3 3 4 2 2 2 0 3 3 2 1 2 3 2 0 3 3 0 0 0 0 0 0 0 0 0 1 
#TS11
2 1 0 0 1 3 2 0 0 1 2 4 2 0 3 4 0 3 3 2 0 1 0 2 3 0 2 1 2 2 1 3 1 3 3 2 3 3 2 3 1 3 2 3 2 0 2 0 3 2 3 1 0 2 1 0 0 0 1 0 1 2 3 2 1 3 2 3 2 1 1 1 2 0 0 3 0 2 1 3 1 2 0 1 2 4 2 1 2 0 3 3 2 4 1 3 3 0 3 3 0 0 0 0 0 0 0 0 0 0 
3 1 0 0 1 3 1 0 1 1 1 3 1 0 3 3 0 3 1 3 0 1 0 2 2 0 2 2 2 2 1 4 1 3 3 1 3 3 2 3 1 3 2 3 2 0 2 0 3 2 4 1 0 2 1 0 1 0 1 0 2 3 3 2 1 3 2 3 2 1 1 1 3 0 1 2 0 1 1 2 1 2 0 1 4 4 1 0 2 0 3 3 2 4 2 3 4 0 3 3 0 0 0 0 0 0 0 0 0 0 
#TS12
0 3 0 0 2 3 1 3 2 0 1 3 2 0 4 3 0 3 2 0 0 1 0 2 3 1 2 1 2 3 1 3 1 3 3 1 3 3 1 3 1 3 2 3 2 4 3 0 3 2 3 2 0 2 1 0 1 0 0 0 3 2 1 2 0 3 2 3 2 3 1 1 2 0 1 3 0 2 1 2 1 1 0 1 2 4 1 0 2 0 3 2 2 3 0 3 3 0 3 3 0 0 0 0 0 0 0 0 0 0 
2 2 0 0 1 3 0 1 2 1 2 3 2 0 3 3 0 3 1 1 0 1 0 2 4 0 2 1 2 3 1 3 2 3 3 1 3 3 2 3 1 3 2 3 2 2 2 0 3 2 4 2 0 2 1 1 1 0 1 0 2 2 1 2 1 3 2 3 2 2 0 0 2 0 1 4 0 2 1 2 1 1 0 1 2 4 1 1 2 0 3 3 2 4 0 3 3 0 3 3 0 0 0 0 0 0 0 0 0 0 
#TS13
0 2 1 3 1 3 2 1 1 1 2 3 1 3 3 3 0 2 0 3 4 0 2 2 2 0 1 0 1 3 0 3 4 3 3 2 3 3 3 2 1 3 3 2 2 0 2 0 2 3 3 0 0 4 1 1 0 0 0 1 0 4 3 2 1 4 3 4 3 3 1 2 4 0 2 3 0 2 1 3 1 3 0 4 2 4 1 2 2 0 3 3 2 0 3 3 1 0 3 3 0 0 0 0 0 0 0 0 0 1 
1 3 2 4 1 3 1 1 1 1 2 3 0 3 4 3 0 2 0 3 4 0 3 2 2 0 1 0 1 3 1 2 3 4 3 2 3 3 2 2 1 3 4 3 2 0 2 0 2 3 3 0 1 3 1 1 0 0 0 0 0 4 3 2 1 3 3 4 2 3 0 2 4 0 1 3 0 1 1 3 1 3 0 3 1 4 2 3 1 0 3 3 2 0 3 3 2 2 3 3 0 0 0 0 0 0 0 0 0 1 
#TS14
1 1 3 2 1 3 1 0 1 0 2 0 2 0 3 4 0 2 1 3 2 2 0 2 0 0 1 0 0 2 0 3 3 1 0 2 2 3 2 3 3 3 2 3 3 0 2 0 3 1 3 1 0 3 0 0 0 0 3 2 2 0 3 2 1 0 3 3 1 1 1 0 2 0 1 4 0 1 1 3 3 3 0 3 3 0 0 1 3 0 3 3 2 3 3 3 3 0 3 0 0 0 0 1 0 0 0 0 0 0 
0 2 3 2 1 3 1 1 1 0 2 0 2 0 3 3 0 2 1 3 4 1 1 2 1 0 1 0 0 2 1 3 3 1 0 2 2 4 1 3 3 3 2 3 3 0 2 0 3 2 3 1 0 2 0 1 0 0 4 2 2 0 3 2 1 0 4 2 1 0 1 1 2 0 1 3 0 2 1 3 2 3 0 4 3 0 1 1 3 0 3 3 2 4 4 4 3 0 3 0 0 0 0 1 0 0 0 0 0 0 
#TS15
3 1 0 0 1 3 1 0 3 1 2 3 2 0 3 4 0 4 1 1 0 1 0 2 2 0 1 1 3 1 1 3 2 3 3 1 3 3 2 3 1 4 2 3 2 0 2 0 3 2 3 1 0 2 1 1 1 0 1 0 2 3 3 2 1 3 2 3 2 1 0 1 3 0 1 3 0 2 1 3 1 1 0 1 4 4 1 1 2 0 3 3 2 4 2 3 3 0 3 3 0 0 0 0 0 0 0 0 0 0 
3 1 0 0 0 3 1 0 1 1 2 3 2 0 3 4 0 4 1 3 0 1 0 2 2 0 2 1 2 2 1 3 2 3 3 1 3 3 2 3 1 3 2 3 3 0 2 0 3 2 3 1 0 2 1 1 1 0 1 0 1 3 2 2 1 3 2 3 2 1 1 0 3 0 1 3 0 2 1 3 2 2 0 1 3 4 1 1 1 0 3 3 2 3 1 3 3 0 3 3 0 0 0 0 0 0 0 0 0 0 
#TS16
1 2 2 4 1 3 1 2 1 1 2 4 0 3 4 4 1 2 0 3 4 0 2 2 2 0 0 0 0 4 0 1 3 4 3 3 3 3 1 2 1 3 4 3 1 0 2 0 1 4 1 0 2 4 2 2 0 2 0 0 0 4 3 1 1 3 3 3 1 3 0 1 4 0 2 3 0 1 1 3 1 2 0 4 0 4 3 3 1 0 3 3 2 0 4 3 1 0 3 3 0 0 0 0 0 0 0 0 0 1 
0 3 1 3 2 3 1 2 3 1 1 3 0 3 3 3 1 2 0 3 4 1 4 2 2 0 0 0 0 2 0 0 4 4 3 3 3 3 2 1 1 2 4 4 1 0 2 0 0 3 1 0 1 3 3 3 0 2 0 1 1 4 4 0 1 3 2 2 1 4 0 1 4 0 2 3 0 1 1 3 2 2 0 4 0 4 2 2 0 0 3 3 2 0 4 3 1 1 3 3 0 0 0 0 0 0 0 0 0 1 
#TS17
3 1 0 0 1 3 1 0 2 1 2 3 2 0 3 3 1 4 1 3 0 1 0 2 2 0 2 1 3 2 0 3 2 3 4 1 3 3 2 3 1 3 3 3 2 0 2 0 3 2 3 1 0 2 1 1 1 0 1 0 2 3 3 1 1 3 3 4 2 0 1 1 3 0 1 3 0 2 1 2 1 1 0 0 4 4 1 2 2 0 3 3 2 4 2 3 2 0 3 3 0 0 0 0 0 0 0 0 0 0 
3 1 0 0 1 3 1 0 3 0 2 3 2 1 3 3 0 3 1 3 0 1 0 2 2 0 1 2 3 2 1 3 2 3 3 1 3 3 2 3 1 3 1 3 2 1 2 0 3 2 3 1 0 2 1 0 0 0 1 0 2 3 3 2 1 3 3 4 2 1 0 1 3 0 1 3 0 2 1 3 2 2 0 1 4 4 0 1 2 0 3 3 2 3 2 3 2 0 3 3 0 0 0 0 0 0 0 0 0 0 
#TS18
4 2 0 0 1 1 0 0 1 1 2 2 1 0 2 4 1 4 0 1 0 1 0 4 0 0 2 1 3 3 1 3 2 3 3 1 3 2 0 3 2 2 0 1 2 3 1 3 3 1 3 1 0 2 0 3 0 0 2 0 1 2 1 2 0 3 2 4 3 2 0 0 2 0 1 3 0 1 1 3 1 0 0 0 3 4 1 1 2 3 2 3 2 3 0 3 2 1 3 3 0 0 0 0 0 0 0 0 0 0 
3 1 0 0 1 3 0 0 1 1 2 3 2 0 2 4 1 4 0 0 0 1 0 4 1 0 2 2 3 3 1 3 2 2 3 2 3 3 1 2 1 3 1 1 3 4 1 0 3 2 3 1 0 2 0 3 1 0 1 0 2 2 1 2 1 3 2 4 2 2 1 1 2 0 1 3 0 2 1 2 1 1 0 0 3 4 2 1 2 2 3 2 3 3 0 3 3 0 3 3 0 0 0 0 0 0 0 0 0 0 
#TS19
1 1 1 0 1 3 1 1 0 0 3 0 1 0 3 4 0 2 1 2 3 1 0 2 0 0 1 0 0 2 0 3 4 1 0 2 2 3 2 3 4 3 2 3 3 0 2 0 3 1 3 1 0 2 0 0 0 0 4 2 2 0 3 2 1 0 3 2 1 1 1 0 3 0 1 4 0 2 1 3 3 2 0 3 3 0 1 0 2 0 3 3 2 4 3 3 3 0 3 0 0 0 0 1 0 0 0 0 0 0 
1 1 3 2 1 3 1 0 1 0 2 0 2 0 3 4 0 2 1 3 2 2 0 2 0 0 1 0 0 2 0 3 3 1 0 2 2 3 2 3 3 3 2 3 3 0 2 0 3 1 3 1 0 3 0 0 0 0 3 2 2 0 3 2 1 0 3 3 1 1 1 0 2 0 1 4 0 1 1 3 3 3 0 3 3 0 0 1 3 0 3 3 2 3 3 3 3 0 3 0 0 0 0 1 0 0 0 0 0 0 
#TS20
2 2 0 1 1 2 1 1 2 1 2 3 2 0 3 4 0 4 1 2 0 1 0 2 1 0 1 1 2 2 1 3 2 3 3 1 3 3 1 3 1 3 2 2 2 0 2 0 3 2 3 2 0 2 1 0 1 0 1 0 2 3 4 2 1 3 2 4 2 1 1 1 3 0 1 4 1 2 1 2 1 2 0 1 3 4 0 1 2 0 3 3 2 4 2 4 3 0 3 3 0 0 0 0 0 0 0 0 0 0 
3 1 0 0 1 3 0 0 3 1 2 3 2 0 3 4 0 4 1 2 0 1 0 2 2 0 2 1 3 2 1 2 2 3 2 1 3 3 2 3 1 3 3 3 3 0 2 0 3 2 3 1 0 2 1 1 1 0 1 0 2 3 3 2 1 3 2 4 2 1 1 1 2 0 0 3 0 1 1 3 2 2 0 1 3 3 0 1 2 0 3 3 2 4 2 3 3 0 3 3 0 0 0 0 0 0 0 0 0 0 
#TS21
1 4 0 2 2 4 1 3 1 1 2 3 1 0 3 2 2 4 0 3 3 1 0 1 0 0 3 1 1 2 1 3 3 3 3 3 2 2 2 1 2 3 2 3 2 0 2 0 3 2 2 1 0 2 1 2 2 0 0 0 2 3 3 1 1 3 1 3 3 2 1 1 3 0 1 3 0 2 1 3 1 2 0 4 2 4 3 0 3 2 3 3 2 4 2 3 3 0 3 3 0 0 0 0 0 0 0 0 0 0 
2 3 0 1 1 3 1 1 2 1 2 4 1 0 3 3 2 4 0 3 1 1 0 2 1 1 2 1 2 2 1 3 2 3 3 2 3 3 2 2 1 3 2 3 1 0 1 0 3 2 2 2 1 2 2 2 2 0 0 0 3 3 3 2 1 3 1 2 2 2 1 1 3 0 1 3 0 1 1 3 1 2 0 3 3 4 3 0 4 2 3 3 1 4 2 3 3 0 3 3 0 0 0 0 0 0 0 0 0 0 
#TS22
4 1 0 0 1 3 1 0 1 1 2 3 1 0 3 3 0 4 1 3 0 1 1 2 2 0 2 1 3 3 2 3 2 4 3 1 3 3 2 3 1 3 2 3 2 0 2 0 3 2 3 1 0 3 1 1 0 0 1 1 2 4 3 2 1 3 2 4 2 1 1 1 3 0 1 3 0 2 1 3 1 2 0 0 3 4 1 1 2 0 3 4 2 4 3 3 3 0 3 3 0 0 0 0 0 0 0 0 0 0 
3 1 0 0 0 3 1 0 1 1 2 3 2 0 3 4 0 4 1 3 0 1 0 2 2 0 2 1 3 2 1 3 2 3 4 1 2 3 2 3 1 3 2 3 1 0 2 0 3 2 3 1 0 2 1 2 1 0 0 1 3 3 3 3 1 2 1 3 2 1 1 1 3 0 1 3 0 2 0 3 1 3 0 0 4 4 1 0 2 0 3 3 1 4 2 4 3 0 3 3 0 0 0 0 0 0 0 0 0 0 
#TS23
1 2 0 3 2 3 1 2 2 1 2 3 1 0 4 4 1 3 0 2 4 1 2 2 2 1 0 0 0 2 0 1 4 4 3 2 3 4 1 1 1 3 2 3 1 0 1 0 3 2 1 2 2 2 3 2 1 2 0 0 3 4 3 0 1 3 1 3 1 2 0 0 2 0 2 4 0 1 1 3 1 2 0 3 1 4 2 1 1 0 3 3 2 3 3 3 3 0 3 3 0 0 0 0 0 0 0 0 0 0 
2 2 0 2 1 3 1 1 1 1 2 3 2 0 3 3 1 4 0 3 3 1 2 2 3 0 2 1 1 2 0 2 4 3 3 3 3 4 2 3 1 3 3 3 2 1 2 0 3 2 1 2 2 1 2 2 2 1 0 0 3 4 4 1 1 3 1 3 1 1 0 0 2 0 1 3 0 2 1 3 1 1 0 3 2 4 2 0 0 0 4 3 2 3 2 3 3 0 3 3 0 0 0 0 0 0 0 0 0 0 
#TS24
3 1 0 0 1 1 4 1 1 0 2 3 2 2 0 4 1 0 1 3 2 3 3 0 0 0 1 1 2 4 1 3 4 4 3 1 3 0 1 3 1 1 2 0 3 0 2 3 3 2 3 1 0 2 0 0 1 1 1 1 0 3 3 1 1 3 3 3 2 1 0 2 0 1 2 3 0 2 0 3 1 3 0 1 4 3 1 0 2 0 4 1 3 4 3 4 3 0 1 2 0 1 0 0 0 0 0 0 0 0 
3 1 0 0 1 1 3 0 3 0 2 3 2 1 0 4 0 0 1 2 2 3 3 0 0 0 2 1 2 3 1 2 3 2 2 1 3 0 1 3 1 1 2 0 3 0 2 4 3 2 3 1 0 2 1 0 1 1 1 1 0 4 3 2 1 3 3 3 2 1 1 2 0 2 2 3 0 2 0 3 1 3 0 1 3 4 1 0 2 0 3 2 2 4 3 3 3 0 1 2 0 0 0 0 0 0 0 0 0 0 
#TS25
0 3 3 2 4 3 1 2 3 0 1 3 3 4 0 3 0 2 2 0 0 1 0 2 3 0 3 1 2 2 1 3 0 3 2 0 3 3 2 3 1 3 2 2 2 4 4 0 0 4 3 1 0 3 1 1 1 0 1 0 2 2 0 2 0 3 1 3 2 3 1 1 3 0 1 3 0 0 0 3 1 0 1 1 0 4 2 0 4 0 3 0 2 0 0 0 3 0 1 3 0 0 0 0 0 1 0 0 0 0 
0 2 3 1 4 3 2 3 3 0 0 4 3 3 0 4 0 2 3 0 0 1 0 2 2 0 3 1 2 3 1 3 0 3 3 0 3 3 2 3 1 3 2 4 3 4 3 0 0 4 3 1 0 4 1 0 1 0 1 0 2 2 0 3 0 3 1 4 3 3 1 1 3 0 1 2 0 0 1 3 1 0 1 1 0 4 3 0 2 0 2 0 2 0 0 0 2 0 1 3 0 0 0 0 0 1 0 0 0 0 
#TS26
3 1 0 0 1 3 1 0 1 1 2 3 2 0 3 4 0 4 1 3 0 1 0 2 2 0 2 1 2 2 1 3 2 3 3 1 3 3 2 3 1 3 2 3 2 0 2 0 3 2 3 1 0 2 1 1 1 0 1 0 2 3 3 2 1 3 2 3 2 1 1 1 3 0 1 3 0 2 1 3 1 2 0 1 3 4 1 1 2 0 3 3 2 4 2 3 3 0 3 3 0 0 0 0 1 0 0 0 0 0 
3 1 0 0 1 3 2 0 1 0 2 3 2 0 2 4 0 4 1 2 0 1 3 2 2 0 2 1 2 3 1 3 3 3 1 1 3 4 2 4 2 3 2 3 1 0 2 0 3 1 4 0 0 3 1 1 0 2 1 0 2 3 2 2 1 2 3 2 2 1 1 1 3 0 2 3 0 2 1 3 1 2 0 1 3 3 1 1 2 0 3 3 2 2 2 3 3 0 2 1 0 0 0 0 1 0 0 0 0 0 
#TS27
1 1 0 0 1 3 1 0 0 0 1 3 2 0 3 3 0 4 1 4 0 1 0 2 2 0 1 2 2 2 1 2 2 3 3 1 3 3 2 3 0 3 2 2 2 0 3 0 3 2 3 1 1 2 1 0 1 0 0 0 2 2 3 2 1 3 3 3 2 1 1 1 2 0 0 3 0 2 2 3 0 2 0 3 3 4 1 1 2 0 3 3 2 4 2 3 3 0 3 3 0 0 0 0 0 0 0 0 0 0 
3 2 0 0 1 3 1 0 1 0 2 3 2 0 3 3 0 3 1 3 0 1 0 2 3 0 2 2 3 2 1 3 2 3 3 0 3 3 2 3 1 3 1 3 3 0 3 0 3 2 3 2 0 1 1 0 1 0 1 0 2 3 4 3 1 4 2 3 2 1 1 1 3 0 1 2 0 2 2 2 1 2 0 1 2 4 1 1 2 0 3 3 2 4 2 3 3 0 3 3 0 0 0 0 0 0 0 0 0 0 
#TS28
0 0 2 0 2 3 1 0 0 0 2 0 2 2 3 3 0 4 1 3 0 1 0 1 0 0 2 1 2 2 3 3 2 3 3 1 3 4 2 3 2 3 2 3 2 1 2 0 3 2 4 1 0 3 1 0 1 0 1 0 0 1 2 3 1 0 2 4 3 1 4 2 4 0 1 3 0 1 1 0 1 1 0 3 3 2 1 1 2 0 3 3 3 4 0 3 4 0 0 3 0 0 0 0 0 0 0 1 0 0 
0 0 3 1 1 3 2 1 2 0 2 0 2 3 4 3 0 4 1 3 0 1 0 1 0 1 2 1 1 2 3 3 2 3 3 1 3 2 2 3 3 3 2 3 2 1 2 0 3 2 3 1 0 3 1 0 1 0 1 0 1 1 2 4 1 0 2 3 2 1 4 2 4 0 1 3 0 1 0 0 1 1 0 4 3 3 1 1 2 0 3 3 2 4 0 3 3 0 0 3 0 0 0 0 0 0 0 1 0 0 
#TS29
3 1 0 0 1 3 0 0 3 1 2 3 2 0 3 4 0 4 1 2 0 1 0 2 2 0 2 1 3 2 1 2 2 3 2 1 3 3 2 3 1 3 3 3 3 0 2 0 3 2 3 1 0 2 1 1 1 0 1 0 2 3 3 2 1 3 2 4 2 1 1 1 2 0 0 3 0 1 1 3 2 2 0 1 3 3 0 1 2 0 3 3 2 4 2 3 3 0 3 3 0 0 0 0 0 0 0 0 0 0 
3 1 0 0 1 3 1 0 2 1 2 3 2 0 3 3 1 4 1 3 0 1 0 2 2 0 2 1 3 2 0 3 2 3 4 1 3 3 2 3 1 3 3 3 2 0 2 0 3 2 3 1 0 2 1 1 1 0 1 0 2 3 3 1 1 3 3 4 2 0 1 1 3 0 1 3 0 2 1 2 1 1 0 0 4 4 1 2 2 0 3 3 2 4 2 3 2 0 3 3 0 0 0 0 0 0 0 0 0 0 
#TS30
0 2 1 2 2 3 2 3 3 0 2 3 2 1 3 3 0 4 1 2 0 1 0 1 0 0 2 1 2 2 1 2 2 3 3 1 3 4 3 3 3 3 2 4 1 2 2 0 3 2 3 1 0 3 1 1 1 0 1 0 1 2 2 2 1 1 2 3 2 1 3 2 3 0 1 3 0 1 1 2 1 1 2 3 3 4 1 1 2 0 3 3 2 4 0 3 3 0 2 3 0 0 0 0 0 0 0 0 0 0 
0 4 0 2 2 3 1 3 2 1 2 3 2 0 3 4 0 4 1 3 0 1 0 1 0 0 2 1 2 2 1 3 3 3 3 1 3 3 3 3 1 3 2 4 2 2 2 0 3 2 3 2 0 3 1 1 1 0 1 0 2 2 3 2 1 2 2 3 2 1 1 1 2 0 1 3 0 2 1 3 1 1 1 3 3 4 1 1 4 0 3 3 2 4 1 3 3 0 3 3 0 0 0 0 0 0 0 0 0 0 
#TS31
3 1 0 0 1 3 1 0 1 1 2 3 2 0 3 3 0 4 1 3 0 1 0 2 2 0 2 1 2 2 1 3 2 3 3 1 3 3 2 3 1 3 2 3 2 0 2 0 4 2 3 1 0 3 1 0 1 0 1 0 2 3 3 2 1 3 3 3 2 1 1 1 3 0 1 2 0 2 1 3 1 1 0 1 3 4 1 1 2 0 3 3 2 4 2 3 3 0 3 3 0 0 0 0 0 0 0 0 0 0 
3 1 0 0 1 3 1 0 1 1 2 3 2 0 3 3 0 4 1 3 0 1 0 2 2 0 2 1 2 2 1 3 2 3 3 1 3 3 2 3 1 3 2 3 2 0 2 0 4 2 3 1 0 3 1 0 1 0 1 0 2 3 3 2 1 3 3 3 2 1 1 1 3 0 1 2 0 2 1 3 1 1 0 1 3 4 1 1 2 0 3 3 2 4 2 3 3 0 3 3 0 0 0 0 0 0 0 0 0 0 
#TS32
0 2 3 2 1 3 1 1 1 0 2 0 2 0 3 3 0 2 1 3 4 1 1 2 1 0 1 0 0 2 1 3 3 1 0 2 2 4 1 3 3 3 2 3 3 0 2 0 3 2 3 1 0 2 0 1 0 0 4 2 2 0 3 2 1 0 4 2 1 0 1 1 2 0 1 3 0 2 1 3 2 3 0 4 3 0 1 1 3 0 3 3 2 4 4 4 3 0 3 0 0 0 0 1 0 0 0 0 0 0 
0 2 4 2 2 3 2 2 1 0 2 0 2 0 4 4 0 2 1 2 4 1 1 2 1 0 1 0 0 2 1 3 3 1 0 2 1 3 2 3 4 3 2 3 3 0 2 0 3 1 3 1 0 2 0 0 0 0 4 2 1 0 3 2 1 0 3 3 1 1 1 1 2 0 1 3 0 2 1 3 2 2 2 3 3 0 0 1 2 0 3 3 2 4 4 3 3 0 3 0 0 0 0 1 0 0 0 0 0 0 
#TS33
3 1 1 0 1 3 1 0 1 1 1 3 2 0 2 3 0 4 1 2 0 1 0 2 3 0 3 1 2 2 1 3 1 3 3 3 3 3 2 4 1 3 2 3 3 1 2 0 3 1 3 1 0 2 1 0 1 0 1 0 2 3 3 2 1 3 1 2 3 1 1 1 3 0 1 3 0 2 1 3 1 1 0 1 4 4 2 0 2 0 3 3 1 4 1 3 3 0 3 3 0 0 0 0 0 0 0 0 0 0 
2 1 0 0 1 3 2 0 0 1 2 4 2 0 3 4 0 3 3 2 0 1 0 2 3 0 2 1 2 2 1 3 1 3 3 2 3 3 2 3 1 3 2 3 2 0 2 0 3 2 3 1 0 2 1 0 0 0 1 0 1 2 3 2 1 3 2 3 2 1 1 1 2 0 0 3 0 2 1 3 1 2 0 1 2 4 2 1 2 0 3 3 2 4 1 3 3 0 3 3 0 0 0 0 0 0 0 0 0 0 
#TS34
0 2 3 1 1 3 3 2 0 0 2 3 4 0 1 4 0 3 3 3 1 1 0 2 0 0 2 1 2 1 4 3 3 2 3 0 3 3 1 3 1 3 3 3 2 0 3 0 3 2 3 1 0 3 0 1 1 0 1 1 0 4 3 2 0 2 2 3 3 4 2 1 3 1 4 3 0 1 1 3 0 1 2 3 1 4 4 0 3 0 3 0 2 4 4 1 3 0 2 3 0 0 0 0 0 0 1 0 0 0 
0 3 3 2 2 3 3 4 1 0 1 3 3 0 0 3 0 4 3 3 1 2 0 1 0 0 1 1 2 2 3 3 2 3 3 0 3 3 2 4 1 3 2 3 2 0 3 0 3 2 3 1 0 3 0 1 1 0 1 1 0 4 3 3 0 3 1 3 2 3 1 1 4 0 4 3 0 2 1 3 1 1 2 3 2 4 3 0 2 0 3 0 2 4 4 1 2 0 2 2 0 0 0 0 0 0 1 0 0 0 
#TS35
1 0 2 0 1 3 1 0 1 0 2 0 2 3 3 3 0 4 1 2 0 1 0 2 0 1 2 1 2 3 4 3 2 3 3 1 3 4 3 3 3 3 3 3 2 1 2 0 3 2 3 2 0 4 1 0 1 0 1 0 1 1 2 3 1 0 2 3 3 1 3 2 4 0 1 3 0 1 1 0 1 1 0 3 4 2 1 1 2 0 4 3 3 4 1 3 3 0 0 3 0 0 0 0 0 0 0 1 0 0 
0 0 2 0 2 3 1 0 0 0 2 0 2 2 3 3 0 4 1 3 0 1 0 1 0 0 2 1 2 2 3 3 2 3 3 1 3 4 2 3 2 3 2 3 2 1 2 0 3 2 4 1 0 3 1 0 1 0 1 0 0 1 2 3 1 0 2 4 3 1 4 2 4 0 1 3 0 1 1 0 1 1 0 3 3 2 1 1 2 0 3 3 3 4 0 3 4 0 0 3 0 0 0 0 0 0 0 1 0 0 
#TS36
3 1 0 0 1 3 1 0 1 1 2 3 2 0 3 4 0 4 1 3 0 1 0 2 2 0 2 1 2 2 1 3 2 3 3 1 3 3 2 3 1 3 2 3 2 0 2 0 3 2 3 1 0 2 1 1 1 0 1 0 2 3 3 2 1 3 2 3 2 1 1 1 3 0 1 3 0 2 1 3 1 2 0 1 3 4 1 1 2 0 3 3 2 4 2 3 3 0 3 3 0 0 0 0 0 0 0 0 1 0 
1 1 0 0 1 3 1 0 2 1 2 3 2 1 1 4 1 4 1 3 0 3 3 2 2 0 2 1 2 2 1 3 2 3 3 1 3 0 2 3 3 3 2 3 0 1 2 0 3 1 3 2 1 2 0 0 1 0 1 3 2 3 2 1 0 3 2 3 2 0 0 1 3 0 1 3 0 0 0 3 1 1 0 0 3 4 0 2 2 0 4 3 2 3 2 3 1 0 2 3 0 0 0 0 0 0 0 0 1 0 
#TS37
2 0 0 0 1 3 1 0 0 1 3 3 1 1 3 4 0 4 1 3 0 1 0 1 2 0 2 1 2 2 1 2 3 3 3 2 3 3 2 3 1 3 1 2 1 0 2 0 3 2 3 1 0 2 1 1 1 0 1 0 2 2 3 2 1 3 1 2 2 1 1 0 4 0 1 4 0 1 1 3 1 2 0 1 4 4 1 0 2 0 3 3 2 4 2 3 3 0 3 3 0 0 0 0 0 0 0 0 0 0 
3 1 0 0 1 3 1 0 1 1 2 3 2 0 3 4 1 4 1 3 0 1 0 2 2 0 2 2 3 2 1 2 2 3 3 1 3 3 2 3 1 3 3 3 2 0 2 0 3 2 3 1 0 2 1 1 1 0 1 0 2 4 3 2 1 3 3 2 2 1 1 1 3 0 1 3 0 1 1 3 2 3 0 1 3 4 1 0 2 0 3 3 2 4 2 3 3 0 3 3 0 0 0 0 0 0 0 0 0 0 
#TS38
0 3 4 3 4 4 1 4 1 0 2 1 2 0 3 4 0 2 1 3 4 1 1 2 0 0 1 0 0 2 0 3 4 0 0 2 1 3 2 3 3 3 2 3 2 0 2 0 3 1 3 1 0 2 0 0 0 0 4 2 2 0 3 2 1 1 3 2 1 1 1 0 2 0 1 3 0 2 1 3 3 3 3 4 4 0 0 1 3 0 4 3 2 4 4 3 3 0 3 0 0 0 0 0 0 0 0 0 0 0 
0 4 2 4 2 3 1 4 1 0 2 3 1 0 3 4 0 4 1 3 3 1 2 2 0 0 1 1 1 2 1 3 3 3 2 2 2 2 2 3 2 3 2 3 2 0 2 0 3 2 3 1 0 2 1 0 1 0 1 1 2 3 3 1 1 1 4 3 1 1 1 1 3 0 1 3 0 2 1 3 1 2 2 4 4 3 0 1 2 0 4 3 3 4 4 4 3 0 4 3 0 0 0 0 0 0 0 0 0 0 
#TS39
1 1 1 0 1 1 3 0 3 0 1 3 4 4 0 4 0 0 4 0 0 1 1 1 4 0 2 3 3 4 1 3 0 1 3 4 3 1 4 0 1 0 0 0 0 3 0 3 3 2 0 3 2 2 3 4 4 0 0 3 3 2 2 1 1 1 0 0 2 0 1 2 0 2 0 3 0 1 1 2 2 3 0 1 3 4 2 0 3 4 3 3 2 2 4 3 3 0 0 3 0 0 0 0 0 0 0 0 0 0 
3 1 0 0 2 2 1 1 2 0 1 4 3 2 2 4 0 1 3 0 0 1 0 2 3 2 2 4 2 4 2 3 0 3 4 2 3 2 1 1 0 1 0 0 2 2 0 2 3 2 0 3 4 0 4 4 3 0 0 0 3 2 2 2 1 2 0 1 3 0 1 1 0 2 0 4 0 1 1 3 1 2 0 1 3 4 3 0 3 3 3 3 2 4 2 3 3 0 3 3 0 0 0 0 0 0 0 0 0 0 
#TS40
0 3 3 3 2 3 3 3 1 0 1 3 2 0 2 3 0 3 1 3 0 2 0 2 1 0 2 1 2 2 1 3 2 3 3 1 3 4 1 3 1 3 3 3 2 0 3 0 3 2 3 1 0 3 0 1 0 0 2 1 1 4 3 3 0 3 2 3 2 4 2 1 3 0 1 3 0 2 1 3 1 2 2 3 2 4 2 0 2 0 2 3 2 4 3 2 3 0 3 3 0 0 0 0 0 0 0 0 0 0 
0 3 0 3 2 3 2 3 1 0 2 3 2 0 3 4 0 4 1 3 0 1 0 2 1 0 2 2 3 2 1 3 3 3 3 1 3 3 1 3 1 3 2 2 2 0 2 0 3 2 3 1 0 2 1 1 0 0 1 0 2 3 3 2 1 3 2 3 2 2 1 1 3 0 1 3 0 2 1 3 1 2 1 4 2 4 2 0 2 0 4 3 2 4 2 3 3 0 3 3 0 0 0 0 0 0 0 0 0 0 
#TS41
3 1 1 0 0 1 3 1 1 0 3 2 2 2 0 3 0 0 1 2 2 2 3 0 0 0 1 1 2 3 1 2 4 2 3 1 3 0 1 3 1 1 2 0 3 0 2 3 3 2 3 1 0 2 1 0 1 1 1 1 0 3 3 2 1 3 2 3 1 1 1 2 0 0 2 2 0 2 0 3 1 3 0 1 3 3 1 0 2 0 4 1 4 4 3 3 3 0 1 2 0 1 0 0 0 0 0 0 0 0 
2 1 0 0 0 2 4 1 1 0 2 2 2 1 0 3 0 0 1 3 2 3 3 0 0 0 1 1 2 3 0 3 3 3 3 1 3 0 1 3 2 1 2 0 3 0 2 4 3 2 3 1 0 2 1 0 0 1 1 1 0 4 3 2 1 3 2 3 2 1 1 2 0 1 2 3 0 2 0 3 1 3 0 1 3 3 1 0 2 0 4 2 2 4 3 3 3 0 1 2 0 1 0 0 0 0 0 0 0 0 
#TS42
3 0 0 0 0 3 1 0 1 1 2 3 2 1 3 4 0 4 1 3 0 1 0 2 2 0 3 1 2 2 1 3 2 3 3 2 3 3 2 3 1 3 2 3 3 0 2 0 3 1 3 1 0 1 1 1 1 0 1 0 2 3 3 2 1 3 1 3 2 1 1 1 2 0 1 3 0 2 1 3 1 1 0 1 3 4 2 0 1 0 3 3 2 4 2 3 3 0 3 3 0 0 0 0 0 0 0 0 0 0 
2 1 1 0 1 3 1 1 0 1 2 3 2 1 3 4 0 4 1 3 0 1 1 2 2 0 1 1 2 2 1 3 3 3 3 3 3 3 2 3 1 3 2 3 2 0 2 0 3 2 3 1 0 1 1 2 1 0 1 0 2 3 3 1 1 3 1 3 2 1 1 1 3 0 1 4 0 2 1 3 1 2 0 2 3 4 2 0 2 0 3 3 2 4 1 3 3 0 3 3 0 0 0 0 0 0 0 0 0 0 
#TS43
3 0 0 0 0 1 3 1 2 0 2 2 2 2 0 4 0 0 1 3 2 3 4 0 0 0 2 0 3 3 1 2 3 3 3 2 3 0 1 3 2 1 2 0 3 0 2 3 4 2 3 1 0 2 0 1 0 1 1 1 0 3 3 2 1 3 3 3 2 1 0 2 1 0 3 3 0 2 0 3 2 2 0 0 4 3 1 0 4 0 3 1 3 4 3 4 3 0 1 2 0 1 0 0 0 0 0 0 0 0 
4 1 0 0 1 1 3 1 3 0 3 1 2 2 0 3 0 0 1 3 2 3 3 0 0 0 1 0 4 3 0 3 4 3 3 1 3 0 1 3 2 1 2 0 2 0 2 3 3 2 3 1 0 2 0 1 0 1 2 1 0 3 4 1 0 3 3 4 2 1 1 2 0 0 2 3 0 2 0 4 1 2 0 0 4 3 1 0 2 0 3 2 3 4 3 3 3 0 1 2 0 1 0 0 0 0 0 0 0 0 
#TS44
2 1 1 0 1 3 2 0 1 0 1 3 3 2 2 4 0 1 1 2 0 1 1 2 3 0 1 1 2 3 1 3 1 1 3 1 3 0 4 3 1 3 1 3 0 0 1 0 3 2 3 1 0 2 0 1 1 0 1 3 1 3 3 2 1 1 2 1 2 1 1 2 2 0 1 3 0 2 1 3 2 4 0 1 3 4 1 1 2 0 3 3 2 3 2 3 3 0 1 2 0 0 1 0 0 0 0 0 0 0 
1 1 0 0 1 3 3 0 2 1 0 3 4 3 2 4 0 0 3 3 0 1 2 1 3 0 2 1 3 2 1 3 1 1 3 1 3 0 3 3 1 2 1 1 0 1 1 1 3 1 3 1 0 3 1 1 1 0 1 3 1 3 3 2 1 1 1 0 2 1 1 3 1 0 2 3 0 2 1 3 3 3 0 1 2 4 1 0 2 1 3 3 2 3 4 3 3 0 0 3 0 0 1 0 0 0 0 0 0 0 
#TS45
3 1 0 0 1 3 1 0 1 1 3 3 1 0 4 3 0 4 1 3 0 1 0 1 2 0 2 1 2 2 1 2 2 3 3 1 3 3 2 3 2 3 2 3 1 0 2 0 3 2 3 1 0 2 1 1 1 0 1 0 2 3 3 2 1 2 3 4 2 1 1 1 2 0 1 3 0 1 1 3 0 1 0 1 3 4 1 1 2 0 3 3 1 4 2 4 3 0 3 3 0 0 0 0 0 0 0 0 0 0 
3 1 0 0 1 3 1 0 1 1 2 3 1 0 3 3 0 4 1 3 0 1 0 1 2 0 2 1 2 2 1 3 2 3 3 1 3 4 1 3 1 3 2 3 2 0 2 0 3 2 4 1 0 2 0 1 0 0 1 0 1 4 3 1 1 3 2 4 2 1 1 1 3 0 1 2 0 2 1 4 1 2 0 1 3 4 1 1 3 0 3 3 2 4 1 3 3 0 3 3 0 0 0 0 0 0 0 0 0 0 
#TS46
0 2 4 2 2 3 2 1 3 1 2 3 2 2 4 4 0 4 1 3 0 1 2 0 0 0 2 0 0 3 0 2 3 0 3 0 3 3 3 3 3 3 2 3 2 0 2 0 3 1 3 1 1 3 1 1 1 3 1 0 2 4 4 1 0 3 2 3 1 2 2 4 3 0 1 3 0 1 1 3 1 4 3 4 3 4 1 1 2 0 3 3 3 4 3 1 2 0 3 3 1 0 0 0 0 0 0 0 0 0 
0 3 2 2 2 3 1 2 4 1 2 3 2 2 3 4 0 4 1 3 1 1 2 0 0 0 4 0 0 2 0 2 4 0 4 1 3 3 3 3 3 3 2 3 1 0 2 0 3 1 4 1 0 3 1 2 1 4 1 0 2 4 3 1 0 4 2 2 1 2 2 3 3 0 1 2 0 2 1 3 1 4 4 3 4 4 1 1 2 0 3 4 3 4 4 1 3 0 3 3 1 0 0 0 0 0 0 0 0 0 
#TS47
0 1 0 0 1 2 4 0 2 0 0 3 4 4 1 4 0 0 2 2 0 1 1 1 3 0 0 1 3 3 1 3 0 1 3 2 4 1 4 1 0 0 0 0 0 3 0 2 3 1 3 2 1 2 1 3 3 0 0 4 2 2 2 2 1 0 1 0 2 1 1 2 0 0 1 3 0 2 1 3 3 4 0 2 3 4 1 0 3 3 3 3 2 2 4 3 3 0 0 3 0 0 1 0 0 0 0 0 0 0 
1 1 0 0 1 2 3 1 3 1 1 3 3 3 1 4 0 0 2 1 0 2 1 1 3 0 0 2 2 4 2 3 0 0 3 3 4 0 4 0 1 0 0 0 0 3 0 3 3 2 1 2 1 2 1 3 3 0 0 4 2 1 1 1 1 0 1 0 2 1 0 2 0 0 0 3 0 1 0 3 3 3 0 1 3 4 2 0 2 3 3 3 2 2 4 3 3 0 0 3 0 0 1 0 0 0 0 0 0 0 
#TS48
2 1 0 0 0 3 1 0 0 0 2 3 2 1 3 4 0 4 1 3 0 1 0 2 2 0 2 1 2 2 1 2 2 3 4 1 3 3 2 3 1 3 2 3 2 0 2 0 3 2 3 1 0 2 1 1 1 0 1 0 2 3 3 2 1 2 2 4 2 1 1 1 3 0 1 3 0 2 1 2 1 1 0 1 3 4 0 1 3 0 3 3 2 4 2 4 3 0 3 3 0 0 0 0 0 0 0 0 0 0 
3 1 0 0 1 3 1 0 1 1 3 3 1 0 4 3 0 4 1 3 0 1 0 1 2 0 2 1 2 2 1 2 2 3 3 1 3 3 2 3 2 3 2 3 1 0 2 0 3 2 3 1 0 2 1 1 1 0 1 0 2 3 3 2 1 2 3 4 2 1 1 1 2 0 1 3 0 1 1 3 0 1 0 1 3 4 1 1 2 0 3 3 1 4 2 4 3 0 3 3 0 0 0 0 0 0 0 0 0 0 
#TS49
0 2 4 2 2 3 2 2 1 0 2 0 2 0 4 4 0 2 1 2 4 1 1 2 1 0 1 0 0 2 1 3 3 1 0 2 1 3 2 3 4 3 2 3 3 0 2 0 3 1 3 1 0 2 0 0 0 0 4 2 1 0 3 2 1 0 3 3 1 1 1 1 2 0 1 3 0 2 1 3 2 2 2 3 3 0 0 1 2 0 3 3 2 4 4 3 3 0 3 0 0 0 0 1 0 0 0 0 0 0 
0 3 4 3 3 3 1 3 1 0 2 0 1 0 3 3 0 2 1 2 3 1 1 1 0 0 2 0 0 2 0 3 4 0 0 1 1 3 2 3 4 4 2 3 3 0 2 0 3 2 3 1 0 3 0 0 0 0 3 2 2 0 3 1 1 0 4 2 1 1 1 0 2 0 1 3 0 2 1 3 3 4 2 4 3 0 0 1 3 0 3 3 2 4 3 3 2 0 3 0 0 0 0 1 0 0 0 0 0 0 
#TS50
3 1 0 0 1 3 1 0 1 1 2 3 2 0 3 4 0 4 1 3 0 1 0 2 2 0 2 1 2 2 1 3 2 3 3 1 3 3 2 3 1 3 2 3 2 0 2 0 3 2 3 1 0 2 1 1 1 0 1 0 2 3 3 2 1 3 2 3 2 1 1 1 3 0 1 3 0 2 1 3 1 2 0 1 3 4 1 1 2 0 3 3 2 4 2 3 3 0 3 3 0 0 0 0 0 0 0 1 0 0 
3 0 0 0 1 3 1 0 2 0 2 1 2 2 3 4 0 4 1 3 1 1 0 2 2 0 3 0 2 2 4 3 2 4 3 1 3 4 2 3 2 3 2 3 2 0 3 0 3 2 3 1 0 2 1 0 1 0 0 0 0 2 2 3 1 1 3 4 2 1 2 1 3 0 1 3 0 1 1 0 1 1 0 1 4 3 1 1 2 0 3 3 2 4 2 3 2 0 1 3 0 0 0 0 0 0 0 1 0 0 
#TS51
2 3 0 0 1 2 0 0 1 1 3 1 2 0 0 4 0 4 1 0 0 3 3 3 0 0 2 1 4 3 1 3 2 3 3 1 3 0 0 4 3 2 0 3 0 4 1 4 3 0 3 1 0 2 0 0 0 0 2 4 1 2 1 2 0 3 2 3 3 0 0 1 3 0 1 3 0 0 1 2 1 0 0 0 3 4 0 4 2 4 3 3 2 1 0 3 0 0 2 3 0 0 0 0 0 0 0 0 1 0 
2 1 0 0 1 2 0 0 2 1 2 2 1 0 0 3 1 4 1 0 0 2 2 3 0 0 2 1 4 3 0 3 3 3 3 1 3 0 0 4 4 1 0 3 0 4 2 4 3 0 4 1 0 2 0 0 0 0 2 3 2 2 1 2 0 4 3 3 4 0 0 0 3 0 1 3 0 0 0 3 1 0 0 0 3 4 0 3 1 4 2 3 2 1 0 3 0 0 2 3 0 0 0 0 0 0 0 0 1 0 
#TS52
0 2 2 4 1 3 0 1 2 1 2 3 0 3 4 4 0 2 0 3 4 0 2 2 2 0 0 0 0 3 0 1 4 3 3 2 3 3 2 1 1 3 3 2 2 0 2 0 2 3 1 0 2 3 2 2 0 1 0 1 0 3 4 1 1 3 3 4 1 3 1 1 4 0 3 3 0 1 1 3 1 2 0 4 0 4 2 3 2 1 3 3 2 0 3 3 1 1 3 3 0 0 0 0 0 0 0 0 0 1 
0 3 2 3 2 3 0 1 2 1 2 3 0 2 4 3 0 2 0 2 4 0 3 2 2 0 0 0 0 2 0 1 4 4 3 3 3 3 2 1 1 3 4 3 1 0 2 0 1 3 1 0 3 4 2 3 0 1 0 0 1 4 3 0 1 4 3 4 2 3 0 2 4 0 2 4 0 2 1 3 2 3 0 4 0 4 2 2 1 0 3 3 2 0 4 3 1 1 4 3 0 0 0 0 0 0 0 0 0 1 
#TS53
2 2 0 0 1 3 0 1 2 1 2 3 2 0 3 3 0 3 1 1 0 1 0 2 4 0 2 1 2 3 1 3 2 3 3 1 3 3 2 3 1 3 2 3 2 2 2 0 3 2 4 2 0 2 1 1 1 0 1 0 2 2 1 2 1 3 2 3 2 2 0 0 2 0 1 4 0 2 1 2 1 1 0 1 2 4 1 1 2 0 3 3 2 4 0 3 3 0 3 3 0 0 0 0 0 0 0 0 0 0 
3 1 0 0 1 3 0 0 1 1 2 3 2 0 3 4 0 4 1 1 0 1 0 2 2 0 2 1 2 3 1 3 2 3 3 0 3 4 2 3 1 3 2 3 3 1 2 0 3 2 3 1 0 2 1 0 1 0 0 0 2 2 1 2 1 3 2 4 2 1 0 0 2 0 1 3 0 2 1 3 1 2 0 0 2 4 1 1 2 0 3 3 2 4 1 3 3 0 3 3 0 0 0 0 0 0 0 0 0 0 
#TS54
3 0 0 0 0 1 4 0 1 0 3 3 2 1 0 4 0 0 1 4 2 3 3 0 0 0 1 0 3 3 0 3 3 2 3 1 3 0 1 4 2 1 2 0 2 0 2 3 3 2 3 1 0 2 1 1 0 1 1 0 0 4 4 2 1 4 2 4 1 1 0 2 0 0 3 3 0 2 0 3 1 3 0 0 3 4 1 0 1 0 3 1 3 4 3 3 2 0 1 2 0 1 0 0 0 0 0 0 0 0 
3 1 1 0 0 1 3 1 1 0 3 2 2 2 0 3 0 0 1 2 2 2 3 0 0 0 1 1 2 3 1 2 4 2 3 1 3 0 1 3 1 1 2 0 3 0 2 3 3 2 3 1 0 2 1 0 1 1 1 1 0 3 3 2 1 3 2 3 1 1 1 2 0 0 2 2 0 2 0 3 1 3 0 1 3 3 1 0 2 0 4 1 4 4 3 3 3 0 1 2 0 1 0 0 0 0 0 0 0 0 
#TS55
3 1 0 0 0 3 1 0 1 0 0 3 3 2 2 3 0 3 1 2 0 1 0 2 3 2 3 3 3 2 0 2 0 2 3 2 3 2 1 3 0 3 1 2 2 1 2 0 3 2 2 3 2 0 2 3 2 0 0 0 2 2 2 2 0 2 0 2 2 1 1 1 3 0 0 4 0 1 1 2 0 0 0 0 3 4 3 0 2 1 3 3 2 4 1 3 3 0 3 3 0 0 0 0 0 0 0 0 0 0 
3 0 1 0 1 3 1 0 1 0 1 4 2 1 3 4 0 2 1 2 0 1 0 2 3 1 3 2 2 2 1 3 1 2 3 3 3 3 1 3 0 3 2 2 3 1 2 0 3 2 3 1 1 1 1 1 2 0 1 0 2 2 3 2 1 3 1 2 2 1 1 1 3 0 1 3 0 1 0 3 1 1 0 0 4 4 3 0 2 0 3 3 2 4 0 3 3 0 3 3 0 0 0 0 0 0 0 0 0 0 
#TS56
0 3 0 3 2 3 2 3 1 0 2 3 2 0 3 4 0 4 1 3 0 1 0 2 1 0 2 2 3 2 1 3 3 3 3 1 3 3 1 3 1 3 2 2 2 0 2 0 3 2 3 1 0 2 1 1 0 0 1 0 2 3 3 2 1 3 2 3 2 2 1 1 3 0 1 3 0 2 1 3 1 2 1 4 2 4 2 0 2 0 4 3 2 4 2 3 3 0 3 3 0 0 0 0 0 0 0 0 0 0 
1 3 0 1 2 3 1 3 1 0 2 3 2 0 3 4 0 4 1 3 0 1 0 2 2 0 1 1 2 2 1 3 2 3 3 2 3 3 2 3 1 3 2 3 2 0 2 0 3 2 3 1 0 2 1 1 1 0 1 0 2 3 3 2 1 2 1 3 2 2 1 1 3 0 1 3 0 2 1 2 1 2 0 3 3 4 2 0 2 0 3 3 2 4 2 3 3 0 3 3 0 0 0 0 0 0 0 0 0 0 
#TS57
3 0 0 0 1 3 1 0 1 1 2 3 2 0 3 3 0 4 1 4 0 1 0 2 2 0 2 1 2 2 1 3 2 3 3 1 3 4 2 3 1 3 2 3 2 0 2 0 3 2 3 1 0 2 1 1 1 0 1 0 2 3 3 2 1 4 2 3 2 1 1 1 3 0 1 3 0 2 1 3 1 1 0 2 4 4 1 1 2 0 3 2 2 4 2 3 3 0 3 3 0 0 0 0 0 0 0 0 0 0 
3 1 0 0 1 3 1 0 1 1 2 3 2 0 3 4 0 4 1 2 0 1 0 2 2 1 2 1 2 2 1 3 2 3 3 1 3 3 2 3 1 3 2 3 2 1 2 0 3 2 3 1 0 2 1 0 1 0 1 0 3 3 4 2 1 3 2 3 2 1 1 1 3 0 1 3 0 2 1 3 1 1 0 1 4 4 1 1 2 0 3 3 2 4 1 3 3 0 3 3 0 0 0 0 0 0 0 0 0 0 
#TS58
3 1 0 0 1 3 1 0 2 1 2 3 2 0 3 4 0 4 1 3 0 2 0 2 2 0 2 1 2 2 2 2 3 3 3 1 3 4 2 3 1 3 3 3 2 0 2 0 3 2 3 1 0 2 1 1 1 0 1 0 2 3 3 1 1 3 2 3 2 1 1 1 4 0 1 4 0 2 1 3 1 2 0 1 3 4 2 0 2 0 3 3 2 4 2 3 3 0 3 3 0 0 0 0 0 0 0 0 0 0 
3 1 1 0 1 3 1 0 1 1 2 3 2 0 3 3 0 4 1 3 0 1 0 2 2 0 1 1 2 2 2 3 2 3 2 1 3 3 2 3 1 3 2 4 2 0 2 0 3 2 3 1 0 2 1 1 1 0 1 0 2 3 3 2 1 3 2 3 2 1 1 1 3 0 1 3 0 2 1 3 1 2 0 1 3 4 1 1 2 0 3 3 2 4 2 4 3 0 3 3 0 0 0 0 0 0 0 0 0 0 
#TS59
0 3 2 1 3 3 2 2 1 0 1 3 2 1 1 3 0 2 4 0 0 1 0 2 3 0 2 1 2 3 1 3 2 3 3 0 3 3 1 3 1 3 2 3 2 4 2 0 3 4 2 1 0 3 1 0 1 0 1 0 2 2 1 2 0 3 2 4 2 3 1 1 3 0 2 3 0 1 1 2 2 0 1 1 1 4 3 0 2 0 3 3 2 2 0 2 3 0 2 3 0 0 0 0 0 0 0 0 0 0 
0 3 0 0 2 3 1 3 2 0 1 3 2 0 4 3 0 3 2 0 0 1 0 2 3 1 2 1 2 3 1 3 1 3 3 1 3 3 1 3 1 3 2 3 2 4 3 0 3 2 3 2 0 2 1 0 1 0 0 0 3 2 1 2 0 3 2 3 2 3 1 1 2 0 1 3 0 2 1 2 1 1 0 1 2 4 1 0 2 0 3 2 2 3 0 3 3 0 3 3 0 0 0 0 0 0 0 0 0 0 
#TS60
3 1 0 0 1 3 1 0 1 1 2 3 2 0 3 3 0 4 1 3 0 2 0 2 3 0 2 1 2 2 1 3 2 2 3 1 3 2 2 3 1 3 2 3 1 0 2 0 3 1 3 1 0 2 1 0 1 0 1 0 2 3 3 2 1 3 2 3 3 1 1 1 3 0 1 3 0 2 1 2 1 2 0 1 3 3 1 1 2 0 3 2 2 4 2 3 3 0 4 2 0 0 0 0 0 0 0 0 0 0 
3 1 0 0 1 3 1 0 1 1 2 3 2 0 3 3 0 4 1 3 0 1 0 2 2 0 2 1 2 2 1 3 2 3 3 1 3 3 2 3 1 3 2 3 2 0 2 0 4 2 3 1 0 3 1 0 1 0 1 0 2 3 3 2 1 3 3 3 2 1 1 1 3 0 1 2 0 2 1 3 1 1 0 1 3 4 1 1 2 0 3 3 2 4 2 3 3 0 3 3 0 0 0 0 0 0 0 0 0 0 
#TS61
3 1 0 0 1 3 1 0 2 1 2 3 1 0 2 4 0 4 1 2 0 2 0 2 2 0 1 2 2 2 1 2 2 3 3 1 3 3 2 3 1 3 1 3 2 1 2 0 3 2 3 1 0 2 1 0 1 0 1 0 2 3 3 2 1 3 3 4 2 1 1 1 2 0 1 3 0 2 1 2 1 2 0 1 3 4 1 1 2 0 4 3 2 4 3 3 3 0 3 3 0 0 0 0 0 0 0 0 0 0 
3 1 0 0 1 3 1 0 2 1 1 3 1 0 3 3 0 4 1 2 0 1 0 2 2 0 1 1 3 2 1 3 2 3 3 1 3 3 2 3 1 3 2 3 3 0 2 0 3 2 3 2 0 2 1 1 1 0 1 0 2 3 3 3 1 3 3 3 2 1 1 1 3 0 1 3 0 2 1 3 2 1 0 0 3 4 1 1 2 0 3 4 3 4 2 3 3 0 3 3 0 0 0 0 0 0 0 0 0 0 
#TS62
1 3 0 1 2 3 1 3 1 0 2 3 2 0 3 4 0 4 1 3 0 1 0 2 2 0 1 1 2 2 1 3 2 3 3 2 3 3 2 3 1 3 2 3 2 0 2 0 3 2 3 1 0 2 1 1 1 0 1 0 2 3 3 2 1 2 1 3 2 2 1 1 3 0 1 3 0 2 1 2 1 2 0 3 3 4 2 0 2 0 3 3 2 4 2 3 3 0 3 3 0 0 0 0 0 0 0 0 0 0 
3 2 0 0 2 3 1 1 2 0 2 3 2 0 3 3 0 4 1 3 0 2 1 1 2 0 1 1 2 2 1 3 2 3 3 2 3 3 2 3 1 3 2 2 2 0 2 0 3 2 3 1 0 2 1 1 1 0 1 0 2 3 3 2 0 3 2 3 2 1 1 1 3 0 1 3 0 2 1 2 1 2 0 2 2 4 2 0 2 0 3 2 2 4 2 3 3 0 3 3 0 0 0 0 0 0 0 0 0 0 
#TS63
3 1 1 1 1 3 1 0 1 1 2 3 1 2 3 3 0 3 1 3 0 1 2 2 2 0 2 0 2 3 1 3 3 4 3 1 3 3 2 2 1 3 3 3 2 0 2 0 3 1 4 1 0 3 1 2 0 0 1 1 0 4 3 2 1 2 4 3 2 1 0 2 3 0 1 4 0 2 1 3 0 3 0 3 3 4 2 2 2 0 3 3 2 1 2 3 2 0 3 3 0 0 0 0 0 0 0 0 0 1 
1 1 2 1 1 3 1 1 1 1 2 3 1 2 3 4 0 3 1 3 2 1 2 2 2 0 1 0 2 4 1 2 2 4 3 2 3 2 2 3 1 3 3 3 1 0 2 0 1 3 3 0 0 3 1 1 0 0 1 1 0 3 4 2 1 3 4 4 2 1 1 2 4 0 2 3 0 2 1 3 0 3 0 3 3 4 1 3 2 0 3 3 2 0 3 4 1 1 3 3 0 0 0 0 0 0 0 0 0 1 
#TS64
1 1 0 0 2 3 3 1 1 0 0 3 4 4 1 3 0 0 3 1 0 1 1 1 4 1 2 3 2 4 1 2 0 0 3 4 4 1 4 0 0 0 0 0 0 3 0 3 3 2 0 4 4 2 3 3 3 0 0 3 3 1 2 2 1 0 0 0 2 1 1 2 0 3 0 3 0 1 0 4 3 4 0 1 3 4 2 0 2 4 3 4 3 2 4 3 3 0 0 3 0 0 1 0 0 0 0 0 0 0 
1 1 1 0 1 1 3 0 3 0 1 3 4 4 0 4 0 0 4 0 0 1 1 1 4 0 2 3 3 4 1 3 0 1 3 4 3 1 4 0 1 0 0 0 0 3 0 3 3 2 0 3 2 2 3 4 4 0 0 3 3 2 2 1 1 1 0 0 2 0 1 2 0 2 0 3 0 1 1 2 2 3 0 1 3 4 2 0 3 4 3 3 2 2 4 3 3 0 0 3 0 0 0 0 0 0 0 0 0 0 
#TS65
2 1 1 0 1 3 3 2 0 0 2 3 3 0 1 3 0 3 1 2 1 1 0 2 0 0 2 1 2 2 2 3 2 3 3 0 4 4 1 3 1 3 2 3 2 0 2 0 3 2 3 0 0 2 0 1 0 0 1 1 0 4 3 3 0 3 2 3 2 3 2 1 3 0 4 3 0 2 1 3 1 2 2 2 2 4 4 0 2 0 3 0 2 4 4 1 3 0 2 3 0 0 0 0 0 0 1 0 0 0 
1 1 2 0 2 3 4 2 1 0 2 3 3 0 1 3 0 3 2 3 1 2 0 3 0 0 1 1 2 2 2 3 2 3 3 0 3 3 1 3 1 3 2 4 2 0 3 0 3 2 3 0 0 3 0 0 0 0 1 2 0 4 3 2 0 3 2 3 3 4 2 1 3 0 4 3 0 2 1 3 1 1 2 3 1 4 4 0 2 0 3 0 1 3 3 1 3 0 2 3 0 0 0 0 0 0 1 0 0 0 
#TS66
0 3 2 3 2 3 0 1 2 1 2 3 0 2 4 3 0 2 0 2 4 0 3 2 2 0 0 0 0 2 0 1 4 4 3 3 3 3 2 1 1 3 4 3 1 0 2 0 1 3 1 0 3 4 2 3 0 1 0 0 1 4 3 0 1 4 3 4 2 3 0 2 4 0 2 4 0 2 1 3 2 3 0 4 0 4 2 2 1 0 3 3 2 0 4 3 1 1 4 3 0 0 0 0 0 0 0 0 0 1 
1 2 2 4 1 3 1 2 1 1 2 4 0 3 4 4 1 2 0 3 4 0 2 2 2 0 0 0 0 4 0 1 3 4 3 3 3 3 1 2 1 3 4 3 1 0 2 0 1 4 1 0 2 4 2 2 0 2 0 0 0 4 3 1 1 3 3 3 1 3 0 1 4 0 2 3 0 1 1 3 1 2 0 4 0 4 3 3 1 0 3 3 2 0 4 3 1 0 3 3 0 0 0 0 0 0 0 0 0 1 
#TS67
0 3 4 3 3 3 1 3 1 0 2 0 1 0 3 3 0 2 1 2 3 1 1 1 0 0 2 0 0 2 0 3 4 0 0 1 1 3 2 3 4 4 2 3 3 0 2 0 3 2 3 1 0 3 0 0 0 0 3 2 2 0 3 1 1 0 4 2 1 1 1 0 2 0 1 3 0 2 1 3 3 4 2 4 3 0 0 1 3 0 3 3 2 4 3 3 2 0 3 0 0 0 0 1 0 0 0 0 0 0 
0 3 3 4 4 3 1 4 3 0 2 0 1 0 3 3 0 2 1 3 3 1 2 3 0 0 2 0 0 2 0 3 4 1 0 1 0 4 2 3 3 3 2 3 3 0 3 0 3 2 3 1 0 2 0 0 0 0 4 2 2 0 3 1 1 0 4 2 1 1 1 0 3 0 1 3 0 2 1 2 4 3 3 4 3 0 0 1 2 0 3 3 2 3 4 3 3 0 3 0 0 0 0 1 0 0 0 0 0 0 
#TS68
3 1 0 0 1 3 1 0 1 1 2 3 2 0 2 3 0 4 1 3 0 2 0 2 2 0 1 2 2 2 1 3 2 3 3 1 3 3 2 3 1 3 2 3 2 0 2 0 3 2 3 1 0 2 1 0 1 0 1 0 3 3 3 1 1 3 2 3 2 1 1 1 3 0 1 3 0 1 0 3 1 2 0 1 2 4 1 1 2 0 4 3 2 4 2 3 3 0 3 3 0 0 0 0 0 0 0 0 0 0 
3 1 0 0 1 3 1 0 1 1 2 3 2 0 2 3 0 4 1 3 0 2 0 2 2 0 1 2 2 2 1 3 2 3 3 1 3 3 2 3 1 3 2 3 2 0 2 0 3 2 3 1 0 2 1 0 1 0 1 0 3 3 3 1 1 3 2 3 2 1 1 1 3 0 1 3 0 1 0 3 1 2 0 1 2 4 1 1 2 0 4 3 2 4 2 3 3 0 3 3 0 0 0 0 0 0 0 0 0 0 
#TS69
1 1 1 0 1 3 1 0 0 0 2 1 2 1 4 3 1 3 1 3 0 1 0 2 2 0 1 0 0 2 1 3 3 1 0 1 3 4 2 3 3 3 2 3 1 0 2 0 3 1 3 2 0 1 0 0 1 0 3 2 2 0 3 2 1 1 3 3 2 1 1 0 2 0 1 3 0 2 1 2 2 3 0 3 4 0 1 1 2 0 3 3 2 4 3 3 3 0 3 0 0 0 0 1 0 0 0 0 0 0 
2 1 1 0 1 3 1 1 1 0 2 0 2 1 3 4 0 2 1 3 1 1 0 2 1 0 1 0 0 2 0 3 4 1 0 2 1 2 2 3 3 2 2 3 2 0 2 0 3 1 3 1 0 2 0 1 1 0 4 3 2 0 4 2 1 0 3 2 2 1 2 1 2 0 1 4 0 1 1 2 2 3 0 3 4 0 1 1 3 0 3 3 2 4 3 3 3 0 3 0 0 0 0 1 0 0 0 0 0 0 
#TS70
0 1 4 2 2 3 3 3 1 0 2 2 0 0 2 3 0 4 0 2 1 1 3 2 0 0 3 1 1 3 2 3 2 3 0 3 1 4 2 3 4 3 2 3 0 0 2 0 3 0 3 0 0 4 0 1 0 2 1 1 2 3 2 2 1 3 3 1 4 3 1 1 3 0 2 3 0 1 1 3 1 2 1 3 2 4 1 0 3 3 3 3 2 2 2 4 3 0 2 1 0 0 0 0 1 0 0 0 0 0 
0 2 3 3 3 3 4 2 0 0 1 2 0 0 2 3 1 4 0 2 4 1 4 2 0 0 2 2 1 3 1 3 2 3 0 3 1 4 2 4 4 3 2 3 0 0 2 0 3 0 3 0 0 3 0 2 0 3 1 1 1 3 2 2 1 2 1 1 4 3 1 1 3 0 3 3 0 2 1 3 1 1 1 4 3 4 0 0 3 3 3 3 2 3 2 3 3 0 3 1 0 0 0 0 1 0 0 0 0 0 
#TS71
1 1 0 0 1 3 1 0 0 1 2 3 2 0 3 4 1 4 1 3 0 1 1 2 2 0 2 1 2 2 1 4 2 2 3 1 3 3 2 3 1 3 2 4 2 0 2 0 3 2 2 1 0 2 1 2 1 0 1 0 2 3 3 2 2 3 2 3 2 1 1 1 3 0 1 3 0 2 1 3 0 2 0 1 4 4 2 0 2 0 3 3 2 4 2 3 3 0 3 3 0 0 0 0 0 0 0 0 0 0 
3 0 0 0 1 3 1 0 1 1 2 3 2 0 3 3 0 4 1 4 0 1 0 2 2 0 2 1 2 2 1 3 2 3 3 1 3 4 2 3 1 3 2 3 2 0 2 0 3 2 3 1 0 2 1 1 1 0 1 0 2 3 3 2 1 4 2 3 2 1 1 1 3 0 1 3 0 2 1 3 1 1 0 2 4 4 1 1 2 0 3 2 2 4 2 3 3 0 3 3 0 0 0 0 0 0 0 0 0 0 
#TS72
3 2 0 0 2 3 1 1 2 0 2 3 2 0 3 3 0 4 1 3 0 2 1 1 2 0 1 1 2 2 1 3 2 3 3 2 3 3 2 3 1 3 2 2 2 0 2 0 3 2 3 1 0 2 1 1 1 0 1 0 2 3 3 2 0 3 2 3 2 1 1 1 3 0 1 3 0 2 1 2 1 2 0 2 2 4 2 0 2 0 3 2 2 4 2 3 3 0 3 3 0 0 0 0 0 0 0 0 0 0 
3 1 0 0 1 3 1 0 2 1 2 3 2 0 3 4 0 4 1 3 0 2 0 2 2 0 2 1 2 2 2 2 3 3 3 1 3 4 2 3 1 3 3 3 2 0 2 0 3 2 3 1 0 2 1 1 1 0 1 0 2 3 3 1 1 3 2 3 2 1 1 1 4 0 1 4 0 2 1 3 1 2 0 1 3 4 2 0 2 0 3 3 2 4 2 3 3 0 3 3 0 0 0 0 0 0 0 0 0 0 
#TS73
3 1 0 0 1 3 2 1 2 0 2 3 2 0 1 3 0 4 1 2 0 1 0 2 1 0 2 1 2 2 2 3 3 3 3 0 3 4 2 3 1 3 2 3 2 0 2 0 3 2 3 1 0 2 0 1 1 0 1 1 0 3 2 1 0 3 2 4 2 1 1 1 3 0 4 3 0 2 1 2 1 2 1 1 3 4 1 1 2 0 3 0 2 4 4 1 3 0 3 3 0 0 0 0 0 0 1 0 0 0 
3 1 0 0 1 3 2 1 1 0 4 3 2 0 1 4 0 3 1 2 0 1 0 2 0 0 1 1 3 2 3 3 2 3 3 0 3 3 2 3 1 4 2 3 1 0 3 0 3 2 3 1 0 2 0 1 1 0 1 1 0 3 3 2 0 3 2 3 2 2 1 1 4 0 3 4 0 2 1 3 1 1 2 1 3 4 1 0 2 0 3 0 2 3 3 1 3 0 2 3 0 0 0 0 0 0 1 0 0 0 
#TS74
1 2 0 0 1 3 0 0 2 1 2 2 2 0 0 3 0 4 1 1 0 4 2 3 0 0 2 1 3 3 1 3 2 3 3 1 3 0 0 4 3 1 0 3 0 4 2 4 3 0 2 1 0 2 0 0 0 0 2 3 1 1 0 2 0 4 2 3 4 0 0 1 3 0 1 3 0 0 1 2 2 0 0 0 4 4 0 3 2 4 3 3 2 2 0 3 0 0 2 2 0 0 0 0 0 0 0 0 1 0 
2 3 0 0 1 2 0 0 1 1 3 1 2 0 0 4 0 4 1 0 0 3 3 3 0 0 2 1 4 3 1 3 2 3 3 1 3 0 0 4 3 2 0 3 0 4 1 4 3 0 3 1 0 2 0 0 0 0 2 4 1 2 1 2 0 3 2 3 3 0 0 1 3 0 1 3 0 0 1 2 1 0 0 0 3 4 0 4 2 4 3 3 2 1 0 3 0 0 2 3 0 0 0 0 0 0 0 0 1 0 
#TS75
1 1 1 0 1 3 3 0 2 0 1 3 4 4 2 4 0 0 2 3 0 1 2 1 3 0 1 1 2 4 1 2 1 1 3 2 3 0 4 1 0 1 1 1 0 2 0 1 3 2 3 1 0 3 1 2 0 0 1 3 1 2 3 2 1 1 1 0 2 1 1 1 1 0 1 3 0 2 0 2 4 4 0 2 3 4 1 0 2 2 3 3 2 2 4 3 3 0 0 3 0 0 1 0 0 0 0 0 0 0 
0 1 0 0 1 2 4 0 2 0 0 3 4 4 1 4 0 0 2 2 0 1 1 1 3 0 0 1 3 3 1 3 0 1 3 2 4 1 4 1 0 0 0 0 0 3 0 2 3 1 3 2 1 2 1 3 3 0 0 4 2 2 2 2 1 0 1 0 2 1 1 2 0 0 1 3 0 2 1 3 3 4 0 2 3 4 1 0 3 3 3 3 2 2 4 3 3 0 0 3 0 0 1 0 0 0 0 0 0 0 
#TS76
3 1 0 0 1 3 1 0 1 1 2 3 2 0 3 4 1 4 1 3 0 1 0 2 2 0 2 2 3 2 1 2 2 3 3 1 3 3 2 3 1 3 3 3 2 0 2 0 3 2 3 1 0 2 1 1 1 0 1 0 2 4 3 2 1 3 3 2 2 1 1 1 3 0 1 3 0 1 1 3 2 3 0 1 3 4 1 0 2 0 3 3 2 4 2 3 3 0 3 3 0 0 0 0 0 0 0 0 0 0 
3 1 0 0 1 3 1 0 1 1 2 3 2 0 3 4 1 4 1 3 0 1 0 2 2 0 2 2 3 2 1 2 2 3 3 1 3 3 2 3 1 3 3 3 2 0 2 0 3 2 3 1 0 2 1 1 1 0 1 0 2 4 3 2 1 3 3 2 2 1 1 1 3 0 1 3 0 1 1 3 2 3 0 1 3 4 1 0 2 0 3 3 2 4 2 3 3 0 3 3 0 0 0 0 0 0 0 0 0 0 
#TS77
3 0 1 0 1 3 1 0 1 0 1 4 2 1 3 4 0 2 1 2 0 1 0 2 3 1 3 2 2 2 1 3 1 2 3 3 3 3 1 3 0 3 2 2 3 1 2 0 3 2 3 1 1 1 1 1 2 0 1 0 2 2 3 2 1 3 1 2 2 1 1 1 3 0 1 3 0 1 0 3 1 1 0 0 4 4 3 0 2 0 3 3 2 4 0 3 3 0 3 3 0 0 0 0 0 0 0 0 0 0 
3 1 1 0 1 3 1 0 1 1 1 3 2 0 2 3 0 4 1 2 0 1 0 2 3 0 3 1 2 2 1 3 1 3 3 3 3 3 2 4 1 3 2 3 3 1 2 0 3 1 3 1 0 2 1 0 1 0 1 0 2 3 3 2 1 3 1 2 3 1 1 1 3 0 1 3 0 2 1 3 1 1 0 1 4 4 2 0 2 0 3 3 1 4 1 3 3 0 3 3 0 0 0 0 0 0 0 0 0 0 
#TS78
3 1 0 0 1 3 1 0 1 1 2 3 1 0 3 3 0 4 1 3 0 1 0 1 2 0 2 1 2 2 1 3 2 3 3 1 3 4 1 3 1 3 2 3 2 0 2 0 3 2 4 1 0 2 0 1 0 0 1 0 1 4 3 1 1 3 2 4 2 1 1 1 3 0 1 2 0 2 1 4 1 2 0 1 3 4 1 1 3 0 3 3 2 4 1 3 3 0 3 3 0 0 0 0 0 0 0 0 0 0 
3 1 0 0 1 3 1 0 1 1 2 3 1 0 3 3 0 4 1 3 0 1 0 1 2 0 2 1 2 2 1 3 2 3 3 1 3 4 1 3 1 3 2 3 2 0 2 0 3 2 4 1 0 2 0 1 0 0 1 0 1 4 3 1 1 3 2 4 2 1 1 1 3 0 1 2 0 2 1 4 1 2 0 1 3 4 1 1 3 0 3 3 2 4 1 3 3 0 3 3 0 0 0 0 0 0 0 0 0 0 
#TS79
1 1 0 0 1 2 3 1 3 1 1 3 3 3 1 4 0 0 2 1 0 2 1 1 3 0 0 2 2 4 2 3 0 0 3 3 4 0 4 0 1 0 0 0 0 3 0 3 3 2 1 2 1 2 1 3 3 0 0 4 2 1 1 1 1 0 1 0 2 1 0 2 0 0 0 3 0 1 0 3 3 3 0 1 3 4 2 0 2 3 3 3 2 2 4 3 3 0 0 3 0 0 1 0 0 0 0 0 0 0 
1 1 0 0 2 3 3 0 2 0 0 3 4 3 1 3 0 0 4 1 0 1 2 1 3 0 1 3 2 4 1 3 0 1 3 3 4 0 3 0 0 0 1 0 0 3 0 2 3 2 0 4 3 2 3 3 3 0 0 4 3 2 2 2 1 1 0 0 2 1 1 1 0 1 0 3 0 1 1 3 3 3 0 1 1 4 2 0 2 4 3 3 3 2 4 3 3 0 0 3 0 0 1 0 0 0 0 0 0 0 
#TS80
2 1 0 0 0 2 4 1 1 0 2 2 2 1 0 3 0 0 1 3 2 3 3 0 0 0 1 1 2 3 0 3 3 3 3 1 3 0 1 3 2 1 2 0 3 0 2 4 3 2 3 1 0 2 1 0 0 1 1 1 0 4 3 2 1 3 2 3 2 1 1 2 0 1 2 3 0 2 0 3 1 3 0 1 3 3 1 0 2 0 4 2 2 4 3 3 3 0 1 2 0 1 0 0 0 0 0 0 0 0 
2 2 0 0 1 1 4 1 1 0 2 2 1 2 0 4 0 0 1 3 2 3 4 0 0 0 1 1 1 2 1 3 3 3 3 1 3 0 1 3 2 1 2 0 4 0 2 3 4 2 3 1 0 2 0 0 1 1 1 1 0 4 3 2 1 3 2 3 2 2 1 2 0 1 2 2 0 2 0 2 1 2 0 2 3 4 1 0 1 0 4 1 3 4 3 3 2 0 1 2 0 1 0 0 0 0 0 0 0 0 
#TS81
3 1 0 0 1 3 1 0 1 1 2 3 2 0 3 4 0 4 1 3 0 1 0 2 2 0 2 1 2 2 1 3 2 3 3 1 3 3 2 3 1 3 2 3 2 0 2 0 3 2 3 1 0 2 1 1 1 0 1 1 2 3 3 2 1 2 3 4 2 1 1 1 3 0 1 2 0 2 1 3 1 2 0 1 4 4 0 1 2 0 3 2 4 4 2 4 3 0 3 3 0 0 0 0 0 0 0 0 0 0 
3 1 0 0 1 3 1 0 1 1 2 3 2 0 3 4 0 4 1 3 0 1 0 2 2 0 2 1 2 2 1 3 2 3 3 1 3 3 2 3 1 3 2 3 2 0 2 0 3 2 3 1 0 2 1 1 1 0 1 1 2 3 3 2 1 2 3 4 2 1 1 1 3 0 1 2 0 2 1 3 1 2 0 1 4 4 0 1 2 0 3 2 4 4 2 4 3 0 3 3 0 0 0 0 0 0 0 0 0 0 
#TS82
0 4 2 3 3 3 1 3 4 1 2 3 2 2 3 3 0 4 1 2 2 1 1 0 0 0 4 0 0 2 0 1 3 0 3 0 3 3 4 3 3 3 2 4 2 0 2 0 3 1 3 2 1 3 1 0 1 3 1 1 2 4 4 0 0 3 2 3 0 2 2 4 3 1 1 2 0 2 2 2 0 4 3 4 2 4 1 1 2 0 3 3 2 4 3 1 3 0 3 3 0 0 0 0 0 0 0 0 0 0 
0 3 0 3 2 3 1 3 3 1 2 3 2 1 4 3 0 3 1 3 3 1 1 1 0 0 3 1 1 2 0 2 3 3 3 0 4 3 2 4 2 3 2 2 2 0 2 0 3 2 4 1 0 3 1 0 1 1 1 1 2 4 4 0 1 2 3 3 0 2 0 1 3 1 1 3 0 2 2 3 1 2 2 3 3 4 1 1 3 0 3 3 2 4 4 3 3 0 3 3 0 0 0 0 0 0 0 0 0 0 
#TS83
3 1 0 0 2 2 1 1 2 0 1 4 3 2 2 4 0 1 3 0 0 1 0 2 3 2 2 4 2 4 2 3 0 3 4 2 3 2 1 1 0 1 0 0 2 2 0 2 3 2 0 3 4 0 4 4 3 0 0 0 3 2 2 2 1 2 0 1 3 0 1 1 0 2 0 4 0 1 1 3 1 2 0 1 3 4 3 0 3 3 3 3 2 4 2 3 3 0 3 3 0 0 0 0 0 0 0 0 0 0 
3 1 0 0 1 2 1 0 1 0 1 4 4 2 2 4 0 2 3 0 0 1 0 2 2 2 3 4 2 2 2 3 1 3 3 3 3 3 2 3 0 3 1 1 2 1 1 0 3 2 0 3 3 0 3 3 4 0 0 0 4 2 2 1 0 2 0 2 2 0 1 1 2 1 0 4 0 1 1 3 1 1 0 0 3 4 2 0 3 2 3 3 3 4 1 3 3 0 3 3 0 0 0 0 0 0 0 0 0 0 
#TS84
0 1 3 1 2 3 3 1 0 0 2 3 0 0 1 4 0 4 0 2 0 1 3 1 0 0 2 1 2 3 1 3 2 3 0 2 1 3 3 3 4 3 2 3 0 0 2 0 3 0 3 0 0 4 0 1 0 2 2 0 2 3 2 2 1 3 2 2 4 4 1 1 3 0 2 3 0 2 1 2 0 2 0 3 2 4 1 1 4 2 3 3 2 2 2 3 3 0 2 1 0 0 0 0 1 0 0 0 0 0 
0 1 4 2 2 3 3 3 1 0 2 2 0 0 2 3 0 4 0 2 1 1 3 2 0 0 3 1 1 3 2 3 2 3 0 3 1 4 2 3 4 3 2 3 0 0 2 0 3 0 3 0 0 4 0 1 0 2 1 1 2 3 2 2 1 3 3 1 4 3 1 1 3 0 2 3 0 1 1 3 1 2 1 3 2 4 1 0 3 3 3 3 2 2 2 4 3 0 2 1 0 0 0 0 1 0 0 0 0 0 
#TS85
2 2 0 0 1 2 0 0 2 1 2 3 1 0 0 4 1 4 1 0 0 3 3 4 0 0 3 1 4 2 1 3 2 3 3 0 3 0 0 4 4 2 0 3 0 4 2 4 3 0 3 1 0 3 0 0 0 0 2 3 1 3 0 2 0 3 4 4 3 0 0 1 3 0 1 4 0 0 0 3 1 0 0 0 4 4 0 3 2 4 2 3 2 1 0 3 0 0 2 2 0 0 0 0 0 0 0 0 1 0 
2 3 0 0 1 1 0 0 2 1 2 3 1 0 0 4 1 4 1 0 0 4 3 3 0 0 3 1 3 3 1 3 2 3 3 1 3 0 0 4 4 2 0 3 0 4 2 4 4 0 3 1 0 3 0 1 0 0 1 3 1 2 0 1 0 3 3 3 4 0 0 1 2 0 1 3 0 0 1 3 1 0 0 0 3 4 0 4 2 4 2 3 1 1 0 3 0 0 2 3 0 0 0 0 0 0 0 0 0 0 
#TS86
3 1 0 0 2 3 1 0 1 0 1 3 3 2 1 4 0 4 1 2 0 1 0 2 2 0 3 1 2 2 1 3 1 3 3 1 3 4 2 3 1 3 3 3 2 0 2 0 0 2 3 1 0 3 1 0 1 0 1 0 2 3 0 3 0 3 2 4 2 1 0 1 3 0 1 3 0 0 1 3 1 2 0 1 3 4 1 1 2 0 3 1 2 2 2 1 3 0 1 3 0 0 0 0 0 1 0 0 0 0 
3 1 0 0 3 3 1 0 1 0 2 3 3 3 1 3 0 4 2 3 0 1 0 2 2 0 3 1 2 2 1 3 1 3 3 0 4 3 2 3 1 3 3 4 2 0 4 0 0 3 3 1 0 3 1 0 1 0 1 0 2 3 0 2 0 3 1 4 2 2 1 1 4 0 1 3 0 0 1 3 1 1 0 1 4 4 1 0 2 0 4 1 2 0 2 0 3 0 1 3 0 0 0 0 0 1 0 0 0 0 
#TS87
1 1 0 0 2 3 3 0 2 0 0 3 4 3 1 3 0 0 4 1 0 1 2 1 3 0 1 3 2 4 1 3 0 1 3 3 4 0 3 0 0 0 1 0 0 3 0 2 3 2 0 4 3 2 3 3 3 0 0 4 3 2 2 2 1 1 0 0 2 1 1 1 0 1 0 3 0 1 1 3 3 3 0 1 1 4 2 0 2 4 3 3 3 2 4 3 3 0 0 3 0 0 1 0 0 0 0 0 0 0 
1 1 0 0 1 2 3 0 2 0 0 3 4 4 1 4 0 0 3 1 0 1 1 1 4 0 1 3 3 2 1 3 0 0 3 3 4 0 4 0 0 0 0 0 0 3 0 2 3 2 0 3 4 2 4 4 4 0 0 4 2 2 2 1 1 1 0 0 2 1 1 2 0 3 0 4 0 1 0 4 2 4 0 1 3 4 2 0 2 4 3 3 3 3 4 3 3 0 0 3 0 0 1 0 0 0 0 0 0 0 
#TS88
0 1 3 2 1 3 2 2 4 1 3 3 2 2 3 4 0 3 1 3 0 1 0 0 0 0 3 0 1 2 0 2 3 0 4 1 3 3 3 3 3 3 2 3 2 0 2 0 3 0 3 1 1 3 1 1 1 3 0 1 2 4 4 1 0 3 2 3 2 1 1 4 3 0 1 3 0 2 1 3 0 4 4 3 2 4 1 1 2 0 3 2 2 4 4 1 3 0 3 3 1 0 0 0 0 0 0 0 0 0 
0 2 4 2 2 3 2 1 3 1 2 3 2 2 4 4 0 4 1 3 0 1 2 0 0 0 2 0 0 3 0 2 3 0 3 0 3 3 3 3 3 3 2 3 2 0 2 0 3 1 3 1 1 3 1 1 1 3 1 0 2 4 4 1 0 3 2 3 1 2 2 4 3 0 1 3 0 1 1 3 1 4 3 4 3 4 1 1 2 0 3 3 3 4 3 1 2 0 3 3 1 0 0 0 0 0 0 0 0 0 
#TS89
1 3 0 0 1 1 0 0 1 1 2 3 2 0 0 4 0 4 1 1 0 3 3 4 0 0 3 1 3 3 1 3 2 2 3 1 3 0 0 4 3 2 0 3 0 4 2 4 3 0 3 1 0 2 0 0 1 0 2 3 1 3 1 2 0 3 3 3 3 0 0 1 3 0 0 3 0 0 0 2 2 0 0 0 3 4 0 3 2 4 3 3 2 1 0 3 0 0 3 3 0 0 0 0 0 0 0 0 1 0 
1 2 0 0 1 3 0 0 2 1 2 2 2 0 0 3 0 4 1 1 0 4 2 3 0 0 2 1 3 3 1 3 2 3 3 1 3 0 0 4 3 1 0 3 0 4 2 4 3 0 2 1 0 2 0 0 0 0 2 3 1 1 0 2 0 4 2 3 4 0 0 1 3 0 1 3 0 0 1 2 2 0 0 0 4 4 0 3 2 4 3 3 2 2 0 3 0 0 2 2 0 0 0 0 0 0 0 0 1 0 
#TS90
3 0 0 0 1 3 1 0 2 1 2 3 2 1 3 4 0 4 1 3 0 1 0 2 3 0 2 1 2 2 1 3 1 3 3 0 3 4 2 4 1 3 2 3 1 0 2 0 3 2 3 1 0 2 1 0 0 0 1 1 2 3 3 2 1 2 2 3 2 1 1 0 3 0 1 3 0 2 1 2 0 1 0 0 3 4 1 1 2 0 3 3 2 4 3 3 3 0 3 3 0 0 0 0 0 0 0 0 0 0 
3 0 0 0 1 3 1 0 1 1 2 3 2 0 3 4 0 4 1 3 0 1 0 2 3 0 2 1 2 2 1 3 2 2 2 1 3 4 2 3 1 3 2 3 2 0 2 0 3 1 3 1 0 2 0 1 1 0 1 0 2 3 3 2 2 2 3 4 2 1 1 0 2 0 1 3 1 2 2 3 0 2 0 1 4 4 1 1 2 0 3 3 2 4 2 3 3 0 3 3 0 0 0 0 0 0 0 0 0 0 
#TS91
0 2 3 1 4 3 2 3 3 0 0 4 3 3 0 4 0 2 3 0 0 1 0 2 2 0 3 1 2 3 1 3 0 3 3 0 3 3 2 3 1 3 2 4 3 4 3 0 0 4 3 1 0 4 1 0 1 0 1 0 2 2 0 3 0 3 1 4 3 3 1 1 3 0 1 2 0 0 1 3 1 0 1 1 0 4 3 0 2 0 2 0 2 0 0 0 2 0 1 3 0 0 0 0 0 1 0 0 0 0 
0 2 2 1 4 3 1 2 2 0 1 3 4 3 0 4 0 2 3 0 0 1 0 2 3 0 2 1 1 4 2 3 0 3 3 0 3 3 1 3 0 2 2 3 2 4 3 0 0 4 3 1 0 4 1 0 1 0 1 0 2 2 0 3 0 3 2 4 2 4 1 1 2 0 1 3 0 0 0 2 0 0 1 2 0 4 2 0 2 0 3 0 2 0 0 0 3 0 1 3 0 0 0 0 0 0 0 0 0 0 
#TS92
2 2 0 2 1 3 1 1 1 1 2 3 2 0 3 3 1 4 0 3 3 1 2 2 3 0 2 1 1 2 0 2 4 3 3 3 3 4 2 3 1 3 3 3 2 1 2 0 3 2 1 2 2 1 2 2 2 1 0 0 3 4 4 1 1 3 1 3 1 1 0 0 2 0 1 3 0 2 1 3 1 1 0 3 2 4 2 0 0 0 4 3 2 3 2 3 3 0 3 3 0 0 0 0 0 0 0 0 0 0 
3 1 0 0 1 3 1 0 2 1 2 3 2 0 3 3 0 3 1 3 1 1 2 2 2 1 2 1 2 2 1 3 3 3 3 3 3 3 2 3 1 3 2 3 1 1 2 0 3 2 2 1 1 0 2 1 2 1 0 0 2 3 3 1 1 3 0 2 1 1 0 0 3 0 1 4 0 2 1 3 1 1 0 2 3 4 2 0 1 0 4 3 1 4 2 3 3 0 3 3 0 0 0 0 0 0 0 0 0 0 
#TS93
0 3 4 2 3 3 1 2 4 1 2 3 2 2 3 3 0 4 1 3 1 1 1 0 0 0 3 0 0 1 0 1 4 0 3 1 4 3 2 3 3 3 2 3 2 0 2 0 3 0 3 1 1 4 1 1 1 4 1 1 2 4 3 0 0 3 2 3 0 3 1 4 3 0 1 3 0 2 2 2 1 3 3 3 3 4 1 1 2 0 3 3 2 4 3 1 3 0 3 3 1 0 0 0 0 0 0 0 0 0 
0 4 2 3 3 3 1 3 4 1 2 3 2 2 3 3 0 4 1 2 2 1 1 0 0 0 4 0 0 2 0 1 3 0 3 0 3 3 4 3 3 3 2 4 2 0 2 0 3 1 3 2 1 3 1 0 1 3 1 1 2 4 4 0 0 3 2 3 0 2 2 4 3 1 1 2 0 2 2 2 0 4 3 4 2 4 1 1 2 0 3 3 2 4 3 1 3 0 3 3 0 0 0 0 0 0 0 0 0 0 
#TS94
3 1 0 0 1 3 1 0 2 1 1 3 1 0 3 3 0 4 1 2 0 1 0 2 2 0 1 1 3 2 1 3 2 3 3 1 3 3 2 3 1 3 2 3 3 0 2 0 3 2 3 2 0 2 1 1 1 0 1 0 2 3 3 3 1 3 3 3 2 1 1 1 3 0 1 3 0 2 1 3 2 1 0 0 3 4 1 1 2 0 3 4 3 4 2 3 3 0 3 3 0 0 0 0 0 0 0 0 0 0 
3 1 0 0 1 3 1 0 1 1 2 3 2 0 3 4 0 4 1 3 0 1 0 2 2 0 2 1 2 2 1 3 2 3 3 1 3 3 2 3 1 3 2 3 2 0 2 0 3 2 3 1 0 2 1 1 1 0 1 1 2 3 3 2 1 2 3 4 2 1 1 1 3 0 1 2 0 2 1 3 1 2 0 1 4 4 0 1 2 0 3 2 4 4 2 4 3 0 3 3 0 0 0 0 0 0 0 0 0 0 
#TS95
1 3 0 2 2 4 2 2 1 1 2 3 2 0 3 4 0 4 1 3 1 1 2 2 0 0 2 1 2 2 1 4 2 3 3 1 3 3 2 3 1 3 2 3 2 0 2 0 3 2 3 1 0 2 1 1 1 0 1 0 2 4 3 1 1 3 3 3 1 1 0 1 3 0 0 3 0 2 2 3 1 1 0 3 3 4 1 1 2 0 4 3 2 4 2 4 3 0 3 3 0 0 0 0 0 0 0 0 0 0 
2 2 0 1 1 2 1 1 2 1 2 3 2 0 3 4 0 4 1 2 0 1 0 2 1 0 1 1 2 2 1 3 2 3 3 1 3 3 1 3 1 3 2 2 2 0 2 0 3 2 3 2 0 2 1 0 1 0 1 0 2 3 4 2 1 3 2 4 2 1 1 1 3 0 1 4 1 2 1 2 1 2 0 1 3 4 0 1 2 0 3 3 2 4 2 4 3 0 3 3 0 0 0 0 0 0 0 0 0 0 
#TS96
4 1 0 0 1 3 3 0 3 0 2 3 2 2 0 4 0 1 2 3 0 3 3 0 2 0 2 0 3 2 1 2 2 3 3 1 3 0 2 3 2 2 2 1 3 0 2 2 3 2 3 1 0 2 0 0 0 1 1 1 0 3 4 2 1 2 2 3 2 1 1 2 2 0 4 3 0 2 0 3 1 2 0 0 3 3 1 1 2 0 3 1 2 4 2 3 3 0 1 2 0 1 0 0 0 0 0 0 0 0 
3 0 0 0 0 1 3 1 2 0 2 2 2 2 0 4 0 0 1 3 2 3 4 0 0 0 2 0 3 3 1 2 3 3 3 2 3 0 1 3 2 1 2 0 3 0 2 3 4 2 3 1 0 2 0 1 0 1 1 1 0 3 3 2 1 3 3 3 2 1 0 2 1 0 3 3 0 2 0 3 2 2 0 0 4 3 1 0 4 0 3 1 3 4 3 4 3 0 1 2 0 1 0 0 0 0 0 0 0 0 
#TS97
1 3 2 4 1 3 1 1 1 1 2 3 0 3 4 3 0 2 0 3 4 0 3 2 2 0 1 0 1 3 1 2 3 4 3 2 3 3 2 2 1 3 4 3 2 0 2 0 2 3 3 0 1 3 1 1 0 0 0 0 0 4 3 2 1 3 3 4 2 3 0 2 4 0 1 3 0 1 1 3 1 3 0 3 1 4 2 3 1 0 3 3 2 0 3 3 2 2 3 3 0 0 0 0 0 0 0 0 0 1 
0 3 1 4 1 3 1 1 1 1 2 3 0 3 4 4 0 2 0 3 3 1 2 2 2 0 1 0 0 3 0 1 4 4 3 2 3 4 2 1 1 3 4 2 1 0 2 0 2 3 2 0 1 4 2 2 0 0 0 0 0 4 4 2 1 3 4 4 2 3 1 2 3 0 2 4 0 2 1 3 1 3 0 3 0 4 2 2 2 0 3 3 2 0 3 3 1 2 3 3 0 0 0 0 0 0 0 0 0 1 
#TS98
4 1 0 0 1 1 3 1 3 0 3 1 2 2 0 3 0 0 1 3 2 3 3 0 0 0 1 0 4 3 0 3 4 3 3 1 3 0 1 3 2 1 2 0 2 0 2 3 3 2 3 1 0 2 0 1 0 1 2 1 0 3 4 1 0 3 3 4 2 1 1 2 0 0 2 3 0 2 0 4 1 2 0 0 4 3 1 0 2 0 3 2 3 4 3 3 3 0 1 2 0 1 0 0 0 0 0 0 0 0 
3 0 0 0 0 1 4 0 1 0 3 3 2 1 0 4 0 0 1 4 2 3 3 0 0 0 1 0 3 3 0 3 3 2 3 1 3 0 1 4 2 1 2 0 2 0 2 3 3 2 3 1 0 2 1 1 0 1 1 0 0 4 4 2 1 4 2 4 1 1 0 2 0 0 3 3 0 2 0 3 1 3 0 0 3 4 1 0 1 0 3 1 3 4 3 3 2 0 1 2 0 1 0 0 0 0 0 0 0 0 
#TS99
0 4 0 2 2 3 1 3 2 1 2 3 2 0 3 4 0 4 1 3 0 1 0 1 0 0 2 1 2 2 1 3 3 3 3 1 3 3 3 3 1 3 2 4 2 2 2 0 3 2 3 2 0 3 1 1 1 0 1 0 2 2 3 2 1 2 2 3 2 1 1 1 2 0 1 3 0 2 1 3 1 1 1 3 3 4 1 1 4 0 3 3 2 4 1 3 3 0 3 3 0 0 0 0 0 0 0 0 0 0 
3 4 0 0 2 3 1 1 1 1 2 3 2 0 4 4 0 4 1 2 0 1 0 2 1 0 2 1 2 2 1 3 3 3 2 1 3 3 2 3 1 3 2 3 2 2 3 0 3 1 3 2 0 3 1 1 1 0 1 0 2 3 2 2 1 3 2 4 2 0 1 1 3 0 1 3 0 2 1 2 1 1 0 2 3 4 1 1 4 0 3 3 2 4 0 4 3 0 3 3 0 0 0 0 0 0 0 0 0 0 
#TS100
2 1 0 0 1 2 0 0 2 1 2 2 1 0 0 3 1 4 1 0 0 2 2 3 0 0 2 1 4 3 0 3 3 3 3 1 3 0 0 4 4 1 0 3 0 4 2 4 3 0 4 1 0 2 0 0 0 0 2 3 2 2 1 2 0 4 3 3 4 0 0 0 3 0 1 3 0 0 0 3 1 0 0 0 3 4 0 3 1 4 2 3 2 1 0 3 0 0 2 3 0 0 0 0 0 0 0 0 1 0 
2 3 0 0 1 2 0 0 2 1 2 2 1 0 0 4 0 4 1 0 0 3 2 4 0 0 2 1 4 4 1 3 2 3 3 1 3 0 0 4 3 2 0 3 0 4 2 4 3 0 3 1 1 3 0 0 0 0 3 3 2 1 1 2 0 3 2 3 3 0 0 1 3 0 1 3 0 0 0 3 1 0 0 0 3 4 0 4 2 4 3 3 2 1 0 4 0 0 3 3 0 0 0 0 0 0 0 0 1 0 
#TS101
1 1 0 0 1 2 3 0 2 0 0 3 4 4 1 4 0 0 3 1 0 1 1 1 4 0 1 3 3 2 1 3 0 0 3 3 4 0 4 0 0 0 0 0 0 3 0 2 3 2 0 3 4 2 4 4 4 0 0 4 2 2 2 1 1 1 0 0 2 1 1 2 0 3 0 4 0 1 0 4 2 4 0 1 3 4 2 0 2 4 3 3 3 3 4 3 3 0 0 3 0 0 1 0 0 0 0 0 0 0 
0 1 0 0 1 3 3 1 3 0 0 3 4 3 1 3 0 0 2 1 0 0 1 2 4 1 1 3 3 3 1 3 0 1 3 3 4 0 4 0 0 0 1 0 0 3 0 3 3 2 0 3 4 2 4 4 4 0 0 3 3 2 2 1 1 1 0 0 2 0 1 1 0 2 0 3 0 0 0 3 2 3 0 0 3 4 2 0 2 4 3 3 3 2 4 3 3 0 0 3 0 0 1 0 0 0 0 0 0 0 
#TS102
3 1 0 0 1 3 1 0 1 2 2 3 2 0 3 3 0 4 1 3 0 2 0 2 3 1 2 1 2 2 1 3 2 3 3 1 4 3 1 3 1 3 2 3 2 0 2 0 3 2 3 1 0 2 1 1 1 0 1 0 2 4 2 2 1 3 3 3 2 1 1 0 3 0 0 2 1 2 1 3 1 2 0 0 3 4 1 1 2 0 3 3 2 4 2 3 3 0 3 3 0 0 0 0 0 0 0 0 0 0 
2 1 0 0 1 3 1 0 1 1 2 3 2 0 3 3 0 4 1 2 0 1 0 2 2 0 2 1 2 3 1 3 2 3 3 1 3 4 2 3 1 3 2 3 2 0 2 0 3 2 3 2 0 2 1 1 1 0 1 0 2 3 3 2 1 3 2 3 2 1 1 1 3 0 1 3 0 2 1 4 1 2 0 1 3 4 1 1 2 0 3 3 2 3 2 3 3 0 3 3 0 0 0 0 0 0 0 0 0 0 
#TS103
3 0 0 0 1 3 1 0 1 0 2 0 2 3 3 3 0 3 1 2 0 1 0 2 0 0 2 2 2 2 4 2 1 3 4 1 3 3 2 3 2 3 2 3 2 1 2 0 3 2 3 1 0 3 1 0 1 0 1 0 0 1 3 3 1 0 2 3 2 1 3 3 3 0 1 3 0 1 1 0 2 1 0 1 4 3 1 1 2 0 4 3 2 4 0 3 3 0 0 3 0 0 0 0 0 0 0 1 0 0 
3 0 1 0 1 3 1 0 1 0 2 0 1 3 3 4 0 4 1 3 0 1 0 1 0 1 1 1 2 1 4 2 2 3 4 1 3 3 2 3 3 3 2 4 2 1 2 0 3 2 3 2 0 3 1 1 1 0 1 0 1 1 2 3 1 0 2 3 3 1 4 2 3 0 1 3 0 1 0 0 1 1 0 2 3 3 1 2 2 0 3 3 2 4 1 3 2 0 0 3 0 0 0 0 0 0 0 1 0 0 
#TS104
3 1 0 0 0 3 1 0 1 1 2 4 2 0 3 4 0 4 1 3 0 1 0 2 2 0 3 1 2 2 1 3 2 3 3 1 3 3 2 3 1 3 2 3 3 0 3 0 3 2 3 1 0 2 1 1 1 0 1 0 2 3 3 2 1 4 2 3 2 1 1 1 3 0 1 3 0 2 1 3 1 2 0 1 3 4 1 1 2 0 3 3 1 4 2 3 3 0 3 2 0 0 0 0 0 0 0 0 0 0 
2 0 0 0 1 3 1 0 0 1 2 3 2 1 3 4 0 4 1 2 0 1 0 2 2 0 2 1 2 2 1 3 2 3 3 1 4 3 3 3 1 3 2 3 2 0 2 0 3 2 3 1 0 2 1 0 1 0 1 0 2 3 3 1 1 3 2 3 2 1 1 1 2 0 1 4 0 2 1 3 1 2 0 2 3 3 1 1 2 0 3 4 2 4 2 3 3 0 3 3 0 0 0 0 0 0 0 0 0 0 
#TS105
3 0 1 0 1 3 1 0 1 0 2 0 1 3 3 4 0 4 1 3 0 1 0 1 0 1 1 1 2 1 4 2 2 3 4 1 3 3 2 3 3 3 2 4 2 1 2 0 3 2 3 2 0 3 1 1 1 0 1 0 1 1 2 3 1 0 2 3 3 1 4 2 3 0 1 3 0 1 0 0 1 1 0 2 3 3 1 2 2 0 3 3 2 4 1 3 2 0 0 3 0 0 0 0 0 0 0 1 0 0 
1 0 2 0 1 3 1 0 1 0 2 0 2 3 3 3 0 4 1 2 0 1 0 2 0 1 2 1 2 3 4 3 2 3 3 1 3 4 3 3 3 3 3 3 2 1 2 0 3 2 3 2 0 4 1 0 1 0 1 0 1 1 2 3 1 0 2 3 3 1 3 2 4 0 1 3 0 1 1 0 1 1 0 3 4 2 1 1 2 0 4 3 3 4 1 3 3 0 0 3 0 0 0 0 0 0 0 1 0 0 
#TS106
0 3 0 3 2 3 1 3 3 1 2 3 2 1 4 3 0 3 1 3 3 1 1 1 0 0 3 1 1 2 0 2 3 3 3 0 4 3 2 4 2 3 2 2 2 0 2 0 3 2 4 1 0 3 1 0 1 1 1 1 2 4 4 0 1 2 3 3 0 2 0 1 3 1 1 3 0 2 2 3 1 2 2 3 3 4 1 1 3 0 3 3 2 4 4 3 3 0 3 3 0 0 0 0 0 0 0 0 0 0 
0 2 0 2 1 3 1 3 3 1 2 3 2 1 3 4 0 4 1 2 2 2 2 2 0 0 2 1 2 2 0 3 3 3 3 1 3 3 1 4 2 3 2 3 2 0 2 0 3 1 2 1 0 2 1 2 1 1 1 0 2 4 3 1 2 3 2 3 0 1 0 0 2 1 1 3 0 2 2 3 2 1 1 3 2 4 1 1 2 0 3 3 2 4 3 3 3 0 3 3 0 0 0 0 0 0 0 0 0 0 
#TS107
0 3 1 3 2 3 1 2 3 1 1 3 0 3 3 3 1 2 0 3 4 1 4 2 2 0 0 0 0 2 0 0 4 4 3 3 3 3 2 1 1 2 4 4 1 0 2 0 0 3 1 0 1 3 3 3 0 2 0 1 1 4 4 0 1 3 2 2 1 4 0 1 4 0 2 3 0 1 1 3 2 2 0 4 0 4 2 2 0 0 3 3 2 0 4 3 1 1 3 3 0 0 0 0 0 0 0 0 0 1 
1 3 2 4 1 3 1 2 2 1 2 3 1 2 4 4 0 1 0 3 4 0 3 2 2 0 0 0 0 2 0 0 3 3 3 2 3 3 2 1 1 3 3 3 1 0 1 0 1 3 1 0 2 4 2 3 0 2 0 1 0 4 3 0 1 3 2 3 1 3 0 1 4 0 2 4 0 2 1 3 1 3 0 3 0 4 3 3 1 0 3 3 1 0 3 3 2 0 3 3 0 0 0 0 0 0 0 0 0 0 
#TS108
2 1 0 0 1 2 2 0 1 1 2 3 2 0 3 4 0 4 1 3 0 1 0 2 1 0 1 2 2 2 1 3 2 3 2 0 3 3 2 3 1 3 1 1 2 1 2 0 3 2 3 3 0 2 1 0 2 0 1 0 3 3 3 2 0 3 2 4 2 1 1 1 3 2 0 3 0 2 2 2 2 2 0 3 3 4 1 1 2 0 3 3 2 4 3 3 3 0 3 3 0 0 0 0 0 0 0 0 0 0 
1 1 0 0 1 3 1 0 0 0 1 3 2 0 3 3 0 4 1 4 0 1 0 2 2 0 1 2 2 2 1 2 2 3 3 1 3 3 2 3 0 3 2 2 2 0 3 0 3 2 3 1 1 2 1 0 1 0 0 0 2 2 3 2 1 3 3 3 2 1 1 1 2 0 0 3 0 2 2 3 0 2 0 3 3 4 1 1 2 0 3 3 2 4 2 3 3 0 3 3 0 0 0 0 0 0 0 0 0 0 
#TS109
0 1 0 0 1 3 3 1 3 0 0 3 4 3 1 3 0 0 2 1 0 0 1 2 4 1 1 3 3 3 1 3 0 1 3 3 4 0 4 0 0 0 1 0 0 3 0 3 3 2 0 3 4 2 4 4 4 0 0 3 3 2 2 1 1 1 0 0 2 0 1 1 0 2 0 3 0 0 0 3 2 3 0 0 3 4 2 0 2 4 3 3 3 2 4 3 3 0 0 3 0 0 1 0 0 0 0 0 0 0 
1 1 0 0 2 3 3 1 1 0 0 3 4 4 1 3 0 0 3 1 0 1 1 1 4 1 2 3 2 4 1 2 0 0 3 4 4 1 4 0 0 0 0 0 0 3 0 3 3 2 0 4 4 2 3 3 3 0 0 3 3 1 2 2 1 0 0 0 2 1 1 2 0 3 0 3 0 1 0 4 3 4 0 1 3 4 2 0 2 4 3 4 3 2 4 3 3 0 0 3 0 0 1 0 0 0 0 0 0 0 
#TS110
2 1 0 0 1 3 1 0 0 1 2 3 2 0 3 4 0 4 1 2 0 1 1 1 2 0 2 1 2 2 1 3 2 4 3 2 3 4 2 3 1 3 2 3 3 0 2 0 3 2 4 2 0 2 1 1 1 0 0 0 3 3 3 2 1 2 2 2 2 1 0 1 3 0 1 3 0 2 1 2 1 1 0 1 4 4 2 0 2 0 4 3 2 4 1 3 2 0 3 3 0 0 0 0 0 0 0 0 0 0 
3 1 0 0 1 3 1 1 3 1 2 3 3 1 3 3 0 3 1 4 0 1 1 2 2 0 2 1 2 2 1 3 2 3 2 2 3 3 2 3 1 3 2 3 2 1 2 0 3 2 4 1 0 2 1 0 1 0 1 0 2 3 2 2 1 3 1 3 2 1 1 1 3 0 1 3 0 2 1 3 1 1 0 1 4 4 2 1 2 0 4 3 2 4 1 4 3 0 4 3 0 0 0 0 0 0 0 0 0 0 
#TS111
0 0 3 1 1 3 2 1 2 0 2 0 2 3 4 3 0 4 1 3 0 1 0 1 0 1 2 1 1 2 3 3 2 3 3 1 3 2 2 3 3 3 2 3 2 1 2 0 3 2 3 1 0 3 1 0 1 0 1 0 1 1 2 4 1 0 2 3 2 1 4 2 4 0 1 3 0 1 0 0 1 1 0 4 3 3 1 1 2 0 3 3 2 4 0 3 3 0 0 3 0 0 0 0 0 0 0 1 0 0 
0 0 4 1 2 3 1 1 2 0 1 1 2 3 3 3 0 4 1 3 0 1 0 1 0 0 2 1 2 2 4 3 2 3 3 1 3 4 2 3 2 3 2 3 2 1 2 0 3 2 3 1 0 4 1 0 1 0 1 0 0 0 2 4 1 0 2 3 3 1 4 2 4 0 1 4 0 1 1 0 1 1 1 3 4 3 1 1 2 0 4 3 2 4 0 4 3 0 0 4 0 0 0 0 0 0 0 1 0 0 
#TS112
3 1 0 0 0 3 1 0 1 1 2 3 2 0 3 4 0 4 1 3 0 2 1 2 3 0 2 1 2 2 1 3 3 2 4 1 3 3 2 3 1 3 2 3 2 0 2 0 3 2 3 1 0 2 1 1 1 0 1 0 2 4 4 2 1 3 2 3 2 1 1 1 3 0 1 3 0 2 1 3 1 2 0 1 3 4 1 0 2 0 3 3 2 3 3 3 3 0 3 3 0 0 0 0 0 0 0 0 0 0 
2 1 1 0 0 3 1 0 1 1 2 3 1 0 3 4 0 4 1 2 0 1 0 2 2 0 2 1 2 2 1 3 2 3 3 2 3 3 3 3 1 3 2 3 2 0 2 0 3 2 3 1 0 2 1 1 1 0 1 0 2 3 3 1 1 3 2 3 2 2 1 1 3 0 1 2 0 2 1 3 2 1 0 1 3 4 1 1 2 0 3 4 2 4 2 3 3 0 3 3 0 0 0 0 0 0 0 0 0 0 
#TS113
2 1 1 0 0 3 1 0 1 1 2 3 1 0 3 4 0 4 1 2 0 1 0 2 2 0 2 1 2 2 1 3 2 3 3 2 3 3 3 3 1 3 2 3 2 0 2 0 3 2 3 1 0 2 1 1 1 0 1 0 2 3 3 1 1 3 2 3 2 2 1 1 3 0 1 2 0 2 1 3 2 1 0 1 3 4 1 1 2 0 3 4 2 4 2 3 3 0 3 3 0 0 0 0 0 0 0 0 0 0 
2 0 1 0 1 3 2 0 1 1 2 3 2 0 3 3 0 4 1 3 0 1 0 2 2 0 1 2 2 2 1 3 2 3 3 1 3 3 2 3 1 3 2 3 2 0 1 0 3 2 3 1 0 2 1 1 2 0 1 0 2 3 3 2 1 3 2 3 2 2 1 0 2 0 1 3 0 2 1 3 1 2 0 1 4 4 1 0 2 0 3 3 2 4 2 3 2 0 3 3 0 0 0 0 0 0 0 0 0 0 
#TS114
3 1 0 0 1 3 1 0 1 1 2 3 2 0 3 4 0 4 1 3 0 1 0 2 2 0 2 1 2 2 1 3 2 3 3 1 3 3 2 3 1 3 2 3 2 0 2 0 3 2 3 1 0 2 1 1 1 0 1 0 2 3 3 2 1 3 2 3 2 1 1 1 3 0 1 3 0 2 1 3 1 2 0 1 3 4 1 1 2 0 3 3 2 4 2 3 3 0 3 3 0 0 1 0 0 0 0 0 0 0 
2 1 1 0 1 3 2 0 1 0 1 3 3 2 2 4 0 1 1 2 0 1 1 2 3 0 1 1 2 3 1 3 1 1 3 1 3 0 4 3 1 3 1 3 0 0 1 0 3 2 3 1 0 2 0 1 1 0 1 3 1 3 3 2 1 1 2 1 2 1 1 2 2 0 1 3 0 2 1 3 2 4 0 1 3 4 1 1 2 0 3 3 2 3 2 3 3 0 1 2 0 0 1 0 0 0 0 0 0 0 
#TS115
3 1 0 0 1 3 0 0 1 1 2 3 2 0 3 4 0 4 1 1 0 1 0 2 2 0 2 1 2 3 1 3 2 3 3 0 3 4 2 3 1 3 2 3 3 1 2 0 3 2 3 1 0 2 1 0 1 0 0 0 2 2 1 2 1 3 2 4 2 1 0 0 2 0 1 3 0 2 1 3 1 2 0 0 2 4 1 1 2 0 3 3 2 4 1 3 3 0 3 3 0 0 0 0 0 0 0 0 0 0 
3 2 0 0 1 3 1 0 2 1 2 3 2 0 3 3 0 4 1 2 0 1 0 2 3 0 1 2 3 2 1 4 2 2 3 1 3 3 2 3 1 3 2 3 3 0 2 0 4 2 3 2 0 2 1 1 1 0 1 0 2 2 2 1 1 3 1 3 2 1 1 0 3 0 0 3 0 3 1 3 1 2 0 0 4 4 1 1 2 0 3 3 2 4 2 3 3 0 3 3 0 0 0 0 0 0 0 0 0 0 
#TS116
3 1 0 0 1 3 0 1 1 1 1 3 2 0 3 3 0 4 1 3 0 1 0 2 2 0 2 1 3 2 1 3 2 3 3 1 4 3 2 3 0 3 2 3 2 0 2 0 2 2 3 1 0 2 0 1 1 0 1 1 1 3 3 2 1 3 3 3 2 1 0 1 3 0 1 3 0 2 2 3 1 2 0 1 3 4 0 1 2 0 3 3 2 3 2 3 3 0 3 3 0 0 0 0 0 0 0 0 0 0 
3 0 0 0 1 3 1 0 2 1 2 3 2 1 3 4 0 4 1 3 0 1 0 2 3 0 2 1 2 2 1 3 1 3 3 0 3 4 2 4 1 3 2 3 1 0 2 0 3 2 3 1 0 2 1 0 0 0 1 1 2 3 3 2 1 2 2 3 2 1 1 0 3 0 1 3 0 2 1 2 0 1 0 0 3 4 1 1 2 0 3 3 2 4 3 3 3 0 3 3 0 0 0 0 0 0 0 0 0 0 
#TS117
1 2 0 0 1 3 0 0 2 1 2 3 1 0 0 4 0 4 2 2 0 3 3 3 0 0 3 1 2 3 1 3 2 3 3 1 3 0 0 4 3 2 0 3 0 4 2 3 3 0 3 1 0 2 0 1 0 0 1 3 1 3 1 2 0 3 3 3 3 0 0 1 2 0 1 3 0 0 0 3 1 0 0 0 4 4 0 3 2 3 3 3 2 2 0 4 0 0 2 3 0 0 0 0 0 0 0 0 1 0 
1 3 0 0 1 1 0 0 1 1 2 3 2 0 0 4 0 4 1 1 0 3 3 4 0 0 3 1 3 3 1 3 2 2 3 1 3 0 0 4 3 2 0 3 0 4 2 4 3 0 3 1 0 2 0 0 1 0 2 3 1 3 1 2 0 3 3 3 3 0 0 1 3 0 0 3 0 0 0 2 2 0 0 0 3 4 0 3 2 4 3 3 2 1 0 3 0 0 3 3 0 0 0 0 0 0 0 0 1 0 
#TS118
3 1 0 0 1 3 1 0 1 1 2 3 2 0 3 4 0 4 1 3 0 1 0 2 2 0 2 1 2 2 1 3 2 3 3 1 3 3 2 3 1 3 2 3 2 0 2 0 3 2 3 1 0 2 1 1 1 0 1 0 2 3 3 2 1 3 2 3 2 1 1 1 3 0 1 3 0 2 1 3 1 2 0 1 3 4 1 1 2 0 3 3 2 4 2 3 3 0 3 3 0 0 0 0 0 0 0 0 0 0 
3 1 0 0 1 3 1 0 1 1 2 3 2 0 3 4 0 4 1 3 0 1 0 2 2 0 2 1 2 2 1 3 2 3 3 1 3 3 2 3 1 3 2 3 2 0 2 0 3 2 3 1 0 2 1 1 1 0 1 0 2 3 3 2 1 3 2 3 2 1 1 1 3 0 1 3 0 2 1 3 1 2 0 1 3 4 1 1 2 0 3 3 2 4 2 3 3 0 3 3 0 0 0 0 0 0 0 0 0 0 
#TS119
0 3 3 3 2 4 1 4 3 1 2 3 2 2 3 4 0 4 1 3 1 1 2 0 0 0 3 0 0 2 0 2 4 0 3 0 3 4 2 3 2 3 2 3 2 0 2 0 4 0 3 1 1 3 1 1 1 4 1 1 2 4 3 0 0 3 2 3 0 3 2 3 4 1 1 3 0 2 2 3 2 4 3 3 2 4 1 1 2 0 3 3 2 4 4 1 3 0 3 3 1 0 0 0 0 0 0 0 0 0 
0 3 4 2 3 3 1 2 4 1 2 3 2 2 3 3 0 4 1 3 1 1 1 0 0 0 3 0 0 1 0 1 4 0 3 1 4 3 2 3 3 3 2 3 2 0 2 0 3 0 3 1 1 4 1 1 1 4 1 1 2 4 3 0 0 3 2 3 0 3 1 4 3 0 1 3 0 2 2 2 1 3 3 3 3 4 1 1 2 0 3 3 2 4 3 1 3 0 3 3 1 0 0 0 0 0 0 0 0 0 
#TS120
3 2 0 0 1 2 0 0 1 1 2 3 2 0 3 4 0 3 1 3 0 1 2 2 1 0 2 1 2 2 1 4 2 3 2 1 2 3 2 3 1 3 2 2 2 0 2 0 3 2 3 1 0 2 1 1 1 0 1 0 2 4 4 1 1 3 3 3 2 0 1 1 3 0 1 4 0 2 1 3 2 3 0 1 3 4 1 1 2 0 3 3 2 4 2 3 3 0 3 3 0 0 0 0 0 0 0 0 0 0 
4 1 0 0 1 3 1 0 1 1 2 3 1 0 3 3 0 4 1 3 0 1 1 2 2 0 2 1 3 3 2 3 2 4 3 1 3 3 2 3 1 3 2 3 2 0 2 0 3 2 3 1 0 3 1 1 0 0 1 1 2 4 3 2 1 3 2 4 2 1 1 1 3 0 1 3 0 2 1 3 1 2 0 0 3 4 1 1 2 0 3 4 2 4 3 3 3 0 3 3 0 0 0 0 0 0 0 0 0 0 
#TS121
3 1 0 0 1 3 1 0 1 1 2 3 2 0 3 4 0 4 1 3 0 1 0 2 2 0 2 1 2 2 1 3 2 3 3 1 3 3 2 3 1 3 2 3 2 0 2 0 3 2 3 1 0 2 1 1 1 0 1 0 2 3 3 2 1 3 2 3 2 1 1 1 3 0 1 3 0 2 1 3 1 2 0 1 3 4 1 1 2 0 3 3 2 4 2 3 3 0 3 3 0 0 0 0 0 0 1 0 0 0 
3 1 0 0 1 3 2 1 2 0 2 3 2 0 1 3 0 4 1 2 0 1 0 2 1 0 2 1 2 2 2 3 3 3 3 0 3 4 2 3 1 3 2 3 2 0 2 0 3 2 3 1 0 2 0 1 1 0 1 1 0 3 2 1 0 3 2 4 2 1 1 1 3 0 4 3 0 2 1 2 1 2 1 1 3 4 1 1 2 0 3 0 2 4 4 1 3 0 3 3 0 0 0 0 0 0 1 0 0 0 
#TS122
0 3 0 3 2 4 1 4 3 0 2 3 2 0 3 4 0 4 1 3 2 1 1 2 0 0 2 1 2 1 1 3 2 3 2 1 3 3 2 3 2 3 2 3 3 0 2 0 3 2 3 1 0 2 1 1 1 0 1 0 3 4 4 1 1 2 3 3 1 1 1 0 3 0 1 3 0 2 2 3 1 1 1 3 3 4 1 1 2 0 3 2 2 4 2 4 2 0 3 3 0 0 0 0 0 0 0 0 0 0 
1 3 0 2 2 4 2 2 1 1 2 3 2 0 3 4 0 4 1 3 1 1 2 2 0 0 2 1 2 2 1 4 2 3 3 1 3 3 2 3 1 3 2 3 2 0 2 0 3 2 3 1 0 2 1 1 1 0 1 0 2 4 3 1 1 3 3 3 1 1 0 1 3 0 0 3 0 2 2 3 1 1 0 3 3 4 1 1 2 0 4 3 2 4 2 4 3 0 3 3 0 0 0 0 0 0 0 0 0 0 
#TS123
3 1 0 0 1 3 2 1 1 0 4 3 2 0 1 4 0 3 1 2 0 1 0 2 0 0 1 1 3 2 3 3 2 3 3 0 3 3 2 3 1 4 2 3 1 0 3 0 3 2 3 1 0 2 0 1 1 0 1 1 0 3 3 2 0 3 2 3 2 2 1 1 4 0 3 4 0 2 1 3 1 1 2 1 3 4 1 0 2 0 3 0 2 3 3 1 3 0 2 3 0 0 0 0 0 0 1 0 0 0 
3 1 0 0 1 3 3 1 0 0 2 3 3 0 1 3 0 3 1 3 1 1 0 2 0 0 1 1 2 2 2 3 2 2 3 0 4 4 2 3 1 4 2 3 2 0 3 0 3 2 3 1 0 2 0 1 1 0 1 1 0 3 3 2 0 3 2 3 2 4 1 1 4 0 4 4 0 2 1 3 1 2 2 1 4 4 3 0 2 0 3 0 2 4 4 1 3 0 2 3 0 0 0 0 0 0 1 0 0 0 
#TS124
3 2 0 0 1 3 1 0 3 1 2 3 2 0 3 4 0 4 1 3 0 1 0 2 1 0 2 1 2 2 1 3 3 4 3 1 2 4 2 3 1 3 2 3 2 1 2 0 3 1 3 1 0 2 1 1 1 0 1 0 2 3 4 1 1 3 3 3 2 0 1 1 3 0 1 3 0 2 1 3 0 1 0 1 3 4 1 1 3 0 2 3 1 3 0 3 3 0 3 3 0 0 0 0 0 0 0 0 0 0 
3 1 0 0 1 3 1 0 1 0 2 3 2 1 3 4 0 4 1 3 0 2 0 1 2 0 3 2 3 2 1 3 2 3 3 1 3 3 2 3 1 3 2 3 2 1 2 0 3 2 3 1 0 2 1 2 1 0 1 0 2 3 3 2 1 3 2 3 2 1 1 1 3 0 1 4 0 2 1 2 1 2 0 0 4 4 1 1 2 0 3 3 2 3 1 3 3 0 3 3 0 0 0 0 0 0 0 0 0 0 
#TS125
3 1 0 0 1 3 1 0 1 1 2 3 2 0 3 4 1 4 1 3 0 1 0 2 2 0 1 1 2 2 1 3 2 3 3 1 3 3 2 3 1 3 2 3 2 1 2 0 3 2 2 1 0 2 1 1 1 0 1 0 2 3 4 2 1 2 2 3 2 1 1 1 3 0 0 3 0 2 1 3 2 1 0 0 4 4 1 1 2 0 3 3 2 4 1 3 3 0 3 3 0 0 0 0 0 0 0 0 0 0 
3 1 0 0 1 3 1 0 1 1 2 3 2 0 3 4 1 4 1 3 0 1 0 2 2 0 1 1 2 2 1 3 2 3 3 1 3 3 2 3 1 3 2 3 2 1 2 0 3 2 2 1 0 2 1 1 1 0 1 0 2 3 4 2 1 2 2 3 2 1 1 1 3 0 0 3 0 2 1 3 2 1 0 0 4 4 1 1 2 0 3 3 2 4 1 3 3 0 3 3 0 0 0 0 0 0 0 0 0 0 
#TS126
0 3 3 4 4 3 1 4 3 0 2 0 1 0 3 3 0 2 1 3 3 1 2 3 0 0 2 0 0 2 0 3 4 1 0 1 0 4 2 3 3 3 2 3 3 0 3 0 3 2 3 1 0 2 0 0 0 0 4 2 2 0 3 1 1 0 4 2 1 1 1 0 3 0 1 3 0 2 1 2 4 3 3 4 3 0 0 1 2 0 3 3 2 3 4 3 3 0 3 0 0 0 0 1 0 0 0 0 0 0 
0 3 4 3 4 4 1 4 1 0 2 1 2 0 3 4 0 2 1 3 4 1 1 2 0 0 1 0 0 2 0 3 4 0 0 2 1 3 2 3 3 3 2 3 2 0 2 0 3 1 3 1 0 2 0 0 0 0 4 2 2 0 3 2 1 1 3 2 1 1 1 0 2 0 1 3 0 2 1 3 3 3 3 4 4 0 0 1 3 0 4 3 2 4 4 3 3 0 3 0 0 0 0 0 0 0 0 0 0 0 
#TS127
0 2 3 3 3 3 3 4 2 0 1 3 3 0 0 3 0 3 2 3 0 1 0 2 0 0 2 1 2 2 3 2 2 3 3 0 3 3 2 3 1 3 2 4 1 0 3 0 3 2 3 1 0 3 0 1 0 0 2 1 0 3 4 2 0 2 2 3 3 4 2 2 3 0 4 3 0 2 1 3 1 1 3 4 1 4 4 0 2 0 3 0 2 4 3 1 3 0 3 3 0 0 0 0 0 0 0 0 0 0 
0 3 3 3 2 3 3 3 1 0 1 3 2 0 2 3 0 3 1 3 0 2 0 2 1 0 2 1 2 2 1 3 2 3 3 1 3 4 1 3 1 3 3 3 2 0 3 0 3 2 3 1 0 3 0 1 0 0 2 1 1 4 3 3 0 3 2 3 2 4 2 1 3 0 1 3 0 2 1 3 1 2 2 3 2 4 2 0 2 0 2 3 2 4 3 2 3 0 3 3 0 0 0 0 0 0 0 0 0 0 
#TS128
0 3 1 4 2 3 2 3 2 0 2 4 0 0 4 0 2 4 0 3 3 1 1 2 0 0 2 1 2 2 1 2 2 3 3 2 1 3 2 1 3 3 2 3 1 0 2 0 3 2 3 1 0 2 1 2 0 0 1 0 2 3 3 2 1 2 2 2 3 3 1 1 4 0 1 3 0 2 1 3 0 1 1 4 2 4 1 0 3 3 2 3 2 4 2 3 2 0 3 3 0 0 0 0 0 0 0 0 0 0 
1 4 0 2 2 4 1 3 1 1 2 3 1 0 3 2 2 4 0 3 3 1 0 1 0 0 3 1 1 2 1 3 3 3 3 3 2 2 2 1 2 3 2 3 2 0 2 0 3 2 2 1 0 2 1 2 2 0 0 0 2 3 3 1 1 3 1 3 3 2 1 1 3 0 1 3 0 2 1 3 1 2 0 4 2 4 3 0 3 2 3 3 2 4 2 3 3 0 3 3 0 0 0 0 0 0 0 0 0 0 
#TS129
0 3 4 3 2 3 4 4 3 0 2 3 3 0 0 3 0 4 2 3 0 1 0 2 0 0 2 1 2 2 3 3 2 3 3 0 3 3 1 4 1 3 2 3 2 0 3 0 3 2 3 1 0 3 0 1 1 0 1 1 0 4 3 3 0 4 3 3 3 3 1 1 3 0 4 3 0 2 1 2 1 3 3 3 2 4 3 0 2 0 4 0 1 4 4 1 3 0 3 3 0 0 0 0 0 0 1 0 0 0 
0 2 3 3 3 3 3 4 2 0 1 3 3 0 0 3 0 3 2 3 0 1 0 2 0 0 2 1 2 2 3 2 2 3 3 0 3 3 2 3 1 3 2 4 1 0 3 0 3 2 3 1 0 3 0 1 0 0 2 1 0 3 4 2 0 2 2 3 3 4 2 2 3 0 4 3 0 2 1 3 1 1 3 4 1 4 4 0 2 0 3 0 2 4 3 1 3 0 3 3 0 0 0 0 0 0 0 0 0 0 
#TS130
1 1 2 0 1 3 3 1 0 0 2 2 0 0 1 4 0 4 0 1 0 1 3 2 0 0 2 1 1 3 1 3 3 3 0 2 1 3 2 3 4 3 1 3 0 1 2 0 3 0 4 0 0 4 0 1 0 2 1 0 1 3 3 2 1 3 2 1 4 2 1 2 3 0 3 3 0 2 1 3 1 2 0 2 2 4 1 1 3 2 3 3 2 2 2 3 4 0 2 1 0 0 0 0 1 0 0 0 0 0 
0 1 3 1 2 3 3 1 0 0 2 3 0 0 1 4 0 4 0 2 0 1 3 1 0 0 2 1 2 3 1 3 2 3 0 2 1 3 3 3 4 3 2 3 0 0 2 0 3 0 3 0 0 4 0 1 0 2 2 0 2 3 2 2 1 3 2 2 4 4 1 1 3 0 2 3 0 2 1 2 0 2 0 3 2 4 1 1 4 2 3 3 2 2 2 3 3 0 2 1 0 0 0 0 1 0 0 0 0 0 
#TS131
3 1 0 0 1 3 1 0 1 1 1 3 1 0 3 3 0 3 1 3 0 1 0 2 2 0 2 2 2 2 1 4 1 3 3 1 3 3 2 3 1 3 2 3 2 0 2 0 3 2 4 1 0 2 1 0 1 0 1 0 2 3 3 2 1 3 2 3 2 1 1 1 3 0 1 2 0 1 1 2 1 2 0 1 4 4 1 0 2 0 3 3 2 4 2 3 4 0 3 3 0 0 0 0 0 0 0 0 0 0 
3 1 0 0 1 3 1 0 2 1 2 3 1 0 2 4 0 4 1 2 0 2 0 2 2 0 1 2 2 2 1 2 2 3 3 1 3 3 2 3 1 3 1 3 2 1 2 0 3 2 3 1 0 2 1 0 1 0 1 0 2 3 3 2 1 3 3 4 2 1 1 1 2 0 1 3 0 2 1 2 1 2 0 1 3 4 1 1 2 0 4 3 2 4 3 3 3 0 3 3 0 0 0 0 0 0 0 0 0 0 
#TS132
1 1 2 0 2 3 4 2 1 0 2 3 3 0 1 3 0 3 2 3 1 2 0 3 0 0 1 1 2 2 2 3 2 3 3 0 3 3 1 3 1 3 2 4 2 0 3 0 3 2 3 0 0 3 0 0 0 0 1 2 0 4 3 2 0 3 2 3 3 4 2 1 3 0 4 3 0 2 1 3 1 1 2 3 1 4 4 0 2 0 3 0 1 3 3 1 3 0 2 3 0 0 0 0 0 0 1 0 0 0 
0 2 3 1 1 3 3 2 0 0 2 3 4 0 1 4 0 3 3 3 1 1 0 2 0 0 2 1 2 1 4 3 3 2 3 0 3 3 1 3 1 3 3 3 2 0 3 0 3 2 3 1 0 3 0 1 1 0 1 1 0 4 3 2 0 2 2 3 3 4 2 1 3 1 4 3 0 1 1 3 0 1 2 3 1 4 4 0 3 0 3 0 2 4 4 1 3 0 2 3 0 0 0 0 0 0 1 0 0 0 
#TS133
3 1 0 0 1 3 1 0 1 1 2 3 2 0 3 4 0 4 1 3 0 2 0 2 1 0 1 1 2 2 1 2 2 3 4 2 3 3 2 3 1 3 1 3 2 0 2 0 3 2 3 1 0 2 1 1 1 0 1 0 2 3 3 2 1 3 2 3 2 2 1 0 3 0 1 3 0 2 1 3 1 2 0 1 3 4 1 0 2 0 3 3 2 3 2 3 3 0 4 3 0 0 0 0 0 0 0 0 0 0 
3 1 0 0 1 3 1 0 1 1 2 3 2 0 3 4 0 4 1 3 0 2 0 2 1 0 1 1 2 2 1 2 2 3 4 2 3 3 2 3 1 3 1 3 2 0 2 0 3 2 3 1 0 2 1 1 1 0 1 0 2 3 3 2 1 3 2 3 2 2 1 0 3 0 1 3 0 2 1 3 1 2 0 1 3 4 1 0 2 0 3 3 2 3 2 3 3 0 4 3 0 0 0 0 0 0 0 0 0 0 
#TS134
3 1 0 0 1 3 1 0 1 0 2 3 2 1 3 4 0 4 1 3 0 2 0 1 2 0 3 2 3 2 1 3 2 3 3 1 3 3 2 3 1 3 2 3 2 1 2 0 3 2 3 1 0 2 1 2 1 0 1 0 2 3 3 2 1 3 2 3 2 1 1 1 3 0 1 4 0 2 1 2 1 2 0 0 4 4 1 1 2 0 3 3 2 3 1 3 3 0 3 3 0 0 0 0 0 0 0 0 0 0 
3 1 1 0 1 3 1 0 1 1 2 3 2 0 3 4 0 3 2 3 0 2 0 1 2 0 2 1 2 2 1 3 2 4 3 1 3 4 2 3 1 3 2 3 2 0 1 0 3 2 3 1 0 2 1 1 1 0 1 0 2 3 3 1 1 3 2 3 1 1 1 0 3 0 1 3 0 2 1 2 1 1 0 1 4 4 1 0 3 0 3 3 2 4 1 3 3 0 3 3 0 0 0 0 0 0 0 0 0 0 
#TS135
3 1 0 0 1 3 0 0 1 1 2 3 2 0 2 4 1 4 0 0 0 1 0 4 1 0 2 2 3 3 1 3 2 2 3 2 3 3 1 2 1 3 1 1 3 4 1 0 3 2 3 1 0 2 0 3 1 0 1 0 2 2 1 2 1 3 2 4 2 2 1 1 2 0 1 3 0 2 1 2 1 1 0 0 3 4 2 1 2 2 3 2 3 3 0 3 3 0 3 3 0 0 0 0 0 0 0 0 0 0 
2 1 0 0 0 3 1 0 1 1 2 3 2 0 3 4 1 4 0 1 0 1 0 3 1 0 1 1 2 2 1 3 2 3 3 2 3 3 1 2 1 3 1 2 2 2 1 0 3 2 3 1 0 2 1 1 2 0 1 0 2 2 2 2 1 3 2 3 2 1 1 1 3 0 1 3 0 2 1 3 1 1 0 1 4 4 2 0 2 0 3 3 2 4 1 3 3 0 3 3 0 0 0 0 0 0 0 0 0 0 
#TS136
0 2 2 1 4 3 1 2 2 0 1 3 4 3 0 4 0 2 3 0 0 1 0 2 3 0 2 1 1 4 2 3 0 3 3 0 3 3 1 3 0 2 2 3 2 4 3 0 0 4 3 1 0 4 1 0 1 0 1 0 2 2 0 3 0 3 2 4 2 4 1 1 2 0 1 3 0 0 0 2 0 0 1 2 0 4 2 0 2 0 3 0 2 0 0 0 3 0 1 3 0 0 0 0 0 0 0 0 0 0 
0 3 2 1 3 3 2 2 1 0 1 3 2 1 1 3 0 2 4 0 0 1 0 2 3 0 2 1 2 3 1 3 2 3 3 0 3 3 1 3 1 3 2 3 2 4 2 0 3 4 2 1 0 3 1 0 1 0 1 0 2 2 1 2 0 3 2 4 2 3 1 1 3 0 2 3 0 1 1 2 2 0 1 1 1 4 3 0 2 0 3 3 2 2 0 2 3 0 2 3 0 0 0 0 0 0 0 0 0 0 
#TS137
3 1 0 0 1 3 0 0 2 1 2 3 2 0 3 3 0 4 1 3 0 1 0 2 3 0 2 1 1 2 1 3 2 3 3 2 3 2 2 3 1 3 1 3 2 0 2 0 3 2 3 1 0 2 1 0 1 0 1 0 1 3 3 2 1 2 2 3 2 1 1 1 4 0 1 3 0 2 2 3 1 2 0 1 4 4 1 1 2 0 3 3 3 4 2 3 3 0 3 3 0 0 0 0 0 0 0 0 0 0 
3 1 0 0 1 3 0 0 2 1 2 3 2 0 3 3 0 4 1 3 0 1 0 2 3 0 2 1 1 2 1 3 2 3 3 2 3 2 2 3 1 3 1 3 2 0 2 0 3 2 3 1 0 2 1 0 1 0 1 0 1 3 3 2 1 2 2 3 2 1 1 1 4 0 1 3 0 2 2 3 1 2 0 1 4 4 1 1 2 0 3 3 3 4 2 3 3 0 3 3 0 0 0 0 0 0 0 0 0 0 
#TS138
3 1 0 0 0 3 1 0 1 1 2 3 2 0 3 4 0 4 1 3 0 1 0 2 2 0 2 1 2 2 1 3 2 3 3 1 3 3 2 3 1 3 2 3 3 0 2 0 3 2 3 1 0 2 1 1 1 0 1 0 1 3 2 2 1 3 2 3 2 1 1 0 3 0 1 3 0 2 1 3 2 2 0 1 3 4 1 1 1 0 3 3 2 3 1 3 3 0 3 3 0 0 0 0 0 0 0 0 0 0 
3 1 0 0 0 3 1 0 1 1 2 3 2 0 3 4 0 4 1 3 0 1 0 2 2 0 2 1 2 2 1 3 2 3 3 1 3 3 2 3 1 3 2 3 3 0 2 0 3 2 3 1 0 2 1 1 1 0 1 0 1 3 2 2 1 3 2 3 2 1 1 0 3 0 1 3 0 2 1 3 2 2 0 1 3 4 1 1 1 0 3 3 2 3 1 3 3 0 3 3 0 0 0 0 0 0 0 0 0 0 
#TS139
3 0 0 0 1 3 1 0 1 0 2 1 2 4 3 4 0 4 1 3 1 1 0 2 1 0 3 1 2 2 4 3 2 3 4 1 3 3 2 3 2 4 2 4 1 0 2 0 3 2 3 1 0 2 1 1 1 0 1 0 0 1 2 2 1 0 2 4 2 1 3 1 3 0 1 3 0 1 1 0 1 1 0 1 3 3 1 1 1 0 4 3 2 4 2 4 3 0 0 3 0 0 0 0 0 0 0 1 0 0 
3 0 0 0 1 3 2 0 1 0 2 0 2 4 3 4 0 4 1 3 0 1 0 2 0 0 2 1 2 2 3 3 1 3 3 1 3 4 3 3 2 3 2 3 2 0 2 0 3 2 3 2 0 3 1 1 1 0 1 0 1 2 3 3 1 0 2 3 2 1 4 1 3 0 1 3 0 1 1 0 1 1 0 1 3 3 1 1 2 0 3 3 2 4 2 3 3 0 0 3 0 0 0 0 0 0 0 1 0 0 
#TS140
3 1 0 0 1 3 1 0 1 1 2 3 2 0 3 4 0 4 1 3 0 1 0 2 2 0 2 1 2 2 1 3 2 3 3 1 3 3 2 3 1 3 2 3 2 0 2 0 3 2 3 1 0 2 1 1 1 0 1 0 2 3 3 2 1 3 2 3 2 1 1 1 3 0 1 3 0 2 1 3 1 2 0 1 3 4 1 1 2 0 3 3 2 4 2 3 3 0 3 3 1 0 0 0 0 0 0 0 0 0 
2 1 2 0 1 3 1 0 0 1 2 3 2 2 3 4 0 4 1 3 0 1 0 0 2 0 4 0 2 3 1 3 2 1 3 1 3 3 3 3 2 3 2 4 2 0 2 0 3 1 3 2 1 2 1 0 1 3 1 0 2 3 3 2 0 2 1 4 2 1 1 3 2 0 1 3 0 2 1 3 2 3 2 2 2 4 1 1 2 0 3 3 2 4 2 1 3 0 3 3 1 0 0 0 0 0 0 0 0 0 
#TS141
3 1 0 0 1 3 3 0 1 0 2 2 2 2 1 4 0 1 1 3 0 2 3 1 2 0 2 0 3 2 1 3 2 3 3 1 3 1 2 3 2 2 2 2 2 0 2 0 3 2 3 1 0 2 1 0 1 1 1 0 0 3 3 2 1 2 2 3 2 1 1 3 3 0 3 2 0 2 0 3 1 3 0 1 3 3 1 1 2 0 3 1 2 3 2 3 3 0 2 2 0 1 0 0 0 0 0 0 0 0 
4 1 0 0 1 3 3 0 3 0 2 3 2 2 0 4 0 1 2 3 0 3 3 0 2 0 2 0 3 2 1 2 2 3 3 1 3 0 2 3 2 2 2 1 3 0 2 2 3 2 3 1 0 2 0 0 0 1 1 1 0 3 4 2 1 2 2 3 2 1 1 2 2 0 4 3 0 2 0 3 1 2 0 0 3 3 1 1 2 0 3 1 2 4 2 3 3 0 1 2 0 1 0 0 0 0 0 0 0 0 
#TS142
0 0 3 2 2 3 1 2 2 0 2 1 2 3 3 4 0 4 1 2 0 2 0 1 0 0 2 1 2 2 4 3 2 2 3 1 3 3 2 3 3 3 3 3 1 2 2 0 3 2 2 1 0 3 1 1 1 0 1 0 0 0 2 3 1 0 2 3 2 1 4 2 3 0 1 3 0 1 0 0 2 1 2 4 4 2 1 1 2 1 4 3 3 4 0 3 3 0 0 3 0 0 0 0 0 0 0 0 0 0 
0 2 1 2 2 3 2 3 3 0 2 3 2 1 3 3 0 4 1 2 0 1 0 1 0 0 2 1 2 2 1 2 2 3 3 1 3 4 3 3 3 3 2 4 1 2 2 0 3 2 3 1 0 3 1 1 1 0 1 0 1 2 2 2 1 1 2 3 2 1 3 2 3 0 1 3 0 1 1 2 1 1 2 3 3 4 1 1 2 0 3 3 2 4 0 3 3 0 2 3 0 0 0 0 0 0 0 0 0 0 
#TS143
3 1 0 0 1 3 3 1 0 0 2 3 3 0 1 3 0 3 1 3 1 1 0 2 0 0 1 1 2 2 2 3 2 2 3 0 4 4 2 3 1 4 2 3 2 0 3 0 3 2 3 1 0 2 0 1 1 0 1 1 0 3 3 2 0 3 2 3 2 4 1 1 4 0 4 4 0 2 1 3 1 2 2 1 4 4 3 0 2 0 3 0 2 4 4 1 3 0 2 3 0 0 0 0 0 0 1 0 0 0 
2 1 1 0 1 3 3 1 1 0 2 4 3 0 0 4 0 3 2 3 2 1 0 1 0 0 1 0 2 2 2 3 1 3 3 0 3 3 1 3 1 3 2 3 2 0 2 0 3 2 3 1 0 2 0 1 0 0 1 1 0 4 3 2 0 3 1 3 3 4 1 2 4 0 4 3 0 2 1 3 1 2 2 1 2 4 3 0 2 0 4 0 2 4 4 1 3 0 3 3 0 0 0 0 0 0 1 0 0 0 
#TS144
3 1 0 0 1 3 1 0 1 1 2 3 2 0 3 4 0 4 1 3 0 1 0 2 2 0 2 1 2 2 1 3 2 3 3 1 3 3 2 3 1 3 2 3 2 0 2 0 3 2 3 1 0 2 1 1 1 0 1 0 2 3 3 2 1 3 2 3 2 1 1 1 3 0 1 3 0 2 1 3 1 2 0 1 3 4 1 1 2 0 3 3 2 4 2 3 3 0 3 3 0 0 0 1 0 0 0 0 0 0 
2 1 1 0 1 3 1 0 0 0 2 1 2 0 2 4 0 2 1 3 0 2 0 2 2 0 2 0 1 2 1 3 2 1 1 1 4 3 2 3 3 3 2 3 2 0 3 0 3 1 2 2 0 2 0 1 1 0 2 1 3 0 3 1 1 1 2 4 2 1 1 0 3 0 1 3 0 2 1 2 3 3 0 2 4 0 1 1 2 0 2 2 2 4 3 3 3 0 3 0 0 0 0 1 0 0 0 0 0 0 
#TS145
3 1 0 0 1 3 1 0 1 1 2 3 2 0 3 4 0 4 1 3 0 1 0 2 2 0 2 1 2 2 1 3 2 3 3 1 3 3 2 3 1 3 2 3 2 0 2 0 3 2 3 1 0 2 1 1 1 0 1 0 2 3 3 2 1 3 2 3 2 1 1 1 3 0 1 3 0 2 1 3 1 2 0 1 3 4 1 1 2 0 3 3 2 4 2 3 3 0 3 3 0 1 0 0 0 0 0 0 0 0 
3 1 0 0 1 3 3 0 1 0 2 2 2 2 1 4 0 1 1 3 0 2 3 1 2 0 2 0 3 2 1 3 2 3 3 1 3 1 2 3 2 2 2 2 2 0 2 0 3 2 3 1 0 2 1 0 1 1 1 0 0 3 3 2 1 2 2 3 2 1 1 3 3 0 3 2 0 2 0 3 1 3 0 1 3 3 1 1 2 0 3 1 2 3 2 3 3 0 2 2 0 1 0 0 0 0 0 0 0 0 
#TS146
3 0 0 0 1 3 1 0 1 1 2 3 1 0 3 4 0 3 1 3 0 1 0 2 3 0 2 1 2 2 1 3 2 3 3 1 3 3 2 3 1 3 2 3 2 1 2 0 3 2 3 1 0 2 1 1 1 0 1 0 2 3 3 2 1 3 2 4 2 1 1 0 3 0 1 2 0 2 1 4 1 2 0 1 3 4 1 1 2 0 3 3 2 4 2 3 2 0 3 2 0 0 0 0 0 0 0 0 0 0 
2 1 0 0 1 3 1 0 1 1 2 3 1 0 3 4 0 4 1 3 0 1 0 2 2 0 2 1 2 2 1 3 2 4 3 1 3 3 2 3 1 3 2 3 2 0 2 0 3 2 3 1 0 2 1 1 1 0 1 0 2 3 3 2 1 2 2 3 2 1 1 1 3 0 1 3 0 2 2 2 1 2 0 1 3 4 1 1 2 0 3 3 2 4 2 3 3 0 4 3 0 0 0 0 0 0 0 0 0 0 
#TS147
3 4 0 0 2 3 1 1 1 1 2 3 2 0 4 4 0 4 1 2 0 1 0 2 1 0 2 1 2 2 1 3 3 3 2 1 3 3 2 3 1 3 2 3 2 2 3 0 3 1 3 2 0 3 1 1 1 0 1 0 2 3 2 2 1 3 2 4 2 0 1 1 3 0 1 3 0 2 1 2 1 1 0 2 3 4 1 1 4 0 3 3 2 4 0 4 3 0 3 3 0 0 0 0 0 0 0 0 0 0 
3 2 0 0 1 3 1 0 3 1 2 3 2 0 3 4 0 4 1 3 0 1 0 2 1 0 2 1 2 2 1 3 3 4 3 1 2 4 2 3 1 3 2 3 2 1 2 0 3 1 3 1 0 2 1 1 1 0 1 0 2 3 4 1 1 3 3 3 2 0 1 1 3 0 1 3 0 2 1 3 0 1 0 1 3 4 1 1 3 0 2 3 1 3 0 3 3 0 3 3 0 0 0 0 0 0 0 0 0 0 
#TS148
3 1 0 0 1 3 1 0 1 1 2 3 2 0 3 4 0 4 1 3 0 1 0 2 2 1 2 1 2 2 1 3 2 3 3 1 3 3 2 3 1 3 2 3 2 1 1 0 3 2 3 1 0 1 1 1 1 0 1 0 2 2 2 2 1 3 2 3 2 1 1 1 3 0 1 3 0 2 1 3 1 2 0 1 3 4 2 1 1 0 4 3 2 4 1 3 3 0 3 3 0 0 0 0 0 0 0 0 0 0 
3 1 0 0 0 3 1 0 1 1 2 3 2 0 3 4 0 4 1 2 0 2 0 2 2 0 2 1 2 2 1 3 2 3 3 1 3 4 2 3 1 3 2 2 3 0 2 0 3 2 3 1 0 2 1 1 1 0 1 0 1 3 3 1 1 3 2 3 2 1 1 1 3 0 1 4 0 2 1 3 0 2 0 1 3 4 1 1 2 0 4 3 2 4 2 3 3 0 3 3 0 0 0 0 0 0 0 0 0 0 
#TS149
3 1 0 0 1 3 1 1 3 1 2 3 3 1 3 3 0 3 1 4 0 1 1 2 2 0 2 1 2 2 1 3 2 3 2 2 3 3 2 3 1 3 2 3 2 1 2 0 3 2 4 1 0 2 1 0 1 0 1 0 2 3 2 2 1 3 1 3 2 1 1 1 3 0 1 3 0 2 1 3 1 1 0 1 4 4 2 1 2 0 4 3 2 4 1 4 3 0 4 3 0 0 0 0 0 0 0 0 0 0 
3 1 0 0 1 3 1 0 3 1 2 3 2 0 3 4 0 4 1 1 0 1 0 2 2 0 1 1 3 1 1 3 2 3 3 1 3 3 2 3 1 4 2 3 2 0 2 0 3 2 3 1 0 2 1 1 1 0 1 0 2 3 3 2 1 3 2 3 2 1 0 1 3 0 1 3 0 2 1 3 1 1 0 1 4 4 1 1 2 0 3 3 2 4 2 3 3 0 3 3 0 0 0 0 0 0 0 0 0 0 
#TS150
0 4 2 4 2 3 1 4 1 0 2 3 1 0 3 4 0 4 1 3 3 1 2 2 0 0 1 1 1 2 1 3 3 3 2 2 2 2 2 3 2 3 2 3 2 0 2 0 3 2 3 1 0 2 1 0 1 0 1 1 2 3 3 1 1 1 4 3 1 1 1 1 3 0 1 3 0 2 1 3 1 2 2 4 4 3 0 1 2 0 4 3 3 4 4 4 3 0 4 3 0 0 0 0 0 0 0 0 0 0 
0 3 0 3 2 4 1 4 3 0 2 3 2 0 3 4 0 4 1 3 2 1 1 2 0 0 2 1 2 1 1 3 2 3 2 1 3 3 2 3 2 3 2 3 3 0 2 0 3 2 3 1 0 2 1 1 1 0 1 0 3 4 4 1 1 2 3 3 1 1 1 0 3 0 1 3 0 2 2 3 1 1 1 3 3 4 1 1 2 0 3 2 2 4 2 4 2 0 3 3 0 0 0 0 0 0 0 0 0 0 
#TS151
2 2 0 0 1 1 4 1 1 0 2 2 1 2 0 4 0 0 1 3 2 3 4 0 0 0 1 1 1 2 1 3 3 3 3 1 3 0 1 3 2 1 2 0 4 0 2 3 4 2 3 1 0 2 0 0 1 1 1 1 0 4 3 2 1 3 2 3 2 2 1 2 0 1 2 2 0 2 0 2 1 2 0 2 3 4 1 0 1 0 4 1 3 4 3 3 2 0 1 2 0 1 0 0 0 0 0 0 0 0 
3 1 0 0 1 1 4 1 1 0 2 3 2 2 0 4 1 0 1 3 2 3 3 0 0 0 1 1 2 4 1 3 4 4 3 1 3 0 1 3 1 1 2 0 3 0 2 3 3 2 3 1 0 2 0 0 1 1 1 1 0 3 3 1 1 3 3 3 2 1 0 2 0 1 2 3 0 2 0 3 1 3 0 1 4 3 1 0 2 0 4 1 3 4 3 4 3 0 1 2 0 1 0 0 0 0 0 0 0 0 
#TS152
3 2 0 0 1 3 1 0 2 1 2 3 2 0 3 3 0 4 1 2 0 1 0 2 3 0 1 2 3 2 1 4 2 2 3 1 3 3 2 3 1 3 2 3 3 0 2 0 4 2 3 2 0 2 1 1 1 0 1 0 2 2 2 1 1 3 1 3 2 1 1 0 3 0 0 3 0 3 1 3 1 2 0 0 4 4 1 1 2 0 3 3 2 4 2 3 3 0 3 3 0 0 0 0 0 0 0 0 0 0 
3 1 0 0 1 3 1 0 1 2 2 3 2 0 3 3 0 4 1 3 0 2 0 2 3 1 2 1 2 2 1 3 2 3 3 1 4 3 1 3 1 3 2 3 2 0 2 0 3 2 3 1 0 2 1 1 1 0 1 0 2 4 2 2 1 3 3 3 2 1 1 0 3 0 0 2 1 2 1 3 1 2 0 0 3 4 1 1 2 0 3 3 2 4 2 3 3 0 3 3 0 0 0 0 0 0 0 0 0 0 
#TS153
0 3 2 3 2 3 2 4 3 1 2 3 2 2 4 4 0 4 1 2 1 1 2 0 0 0 4 0 0 2 0 2 4 0 3 1 3 3 2 3 2 3 2 3 2 0 2 0 3 0 3 1 0 3 1 1 1 3 1 1 1 3 3 0 0 3 2 3 0 3 2 4 3 0 1 3 0 2 2 3 1 3 4 4 3 4 1 1 2 0 4 3 2 3 4 1 3 0 3 3 1 0 0 0 0 0 0 0 0 0 
0 3 3 3 2 4 1 4 3 1 2 3 2 2 3 4 0 4 1 3 1 1 2 0 0 0 3 0 0 2 0 2 4 0 3 0 3 4 2 3 2 3 2 3 2 0 2 0 4 0 3 1 1 3 1 1 1 4 1 1 2 4 3 0 0 3 2 3 0 3 2 3 4 1 1 3 0 2 2 3 2 4 3 3 2 4 1 1 2 0 3 3 2 4 4 1 3 0 3 3 1 0 0 0 0 0 0 0 0 0 
#TS154
3 1 1 0 1 3 1 0 1 1 2 3 2 0 3 3 0 4 1 3 0 1 0 2 2 0 1 1 2 2 2 3 2 3 2 1 3 3 2 3 1 3 2 4 2 0 2 0 3 2 3 1 0 2 1 1 1 0 1 0 2 3 3 2 1 3 2 3 2 1 1 1 3 0 1 3 0 2 1 3 1 2 0 1 3 4 1 1 2 0 3 3 2 4 2 4 3 0 3 3 0 0 0 0 0 0 0 0 0 0 
2 1 0 0 1 3 1 0 0 1 2 3 2 0 3 4 0 4 1 3 0 1 0 2 2 0 1 1 2 1 2 3 2 3 3 1 3 2 2 3 1 3 1 3 2 0 2 0 3 2 3 2 1 2 1 1 1 0 0 0 2 3 2 2 1 2 1 3 2 1 1 1 3 0 1 3 0 2 1 3 1 2 0 1 4 4 1 1 3 0 3 3 2 4 2 3 3 0 3 3 0 0 0 0 0 0 0 0 0 0 
#TS155
0 3 4 3 2 3 1 3 3 1 2 3 2 2 3 4 0 4 1 3 1 1 1 0 0 0 3 0 0 1 0 1 4 0 3 1 3 2 3 3 3 3 3 4 2 0 2 0 3 0 3 1 0 3 1 1 1 4 1 1 2 4 2 0 0 3 3 3 0 2 3 3 3 0 1 3 0 2 2 3 1 3 3 3 3 4 1 1 3 0 3 3 3 4 4 0 3 0 3 3 1 0 0 0 0 0 0 0 0 0 
0 3 2 3 2 3 2 4 3 1 2 3 2 2 4 4 0 4 1 2 1 1 2 0 0 0 4 0 0 2 0 2 4 0 3 1 3 3 2 3 2 3 2 3 2 0 2 0 3 0 3 1 0 3 1 1 1 3 1 1 1 3 3 0 0 3 2 3 0 3 2 4 3 0 1 3 0 2 2 3 1 3 4 4 3 4 1 1 2 0 4 3 2 3 4 1 3 0 3 3 1 0 0 0 0 0 0 0 0 0 
#TS156
3 0 0 0 1 3 2 0 1 0 2 0 2 4 3 4 0 4 1 3 0 1 0 2 0 0 2 1 2 2 3 3 1 3 3 1 3 4 3 3 2 3 2 3 2 0 2 0 3 2 3 2 0 3 1 1 1 0 1 0 1 2 3 3 1 0 2 3 2 1 4 1 3 0 1 3 0 1 1 0 1 1 0 1 3 3 1 1 2 0 3 3 2 4 2 3 3 0 0 3 0 0 0 0 0 0 0 1 0 0 
3 0 0 0 1 3 1 0 1 0 2 0 2 3 3 3 0 3 1 2 0 1 0 2 0 0 2 2 2 2 4 2 1 3 4 1 3 3 2 3 2 3 2 3 2 1 2 0 3 2 3 1 0 3 1 0 1 0 1 0 0 1 3 3 1 0 2 3 2 1 3 3 3 0 1 3 0 1 1 0 2 1 0 1 4 3 1 1 2 0 4 3 2 4 0 3 3 0 0 3 0 0 0 0 0 0 0 1 0 0 
#TS157
2 0 0 0 1 3 1 0 0 1 2 3 2 1 3 4 0 4 1 2 0 1 0 2 2 0 2 1 2 2 1 3 2 3 3 1 4 3 3 3 1 3 2 3 2 0 2 0 3 2 3 1 0 2 1 0 1 0 1 0 2 3 3 1 1 3 2 3 2 1 1 1 2 0 1 4 0 2 1 3 1 2 0 2 3 3 1 1 2 0 3 4 2 4 2 3 3 0 3 3 0 0 0 0 0 0 0 0 0 0 
3 1 0 0 1 3 1 0 1 1 2 3 2 0 2 3 0 4 1 3 0 2 0 2 2 0 1 2 2 2 1 3 2 3 3 1 3 3 2 3 1 3 2 3 2 0 2 0 3 2 3 1 0 2 1 0 1 0 1 0 3 3 3 1 1 3 2 3 2 1 1 1 3 0 1 3 0 1 0 3 1 2 0 1 2 4 1 1 2 0 4 3 2 4 2 3 3 0 3 3 0 0 0 0 0 0 0 0 0 0 
#TS158
2 1 2 0 1 3 1 0 0 1 2 3 2 2 3 4 0 4 1 3 0 1 0 0 2 0 4 0 2 3 1 3 2 1 3 1 3 3 3 3 2 3 2 4 2 0 2 0 3 1 3 2 1 2 1 0 1 3 1 0 2 3 3 2 0 2 1 4 2 1 1 3 2 0 1 3 0 2 1 3 2 3 2 2 2 4 1 1 2 0 3 3 2 4 2 1 3 0 3 3 1 0 0 0 0 0 0 0 0 0 
0 1 2 0 1 3 1 0 2 1 2 3 2 2 2 4 0 4 1 3 0 1 0 0 1 0 3 0 1 4 0 3 3 0 3 1 4 3 2 3 3 3 2 3 2 0 2 0 3 1 3 2 1 2 1 1 1 3 0 0 3 4 3 2 0 3 1 4 2 1 3 4 3 0 1 2 0 2 1 3 1 3 3 3 2 4 1 1 2 0 3 3 2 4 2 1 3 0 3 3 1 0 0 0 0 0 0 0 0 0 
#TS159
2 3 0 0 1 1 0 0 2 1 2 3 1 0 0 4 1 4 1 0 0 4 3 3 0 0 3 1 3 3 1 3 2 3 3 1 3 0 0 4 4 2 0 3 0 4 2 4 4 0 3 1 0 3 0 1 0 0 1 3 1 2 0 1 0 3 3 3 4 0 0 1 2 0 1 3 0 0 1 3 1 0 0 0 3 4 0 4 2 4 2 3 1 1 0 3 0 0 2 3 0 0 0 0 0 0 0 0 0 0 
4 2 0 0 1 1 0 0 1 1 2 2 1 0 2 4 1 4 0 1 0 1 0 4 0 0 2 1 3 3 1 3 2 3 3 1 3 2 0 3 2 2 0 1 2 3 1 3 3 1 3 1 0 2 0 3 0 0 2 0 1 2 1 2 0 3 2 4 3 2 0 0 2 0 1 3 0 1 1 3 1 0 0 0 3 4 1 1 2 3 2 3 2 3 0 3 2 1 3 3 0 0 0 0 0 0 0 0 0 0 
#TS160
4 0 0 0 1 3 1 0 2 1 2 3 2 0 3 4 0 4 1 3 0 1 0 2 2 0 2 1 2 2 1 3 2 4 3 2 3 3 2 3 2 3 1 3 2 1 1 0 3 2 3 2 0 2 1 2 1 0 1 0 2 3 3 2 1 3 1 3 2 1 1 0 3 0 1 3 0 2 1 3 1 2 0 0 3 4 2 0 2 0 3 3 2 4 1 3 3 0 3 3 0 0 0 0 0 0 0 0 0 0 
3 1 0 0 1 3 1 0 1 1 1 3 2 0 3 4 0 4 1 4 0 1 0 2 3 0 3 1 2 2 1 2 2 3 3 2 3 3 3 3 1 3 2 3 1 1 2 0 3 2 3 1 0 2 1 1 1 0 1 0 2 3 2 3 2 3 2 3 3 1 1 1 3 0 1 3 0 2 1 2 1 1 0 1 4 4 2 0 2 0 3 3 2 4 1 3 3 0 3 3 0 0 0 0 0 0 0 0 0 0 
#TS161
3 1 0 0 1 1 3 0 3 0 2 3 2 1 0 4 0 0 1 2 2 3 3 0 0 0 2 1 2 3 1 2 3 2 2 1 3 0 1 3 1 1 2 0 3 0 2 4 3 2 3 1 0 2 1 0 1 1 1 1 0 4 3 2 1 3 3 3 2 1 1 2 0 2 2 3 0 2 0 3 1 3 0 1 3 4 1 0 2 0 3 2 2 4 3 3 3 0 1 2 0 0 0 0 0 0 0 0 0 0 
3 1 1 0 1 1 2 0 2 1 2 3 2 1 2 4 0 4 1 3 0 1 0 2 1 0 2 2 2 2 1 3 2 3 3 1 3 3 1 2 1 1 1 0 3 2 2 2 3 2 2 1 0 2 1 0 0 0 1 1 2 3 3 2 1 3 3 3 2 1 1 1 1 2 0 3 0 2 1 2 1 2 0 2 4 4 1 0 2 0 3 3 2 4 3 3 3 0 3 3 0 0 0 0 0 0 0 0 0 0 
#TS162
2 1 2 0 1 3 3 0 0 0 2 3 1 0 2 4 0 4 0 3 0 1 4 2 0 0 3 1 2 3 2 3 2 4 0 1 1 3 2 3 4 3 2 3 0 0 2 0 3 0 4 0 0 4 1 1 0 2 2 0 1 4 2 2 1 3 2 1 3 3 1 1 3 0 3 3 0 3 1 2 1 2 0 1 3 4 1 1 3 2 3 3 2 2 2 3 3 0 2 1 0 0 0 0 1 0 0 0 0 0 
1 1 2 0 1 3 3 1 0 0 2 2 0 0 1 4 0 4 0 1 0 1 3 2 0 0 2 1 1 3 1 3 3 3 0 2 1 3 2 3 4 3 1 3 0 1 2 0 3 0 4 0 0 4 0 1 0 2 1 0 1 3 3 2 1 3 2 1 4 2 1 2 3 0 3 3 0 2 1 3 1 2 0 2 2 4 1 1 3 2 3 3 2 2 2 3 4 0 2 1 0 0 0 0 1 0 0 0 0 0 
#TS163
3 2 0 0 1 3 1 0 3 1 2 3 2 0 2 4 0 4 1 2 0 1 1 2 2 1 3 1 3 2 1 3 2 4 3 2 3 3 2 3 1 3 2 3 2 0 2 0 3 1 3 1 0 1 1 2 1 0 1 0 2 3 3 2 1 3 0 3 2 0 0 0 3 0 1 4 0 2 0 2 1 1 0 0 3 4 1 0 1 0 3 3 2 4 2 3 3 0 3 2 0 0 0 0 0 0 0 0 0 0 
3 0 0 0 0 3 1 0 1 1 2 3 2 1 3 4 0 4 1 3 0 1 0 2 2 0 3 1 2 2 1 3 2 3 3 2 3 3 2 3 1 3 2 3 3 0 2 0 3 1 3 1 0 1 1 1 1 0 1 0 2 3 3 2 1 3 1 3 2 1 1 1 2 0 1 3 0 2 1 3 1 1 0 1 3 4 2 0 1 0 3 3 2 4 2 3 3 0 3 3 0 0 0 0 0 0 0 0 0 0 
#TS164
3 0 0 0 1 3 3 0 0 0 1 3 1 0 2 4 0 4 1 2 0 2 4 2 0 0 2 1 2 3 1 3 2 3 0 1 1 3 2 4 4 3 2 3 0 0 2 0 3 0 3 0 0 4 1 1 0 2 2 0 1 3 3 2 1 4 4 1 2 2 1 1 3 0 2 4 0 2 1 3 1 2 0 1 3 4 0 1 2 1 3 3 1 2 2 4 3 0 2 1 0 0 0 0 1 0 0 0 0 0 
2 1 2 0 1 3 3 0 0 0 2 3 1 0 2 4 0 4 0 3 0 1 4 2 0 0 3 1 2 3 2 3 2 4 0 1 1 3 2 3 4 3 2 3 0 0 2 0 3 0 4 0 0 4 1 1 0 2 2 0 1 4 2 2 1 3 2 1 3 3 1 1 3 0 3 3 0 3 1 2 1 2 0 1 3 4 1 1 3 2 3 3 2 2 2 3 3 0 2 1 0 0 0 0 1 0 0 0 0 0 
#TS165
2 1 0 0 0 3 1 0 1 1 2 3 2 0 3 4 1 4 0 1 0 1 0 3 1 0 1 1 2 2 1 3 2 3 3 2 3 3 1 2 1 3 1 2 2 2 1 0 3 2 3 1 0 2 1 1 2 0 1 0 2 2 2 2 1 3 2 3 2 1 1 1 3 0 1 3 0 2 1 3 1 1 0 1 4 4 2 0 2 0 3 3 2 4 1 3 3 0 3 3 0 0 0 0 0 0 0 0 0 0 
3 1 0 0 1 3 0 0 1 1 1 3 2 0 3 3 1 4 0 2 0 1 0 2 2 0 2 1 2 2 1 3 2 3 3 1 3 3 2 3 1 3 1 3 2 1 2 0 3 2 3 1 0 1 1 1 1 0 0 0 2 3 2 3 1 3 2 3 2 1 1 1 3 0 0 3 0 2 1 3 1 1 0 1 3 4 2 0 2 0 3 3 2 4 1 3 3 0 4 3 0 0 0 0 0 0 0 0 0 0 
#TS166
1 3 2 4 1 3 1 2 2 1 2 3 1 2 4 4 0 1 0 3 4 0 3 2 2 0 0 0 0 2 0 0 3 3 3 2 3 3 2 1 1 3 3 3 1 0 1 0 1 3 1 0 2 4 2 3 0 2 0 1 0 4 3 0 1 3 2 3 1 3 0 1 4 0 2 4 0 2 1 3 1 3 0 3 0 4 3 3 1 0 3 3 1 0 3 3 2 0 3 3 0 0 0 0 0 0 0 0 0 0 
1 2 0 3 2 3 1 2 2 1 2 3 1 0 4 4 1 3 0 2 4 1 2 2 2 1 0 0 0 2 0 1 4 4 3 2 3 4 1 1 1 3 2 3 1 0 1 0 3 2 1 2 2 2 3 2 1 2 0 0 3 4 3 0 1 3 1 3 1 2 0 0 2 0 2 4 0 1 1 3 1 2 0 3 1 4 2 1 1 0 3 3 2 3 3 3 3 0 3 3 0 0 0 0 0 0 0 0 0 0 
#TS167
2 0 1 0 1 3 2 0 1 1 2 3 2 0 3 3 0 4 1 3 0 1 0 2 2 0 1 2 2 2 1 3 2 3 3 1 3 3 2 3 1 3 2 3 2 0 1 0 3 2 3 1 0 2 1 1 2 0 1 0 2 3 3 2 1 3 2 3 2 2 1 0 2 0 1 3 0 2 1 3 1 2 0 1 4 4 1 0 2 0 3 3 2 4 2 3 2 0 3 3 0 0 0 0 0 0 0 0 0 0 
3 1 0 0 1 3 1 0 1 1 2 3 2 0 3 4 0 4 1 3 0 2 0 2 1 0 1 1 2 2 1 2 2 3 4 2 3 3 2 3 1 3 1 3 2 0 2 0 3 2 3 1 0 2 1 1 1 0 1 0 2 3 3 2 1 3 2 3 2 2 1 0 3 0 1 3 0 2 1 3 1 2 0 1 3 4 1 0 2 0 3 3 2 3 2 3 3 0 4 3 0 0 0 0 0 0 0 0 0 0 
#TS168
2 1 1 0 1 3 3 1 1 0 2 4 3 0 0 4 0 3 2 3 2 1 0 1 0 0 1 0 2 2 2 3 1 3 3 0 3 3 1 3 1 3 2 3 2 0 2 0 3 2 3 1 0 2 0 1 0 0 1 1 0 4 3 2 0 3 1 3 3 4 1 2 4 0 4 3 0 2 1 3 1 2 2 1 2 4 3 0 2 0 4 0 2 4 4 1 3 0 3 3 0 0 0 0 0 0 1 0 0 0 
2 1 1 0 1 3 3 2 0 0 2 3 3 0 1 3 0 3 1 2 1 1 0 2 0 0 2 1 2 2 2 3 2 3 3 0 4 4 1 3 1 3 2 3 2 0 2 0 3 2 3 0 0 2 0 1 0 0 1 1 0 4 3 3 0 3 2 3 2 3 2 1 3 0 4 3 0 2 1 3 1 2 2 2 2 4 4 0 2 0 3 0 2 4 4 1 3 0 2 3 0 0 0 0 0 0 1 0 0 0 
#TS169
1 1 0 0 1 3 1 0 2 1 2 3 2 1 1 4 1 4 1 3 0 3 3 2 2 0 2 1 2 2 1 3 2 3 3 1 3 0 2 3 3 3 2 3 0 1 2 0 3 1 3 2 1 2 0 0 1 0 1 3 2 3 2 1 0 3 2 3 2 0 0 1 3 0 1 3 0 0 0 3 1 1 0 0 3 4 0 2 2 0 4 3 2 3 2 3 1 0 2 3 0 0 0 0 0 0 0 0 1 0 
1 1 0 0 1 2 1 0 2 1 2 3 2 0 0 4 1 4 1 3 0 4 2 3 0 0 3 1 2 2 1 4 2 3 3 1 3 0 1 4 2 2 1 2 0 3 2 2 3 0 3 1 0 2 0 1 1 0 1 3 1 2 2 2 0 3 2 3 4 0 0 1 3 0 1 3 0 0 0 3 2 0 0 0 4 4 0 3 2 2 3 4 2 2 1 3 0 0 2 2 0 0 0 0 0 0 0 0 1 0 
#TS170
3 1 0 0 0 3 1 0 1 1 2 3 2 0 3 4 0 4 1 2 0 2 0 2 2 0 2 1 2 2 1 3 2 3 3 1 3 4 2 3 1 3 2 2 3 0 2 0 3 2 3 1 0 2 1 1 1 0 1 0 1 3 3 1 1 3 2 3 2 1 1 1 3 0 1 4 0 2 1 3 0 2 0 1 3 4 1 1 2 0 4 3 2 4 2 3 3 0 3 3 0 0 0 0 0 0 0 0 0 0 
3 1 0 0 1 3 1 0 1 1 2 3 2 0 3 4 0 4 1 3 0 1 0 2 2 0 2 1 2 1 1 3 3 2 3 1 3 3 2 3 1 3 2 2 3 0 2 0 3 2 3 1 0 2 1 1 1 0 1 1 1 2 3 2 1 3 1 3 2 1 1 1 3 0 1 3 0 2 1 3 1 2 0 1 3 4 1 1 2 0 3 3 2 4 2 3 3 0 3 3 0 0 0 0 0 0 0 0 0 0 
#TS171
2 1 1 0 1 3 1 0 0 0 2 1 2 0 2 4 0 2 1 3 0 2 0 2 2 0 2 0 1 2 1 3 2 1 1 1 4 3 2 3 3 3 2 3 2 0 3 0 3 1 2 2 0 2 0 1 1 0 2 1 3 0 3 1 1 1 2 4 2 1 1 0 3 0 1 3 0 2 1 2 3 3 0 2 4 0 1 1 2 0 2 2 2 4 3 3 3 0 3 0 0 0 0 1 0 0 0 0 0 0 
1 1 1 0 1 3 1 0 0 0 2 1 2 1 4 3 1 3 1 3 0 1 0 2 2 0 1 0 0 2 1 3 3 1 0 1 3 4 2 3 3 3 2 3 1 0 2 0 3 1 3 2 0 1 0 0 1 0 3 2 2 0 3 2 1 1 3 3 2 1 1 0 2 0 1 3 0 2 1 2 2 3 0 3 4 0 1 1 2 0 3 3 2 4 3 3 3 0 3 0 0 0 0 1 0 0 0 0 0 0 
#TS172
0 2 3 3 3 3 4 2 0 0 1 2 0 0 2 3 1 4 0 2 4 1 4 2 0 0 2 2 1 3 1 3 2 3 0 3 1 4 2 4 4 3 2 3 0 0 2 0 3 0 3 0 0 3 0 2 0 3 1 1 1 3 2 2 1 2 1 1 4 3 1 1 3 0 3 3 0 2 1 3 1 1 1 4 3 4 0 0 3 3 3 3 2 3 2 3 3 0 3 1 0 0 0 0 1 0 0 0 0 0 
0 1 4 3 3 3 4 2 0 0 2 3 0 0 3 1 1 4 0 2 3 1 3 2 0 0 2 1 2 2 1 3 3 4 0 3 1 3 2 3 3 3 2 3 0 0 2 0 4 0 2 0 0 4 1 2 0 2 1 0 2 3 3 2 1 3 1 1 4 4 1 1 3 0 3 4 0 2 1 3 1 2 2 4 3 4 1 0 2 4 3 3 1 2 2 3 3 0 2 0 0 0 0 0 1 0 0 0 0 0 
#TS173
3 1 0 0 1 2 1 0 1 0 1 4 4 2 2 4 0 2 3 0 0 1 0 2 2 2 3 4 2 2 2 3 1 3 3 3 3 3 2 3 0 3 1 1 2 1 1 0 3 2 0 3 3 0 3 3 4 0 0 0 4 2 2 1 0 2 0 2 2 0 1 1 2 1 0 4 0 1 1 3 1 1 0 0 3 4 2 0 3 2 3 3 3 4 1 3 3 0 3 3 0 0 0 0 0 0 0 0 0 0 
3 1 0 0 0 3 1 0 1 0 0 3 3 2 2 3 0 3 1 2 0 1 0 2 3 2 3 3 3 2 0 2 0 2 3 2 3 2 1 3 0 3 1 2 2 1 2 0 3 2 2 3 2 0 2 3 2 0 0 0 2 2 2 2 0 2 0 2 2 1 1 1 3 0 0 4 0 1 1 2 0 0 0 0 3 4 3 0 2 1 3 3 2 4 1 3 3 0 3 3 0 0 0 0 0 0 0 0 0 0 
#TS174
3 2 0 0 1 3 1 0 1 0 2 3 2 0 3 3 0 3 1 3 0 1 0 2 3 0 2 2 3 2 1 3 2 3 3 0 3 3 2 3 1 3 1 3 3 0 3 0 3 2 3 2 0 1 1 0 1 0 1 0 2 3 4 3 1 4 2 3 2 1 1 1 3 0 1 2 0 2 2 2 1 2 0 1 2 4 1 1 2 0 3 3 2 4 2 3 3 0 3 3 0 0 0 0 0 0 0 0 0 0 
3 1 0 0 1 3 0 1 1 1 1 3 2 0 3 3 0 4 1 3 0 1 0 2 2 0 2 1 3 2 1 3 2 3 3 1 4 3 2 3 0 3 2 3 2 0 2 0 2 2 3 1 0 2 0 1 1 0 1 1 1 3 3 2 1 3 3 3 2 1 0 1 3 0 1 3 0 2 2 3 1 2 0 1 3 4 0 1 2 0 3 3 2 3 2 3 3 0 3 3 0 0 0 0 0 0 0 0 0 0 
#TS175
1 1 0 0 1 3 3 0 2 1 0 3 4 3 2 4 0 0 3 3 0 1 2 1 3 0 2 1 3 2 1 3 1 1 3 1 3 0 3 3 1 2 1 1 0 1 1 1 3 1 3 1 0 3 1 1 1 0 1 3 1 3 3 2 1 1 1 0 2 1 1 3 1 0 2 3 0 2 1 3 3 3 0 1 2 4 1 0 2 1 3 3 2 3 4 3 3 0 0 3 0 0 1 0 0 0 0 0 0 0 
1 1 1 0 1 3 3 0 2 0 1 3 4 4 2 4 0 0 2 3 0 1 2 1 3 0 1 1 2 4 1 2 1 1 3 2 3 0 4 1 0 1 1 1 0 2 0 1 3 2 3 1 0 3 1 2 0 0 1 3 1 2 3 2 1 1 1 0 2 1 1 1 1 0 1 3 0 2 0 2 4 4 0 2 3 4 1 0 2 2 3 3 2 2 4 3 3 0 0 3 0 0 1 0 0 0 0 0 0 0 
#TS176
1 1 3 0 4 3 1 1 1 0 0 3 3 4 0 4 0 2 3 0 0 1 0 2 2 0 4 1 2 3 1 3 1 3 3 0 3 3 2 3 0 3 2 3 2 4 4 0 0 3 3 1 0 4 1 0 1 0 1 0 2 1 0 3 0 3 1 3 2 3 1 1 2 0 1 3 0 0 1 3 2 0 0 1 1 4 2 0 3 0 4 0 2 0 0 0 3 0 1 2 0 0 0 0 0 1 0 0 0 0 
0 1 3 1 3 3 1 1 2 0 1 3 3 3 0 3 0 2 2 0 0 1 0 2 2 0 2 1 2 2 2 3 1 3 3 0 3 3 1 2 0 3 2 4 2 4 3 0 0 4 3 1 0 4 0 1 0 0 1 0 2 2 0 2 0 3 1 4 2 3 1 1 3 0 1 3 0 0 0 3 1 0 1 1 1 4 3 0 3 0 3 0 3 0 0 0 3 0 1 3 0 0 0 0 0 1 0 0 0 0 
#TS177
3 1 0 0 1 3 1 0 0 0 2 3 2 0 3 4 0 4 1 3 0 1 0 2 3 0 2 1 1 2 1 2 3 3 3 2 3 3 2 3 1 3 2 2 2 0 2 0 2 2 3 1 0 2 1 1 1 0 1 0 2 3 3 2 1 3 2 3 2 1 1 1 3 0 1 4 1 2 1 3 1 2 0 1 3 4 1 0 2 0 3 3 2 4 2 3 3 0 3 3 0 0 0 0 0 0 0 0 0 0 
2 0 0 0 1 3 1 0 0 1 3 3 1 1 3 4 0 4 1 3 0 1 0 1 2 0 2 1 2 2 1 2 3 3 3 2 3 3 2 3 1 3 1 2 1 0 2 0 3 2 3 1 0 2 1 1 1 0 1 0 2 2 3 2 1 3 1 2 2 1 1 0 4 0 1 4 0 1 1 3 1 2 0 1 4 4 1 0 2 0 3 3 2 4 2 3 3 0 3 3 0 0 0 0 0 0 0 0 0 0 
#TS178
0 2 0 2 1 3 1 3 3 1 2 3 2 1 3 4 0 4 1 2 2 2 2 2 0 0 2 1 2 2 0 3 3 3 3 1 3 3 1 4 2 3 2 3 2 0 2 0 3 1 2 1 0 2 1 2 1 1 1 0 2 4 3 1 2 3 2 3 0 1 0 0 2 1 1 3 0 2 2 3 2 1 1 3 2 4 1 1 2 0 3 3 2 4 3 3 3 0 3 3 0 0 0 0 0 0 0 0 0 0 
3 2 0 1 2 3 1 1 2 1 2 3 2 0 3 4 0 3 1 3 0 2 1 2 1 0 2 1 2 2 1 3 2 3 3 1 3 3 2 3 1 3 1 3 2 0 2 0 3 2 2 2 0 2 1 0 0 0 1 0 2 3 3 1 2 4 2 3 1 1 0 1 3 0 1 3 0 3 2 3 1 2 0 2 3 4 1 1 2 0 3 4 2 4 2 3 3 0 3 3 0 0 0 0 0 0 0 0 0 0 
#TS179
1 1 0 0 1 3 1 0 1 1 2 3 2 0 3 3 0 4 1 3 0 2 0 1 3 0 2 1 2 3 1 3 2 4 3 1 3 4 3 3 1 3 2 3 2 0 2 0 3 2 2 1 0 2 1 1 0 0 1 0 2 3 4 2 1 2 2 3 2 1 1 1 3 0 1 3 0 2 1 2 1 1 0 1 3 4 1 1 2 0 3 3 2 4 2 3 3 0 3 2 0 0 0 0 0 0 0 0 0 0 
3 1 0 0 1 3 1 0 1 1 2 3 2 0 3 3 0 4 1 3 0 2 0 2 3 0 2 1 2 2 1 3 2 2 3 1 3 2 2 3 1 3 2 3 1 0 2 0 3 1 3 1 0 2 1 0 1 0 1 0 2 3 3 2 1 3 2 3 3 1 1 1 3 0 1 3 0 2 1 2 1 2 0 1 3 3 1 1 2 0 3 2 2 4 2 3 3 0 4 2 0 0 0 0 0 0 0 0 0 0 
#TS180
0 3 2 3 4 3 4 4 1 0 1 2 0 0 3 0 1 4 0 2 4 1 3 2 1 0 2 1 2 3 2 3 2 4 0 3 0 3 2 3 4 3 2 2 0 0 2 0 3 0 3 0 0 3 0 2 0 2 1 0 1 3 2 2 1 2 1 1 3 3 1 1 3 0 3 3 0 2 1 3 1 2 2 4 3 4 1 0 3 3 3 3 3 2 2 3 3 0 2 1 0 0 0 0 0 0 0 0 0 0 
0 3 1 4 2 3 2 3 2 0 2 4 0 0 4 0 2 4 0 3 3 1 1 2 0 0 2 1 2 2 1 2 2 3 3 2 1 3 2 1 3 3 2 3 1 0 2 0 3 2 3 1 0 2 1 2 0 0 1 0 2 3 3 2 1 2 2 2 3 3 1 1 4 0 1 3 0 2 1 3 0 1 1 4 2 4 1 0 3 3 2 3 2 4 2 3 2 0 3 3 0 0 0 0 0 0 0 0 0 0 
#TS181
2 1 0 0 1 3 1 0 1 1 2 3 2 0 3 3 0 4 1 2 0 1 0 2 2 0 2 1 2 3 1 3 2 3 3 1 3 4 2 3 1 3 2 3 2 0 2 0 3 2 3 2 0 2 1 1 1 0 1 0 2 3 3 2 1 3 2 3 2 1 1 1 3 0 1 3 0 2 1 4 1 2 0 1 3 4 1 1 2 0 3 3 2 3 2 3 3 0 3 3 0 0 0 0 0 0 0 0 0 0 
3 0 0 0 1 3 1 0 1 1 2 3 1 0 3 4 0 3 1 3 0 1 0 2 3 0 2 1 2 2 1 3 2 3 3 1 3 3 2 3 1 3 2 3 2 1 2 0 3 2 3 1 0 2 1 1 1 0 1 0 2 3 3 2 1 3 2 4 2 1 1 0 3 0 1 2 0 2 1 4 1 2 0 1 3 4 1 1 2 0 3 3 2 4 2 3 2 0 3 2 0 0 0 0 0 0 0 0 0 0 
#TS182
2 1 1 0 1 3 1 1 1 0 2 0 2 1 3 4 0 2 1 3 1 1 0 2 1 0 1 0 0 2 0 3 4 1 0 2 1 2 2 3 3 2 2 3 2 0 2 0 3 1 3 1 0 2 0 1 1 0 4 3 2 0 4 2 1 0 3 2 2 1 2 1 2 0 1 4 0 1 1 2 2 3 0 3 4 0 1 1 3 0 3 3 2 4 3 3 3 0 3 0 0 0 0 1 0 0 0 0 0 0 
1 1 1 0 1 3 1 1 0 0 3 0 1 0 3 4 0 2 1 2 3 1 0 2 0 0 1 0 0 2 0 3 4 1 0 2 2 3 2 3 4 3 2 3 3 0 2 0 3 1 3 1 0 2 0 0 0 0 4 2 2 0 3 2 1 0 3 2 1 1 1 0 3 0 1 4 0 2 1 3 3 2 0 3 3 0 1 0 2 0 3 3 2 4 3 3 3 0 3 0 0 0 0 1 0 0 0 0 0 0 
#TS183
3 1 1 0 1 1 2 0 2 1 2 3 2 1 2 4 0 4 1 3 0 1 0 2 1 0 2 2 2 2 1 3 2 3 3 1 3 3 1 2 1 1 1 0 3 2 2 2 3 2 2 1 0 2 1 0 0 0 1 1 2 3 3 2 1 3 3 3 2 1 1 1 1 2 0 3 0 2 1 2 1 2 0 2 4 4 1 0 2 0 3 3 2 4 3 3 3 0 3 3 0 0 0 0 0 0 0 0 0 0 
2 1 0 0 1 2 2 0 1 1 2 3 2 0 3 4 0 4 1 3 0 1 0 2 1 0 1 2 2 2 1 3 2 3 2 0 3 3 2 3 1 3 1 1 2 1 2 0 3 2 3 3 0 2 1 0 2 0 1 0 3 3 3 2 0 3 2 4 2 1 1 1 3 2 0 3 0 2 2 2 2 2 0 3 3 4 1 1 2 0 3 3 2 4 3 3 3 0 3 3 0 0 0 0 0 0 0 0 0 0 
#TS184
3 1 0 0 3 3 1 0 1 0 2 3 3 3 1 3 0 4 2 3 0 1 0 2 2 0 3 1 2 2 1 3 1 3 3 0 4 3 2 3 1 3 3 4 2 0 4 0 0 3 3 1 0 3 1 0 1 0 1 0 2 3 0 2 0 3 1 4 2 2 1 1 4 0 1 3 0 0 1 3 1 1 0 1 4 4 1 0 2 0 4 1 2 0 2 0 3 0 1 3 0 0 0 0 0 1 0 0 0 0 
3 1 0 0 3 3 1 0 1 0 1 3 4 3 0 4 0 3 1 4 0 2 0 2 2 0 3 1 2 2 1 2 0 3 3 0 4 4 2 3 1 3 2 3 1 2 4 0 0 4 4 2 0 4 1 0 1 0 1 0 2 3 0 2 0 3 1 4 2 2 1 1 3 0 1 2 0 0 1 3 0 0 0 1 2 4 1 0 2 0 3 0 3 0 0 0 3 0 1 3 0 0 0 0 0 1 0 0 0 0 
#TS185
3 2 0 0 2 3 0 1 1 1 2 3 1 0 3 3 1 4 0 2 1 1 0 2 1 1 2 1 2 2 1 3 2 3 2 3 3 3 3 3 0 3 2 3 2 0 2 0 3 2 2 1 1 1 2 2 2 0 0 0 3 3 2 1 1 3 1 3 2 1 1 1 3 0 1 3 0 1 1 2 1 1 0 1 4 3 2 0 4 1 3 3 2 4 2 3 3 0 3 3 0 0 0 0 0 0 0 0 0 0 
3 1 0 0 1 3 1 0 1 1 2 3 2 0 3 4 1 4 0 3 0 2 0 2 2 0 2 1 2 2 1 3 2 3 3 2 3 3 2 3 2 3 2 3 2 0 2 0 3 1 3 2 1 1 1 1 2 0 0 0 3 3 3 2 1 3 1 2 2 1 1 1 3 0 1 3 0 2 1 2 1 1 0 1 3 4 2 0 3 0 3 3 2 4 1 3 3 0 3 3 0 0 0 0 0 0 0 0 0 0 
#TS186
3 0 0 0 1 3 1 0 1 1 2 3 2 0 3 4 0 4 1 3 0 1 0 2 3 0 2 1 2 2 1 3 2 2 2 1 3 4 2 3 1 3 2 3 2 0 2 0 3 1 3 1 0 2 0 1 1 0 1 0 2 3 3 2 2 2 3 4 2 1 1 0 2 0 1 3 1 2 2 3 0 2 0 1 4 4 1 1 2 0 3 3 2 4 2 3 3 0 3 3 0 0 0 0 0 0 0 0 0 0 
1 1 0 0 1 3 1 0 1 1 2 3 2 0 3 3 0 4 1 3 0 2 0 1 3 0 2 1 2 3 1 3 2 4 3 1 3 4 3 3 1 3 2 3 2 0 2 0 3 2 2 1 0 2 1 1 0 0 1 0 2 3 4 2 1 2 2 3 2 1 1 1 3 0 1 3 0 2 1 2 1 1 0 1 3 4 1 1 2 0 3 3 2 4 2 3 3 0 3 2 0 0 0 0 0 0 0 0 0 0 
#TS187
3 1 0 0 1 3 2 0 1 0 2 3 2 0 2 4 0 4 1 2 0 1 3 2 2 0 2 1 2 3 1 3 3 3 1 1 3 4 2 4 2 3 2 3 1 0 2 0 3 1 4 0 0 3 1 1 0 2 1 0 2 3 2 2 1 2 3 2 2 1 1 1 3 0 2 3 0 2 1 3 1 2 0 1 3 3 1 1 2 0 3 3 2 2 2 3 3 0 2 1 0 0 0 0 1 0 0 0 0 0 
4 1 0 0 1 3 3 0 0 0 2 3 1 0 2 4 0 4 1 3 0 1 3 2 1 0 2 1 2 3 1 3 2 3 0 1 2 3 2 3 3 3 1 3 0 0 2 0 3 0 4 0 0 3 1 0 0 1 1 0 1 3 3 3 1 3 2 1 2 1 1 1 3 1 3 3 0 2 1 3 1 2 0 1 3 3 0 1 3 1 2 3 2 3 2 4 2 0 2 1 0 0 0 0 1 0 0 0 0 0 
#TS188
3 1 0 0 1 3 1 0 2 1 2 3 2 0 3 3 0 3 1 3 1 1 2 2 2 1 2 1 2 2 1 3 3 3 3 3 3 3 2 3 1 3 2 3 1 1 2 0 3 2 2 1 1 0 2 1 2 1 0 0 2 3 3 1 1 3 0 2 1 1 0 0 3 0 1 4 0 2 1 3 1 1 0 2 3 4 2 0 1 0 4 3 1 4 2 3 3 0 3 3 0 0 0 0 0 0 0 0 0 0 
3 2 0 0 1 3 1 0 3 1 2 3 2 0 2 4 0 4 1 2 0 1 1 2 2 1 3 1 3 2 1 3 2 4 3 2 3 3 2 3 1 3 2 3 2 0 2 0 3 1 3 1 0 1 1 2 1 0 1 0 2 3 3 2 1 3 0 3 2 0 0 0 3 0 1 4 0 2 0 2 1 1 0 0 3 4 1 0 1 0 3 3 2 4 2 3 3 0 3 2 0 0 0 0 0 0 0 0 0 0 
#TS189
0 3 3 2 2 3 3 4 1 0 1 3 3 0 0 3 0 4 3 3 1 2 0 1 0 0 1 1 2 2 3 3 2 3 3 0 3 3 2 4 1 3 2 3 2 0 3 0 3 2 3 1 0 3 0 1 1 0 1 1 0 4 3 3 0 3 1 3 2 3 1 1 4 0 4 3 0 2 1 3 1 1 2 3 2 4 3 0 2 0 3 0 2 4 4 1 2 0 2 2 0 0 0 0 0 0 1 0 0 0 
0 3 4 3 2 3 4 4 3 0 2 3 3 0 0 3 0 4 2 3 0 1 0 2 0 0 2 1 2 2 3 3 2 3 3 0 3 3 1 4 1 3 2 3 2 0 3 0 3 2 3 1 0 3 0 1 1 0 1 1 0 4 3 3 0 4 3 3 3 3 1 1 3 0 4 3 0 2 1 2 1 3 3 3 2 4 3 0 2 0 4 0 1 4 4 1 3 0 3 3 0 0 0 0 0 0 1 0 0 0 
#TS190
3 2 0 1 2 3 1 1 2 1 2 3 2 0 3 4 0 3 1 3 0 2 1 2 1 0 2 1 2 2 1 3 2 3 3 1 3 3 2 3 1 3 1 3 2 0 2 0 3 2 2 2 0 2 1 0 0 0 1 0 2 3 3 1 2 4 2 3 1 1 0 1 3 0 1 3 0 3 2 3 1 2 0 2 3 4 1 1 2 0 3 4 2 4 2 3 3 0 3 3 0 0 0 0 0 0 0 0 0 0 
3 2 0 0 1 2 0 0 1 1 2 3 2 0 3 4 0 3 1 3 0 1 2 2 1 0 2 1 2 2 1 4 2 3 2 1 2 3 2 3 1 3 2 2 2 0 2 0 3 2 3 1 0 2 1 1 1 0 1 0 2 4 4 1 1 3 3 3 2 0 1 1 3 0 1 4 0 2 1 3 2 3 0 1 3 4 1 1 2 0 3 3 2 4 2 3 3 0 3 3 0 0 0 0 0 0 0 0 0 0 
#TS191
3 1 0 0 1 3 0 0 1 1 1 3 2 0 3 3 1 4 0 2 0 1 0 2 2 0 2 1 2 2 1 3 2 3 3 1 3 3 2 3 1 3 1 3 2 1 2 0 3 2 3 1 0 1 1 1 1 0 0 0 2 3 2 3 1 3 2 3 2 1 1 1 3 0 0 3 0 2 1 3 1 1 0 1 3 4 2 0 2 0 3 3 2 4 1 3 3 0 4 3 0 0 0 0 0 0 0 0 0 0 
3 1 0 0 1 3 1 0 1 1 2 3 2 0 3 4 0 4 1 3 0 1 0 2 2 1 2 1 2 2 1 3 2 3 3 1 3 3 2 3 1 3 2 3 2 1 1 0 3 2 3 1 0 1 1 1 1 0 1 0 2 2 2 2 1 3 2 3 2 1 1 1 3 0 1 3 0 2 1 3 1 2 0 1 3 4 2 1 1 0 4 3 2 4 1 3 3 0 3 3 0 0 0 0 0 0 0 0 0 0 
#TS192
3 1 0 0 1 3 1 0 1 1 1 3 2 0 3 4 0 4 1 4 0 1 0 2 3 0 3 1 2 2 1 2 2 3 3 2 3 3 3 3 1 3 2 3 1 1 2 0 3 2 3 1 0 2 1 1 1 0 1 0 2 3 2 3 2 3 2 3 3 1 1 1 3 0 1 3 0 2 1 2 1 1 0 1 4 4 2 0 2 0 3 3 2 4 1 3 3 0 3 3 0 0 0 0 0 0 0 0 0 0 
3 1 0 0 1 3 1 0 0 0 2 3 2 0 3 4 0 4 1 3 0 1 0 2 3 0 2 1 1 2 1 2 3 3 3 2 3 3 2 3 1 3 2 2 2 0 2 0 2 2 3 1 0 2 1 1 1 0 1 0 2 3 3 2 1 3 2 3 2 1 1 1 3 0 1 4 1 2 1 3 1 2 0 1 3 4 1 0 2 0 3 3 2 4 2 3 3 0 3 3 0 0 0 0 0 0 0 0 0 0 
#TS193
2 3 0 1 1 3 1 1 2 1 2 4 1 0 3 3 2 4 0 3 1 1 0 2 1 1 2 1 2 2 1 3 2 3 3 2 3 3 2 2 1 3 2 3 1 0 1 0 3 2 2 2 1 2 2 2 2 0 0 0 3 3 3 2 1 3 1 2 2 2 1 1 3 0 1 3 0 1 1 3 1 2 0 3 3 4 3 0 4 2 3 3 1 4 2 3 3 0 3 3 0 0 0 0 0 0 0 0 0 0 
3 2 0 0 2 3 0 1 1 1 2 3 1 0 3 3 1 4 0 2 1 1 0 2 1 1 2 1 2 2 1 3 2 3 2 3 3 3 3 3 0 3 2 3 2 0 2 0 3 2 2 1 1 1 2 2 2 0 0 0 3 3 2 1 1 3 1 3 2 1 1 1 3 0 1 3 0 1 1 2 1 1 0 1 4 3 2 0 4 1 3 3 2 4 2 3 3 0 3 3 0 0 0 0 0 0 0 0 0 0 
#TS194
3 1 0 0 1 3 1 0 1 1 2 3 2 0 3 4 0 4 1 3 0 1 0 2 2 0 2 1 2 2 1 3 2 3 3 1 3 3 2 3 1 3 2 3 2 0 2 0 3 2 3 1 0 2 1 1 1 0 1 0 2 3 3 2 1 3 2 3 2 1 1 1 3 0 1 3 0 2 1 3 1 2 0 1 3 4 1 1 2 0 3 3 2 4 2 3 3 0 3 3 0 0 0 0 0 1 0 0 0 0 
3 1 0 0 2 3 1 0 1 0 1 3 3 2 1 4 0 4 1 2 0 1 0 2 2 0 3 1 2 2 1 3 1 3 3 1 3 4 2 3 1 3 3 3 2 0 2 0 0 2 3 1 0 3 1 0 1 0 1 0 2 3 0 3 0 3 2 4 2 1 0 1 3 0 1 3 0 0 1 3 1 2 0 1 3 4 1 1 2 0 3 1 2 2 2 1 3 0 1 3 0 0 0 0 0 1 0 0 0 0 
#TS195
3 1 0 0 1 3 1 0 1 1 3 3 2 0 3 4 0 4 1 3 0 1 0 2 2 0 2 1 2 2 1 3 2 3 4 1 4 4 2 3 1 3 2 3 3 0 2 0 3 2 4 1 0 2 1 1 1 0 1 0 2 3 3 3 1 3 1 3 2 1 1 1 3 0 1 3 0 3 1 2 0 1 0 1 3 4 1 1 2 0 3 3 1 4 2 3 3 0 4 3 0 0 0 0 0 0 0 0 0 0 
3 1 0 0 1 3 1 0 1 1 2 3 2 0 3 4 1 3 1 4 0 1 0 2 2 0 2 1 2 2 1 3 2 4 4 1 3 3 2 3 1 3 2 3 2 0 2 0 3 2 3 1 0 1 1 1 1 0 1 0 2 3 3 2 1 3 2 4 2 1 1 1 3 0 1 3 0 2 1 2 1 2 0 1 2 4 2 1 2 0 3 2 2 4 2 3 2 0 3 3 0 0 0 0 0 0 0 0 0 0 
#TS196
0 3 1 4 1 3 1 1 1 1 2 3 0 3 4 4 0 2 0 3 3 1 2 2 2 0 1 0 0 3 0 1 4 4 3 2 3 4 2 1 1 3 4 2 1 0 2 0 2 3 2 0 1 4 2 2 0 0 0 0 0 4 4 2 1 3 4 4 2 3 1 2 3 0 2 4 0 2 1 3 1 3 0 3 0 4 2 2 2 0 3 3 2 0 3 3 1 2 3 3 0 0 0 0 0 0 0 0 0 1 
0 2 2 4 1 3 0 1 2 1 2 3 0 3 4 4 0 2 0 3 4 0 2 2 2 0 0 0 0 3 0 1 4 3 3 2 3 3 2 1 1 3 3 2 2 0 2 0 2 3 1 0 2 3 2 2 0 1 0 1 0 3 4 1 1 3 3 4 1 3 1 1 4 0 3 3 0 1 1 3 1 2 0 4 0 4 2 3 2 1 3 3 2 0 3 3 1 1 3 3 0 0 0 0 0 0 0 0 0 1 
#TS197
3 1 0 0 1 3 1 0 1 1 2 3 2 0 3 4 1 4 0 3 0 2 0 2 2 0 2 1 2 2 1 3 2 3 3 2 3 3 2 3 2 3 2 3 2 0 2 0 3 1 3 2 1 1 1 1 2 0 0 0 3 3 3 2 1 3 1 2 2 1 1 1 3 0 1 3 0 2 1 2 1 1 0 1 3 4 2 0 3 0 3 3 2 4 1 3 3 0 3 3 0 0 0 0 0 0 0 0 0 0 
4 0 0 0 1 3 1 0 2 1 2 3 2 0 3 4 0 4 1 3 0 1 0 2 2 0 2 1 2 2 1 3 2 4 3 2 3 3 2 3 2 3 1 3 2 1 1 0 3 2 3 2 0 2 1 2 1 0 1 0 2 3 3 2 1 3 1 3 2 1 1 0 3 0 1 3 0 2 1 3 1 2 0 0 3 4 2 0 2 0 3 3 2 4 1 3 3 0 3 3 0 0 0 0 0 0 0 0 0 0 
#TS198
0 3 2 2 2 3 1 2 4 1 2 3 2 2 3 4 0 4 1 3 1 1 2 0 0 0 4 0 0 2 0 2 4 0 4 1 3 3 3 3 3 3 2 3 1 0 2 0 3 1 4 1 0 3 1 2 1 4 1 0 2 4 3 1 0 4 2 2 1 2 2 3 3 0 1 2 0 2 1 3 1 4 4 3 4 4 1 1 2 0 3 4 3 4 4 1 3 0 3 3 1 0 0 0 0 0 0 0 0 0 
0 3 4 3 2 3 1 3 3 1 2 3 2 2 3 4 0 4 1 3 1 1 1 0 0 0 3 0 0 1 0 1 4 0 3 1 3 2 3 3 3 3 3 4 2 0 2 0 3 0 3 1 0 3 1 1 1 4 1 1 2 4 2 0 0 3 3 3 0 2 3 3 3 0 1 3 0 2 2 3 1 3 3 3 3 4 1 1 3 0 3 3 3 4 4 0 3 0 3 3 1 0 0 0 0 0 0 0 0 0 
#TS199
3 1 0 0 3 3 1 0 1 0 1 3 4 3 0 4 0 3 1 4 0 2 0 2 2 0 3 1 2 2 1 2 0 3 3 0 4 4 2 3 1 3 2 3 1 2 4 0 0 4 4 2 0 4 1 0 1 0 1 0 2 3 0 2 0 3 1 4 2 2 1 1 3 0 1 2 0 0 1 3 0 0 0 1 2 4 1 0 2 0 3 0 3 0 0 0 3 0 1 3 0 0 0 0 0 1 0 0 0 0 
3 1 0 0 3 3 1 0 1 0 1 3 3 4 0 4 0 2 2 2 0 2 0 1 2 0 4 1 2 2 1 3 0 3 3 0 3 3 1 3 1 3 2 3 2 3 2 0 0 4 4 1 0 4 1 1 1 0 1 0 2 2 0 2 0 3 2 3 2 3 1 1 3 0 1 3 0 0 1 3 1 0 0 1 1 4 2 0 2 0 3 1 3 0 0 0 3 0 1 2 0 0 0 0 0 1 0 0 0 0 
#TS200
3 1 0 0 1 3 1 0 1 1 2 3 2 0 3 4 0 4 1 3 0 1 0 2 2 0 2 1 2 1 1 3 3 2 3 1 3 3 2 3 1 3 2 2 3 0 2 0 3 2 3 1 0 2 1 1 1 0 1 1 1 2 3 2 1 3 1 3 2 1 1 1 3 0 1 3 0 2 1 3 1 2 0 1 3 4 1 1 2 0 3 3 2 4 2 3 3 0 3 3 0 0 0 0 0 0 0 0 0 0 
3 1 0 0 0 3 1 0 1 1 2 4 2 0 3 4 0 4 1 3 0 1 0 2 2 0 3 1 2 2 1 3 2 3 3 1 3 3 2 3 1 3 2 3 3 0 3 0 3 2 3 1 0 2 1 1 1 0 1 0 2 3 3 2 1 4 2 3 2 1 1 1 3 0 1 3 0 2 1 3 1 2 0 1 3 4 1 1 2 0 3 3 1 4 2 3 3 0 3 2 0 0 0 0 0 0 0 0 0 0 
#TS201
3 1 0 0 3 3 1 0 1 0 1 3 3 4 0 4 0 2 2 2 0 2 0 1 2 0 4 1 2 2 1 3 0 3 3 0 3 3 1 3 1 3 2 3 2 3 2 0 0 4 4 1 0 4 1 1 1 0 1 0 2 2 0 2 0 3 2 3 2 3 1 1 3 0 1 3 0 0 1 3 1 0 0 1 1 4 2 0 2 0 3 1 3 0 0 0 3 0 1 2 0 0 0 0 0 1 0 0 0 0 
2 1 2 0 3 3 1 0 1 0 1 3 3 4 0 4 0 2 2 1 0 1 0 2 2 0 4 1 1 3 2 3 0 3 3 0 3 3 1 3 1 3 2 4 2 3 3 0 0 3 3 1 0 4 1 1 0 0 1 0 2 3 0 1 0 3 2 4 2 3 1 2 3 0 2 3 0 0 1 3 1 0 0 1 1 4 3 0 3 0 3 0 2 0 0 0 3 0 1 3 0 0 0 0 0 1 0 0 0 0 
#TS202
1 1 2 1 1 3 1 1 1 1 2 3 1 2 3 4 0 3 1 3 2 1 2 2 2 0 1 0 2 4 1 2 2 4 3 2 3 2 2 3 1 3 3 3 1 0 2 0 1 3 3 0 0 3 1 1 0 0 1 1 0 3 4 2 1 3 4 4 2 1 1 2 4 0 2 3 0 2 1 3 0 3 0 3 3 4 1 3 2 0 3 3 2 0 3 4 1 1 3 3 0 0 0 0 0 0 0 0 0 1 
0 2 1 3 1 3 2 1 1 1 2 3 1 3 3 3 0 2 0 3 4 0 2 2 2 0 1 0 1 3 0 3 4 3 3 2 3 3 3 2 1 3 3 2 2 0 2 0 2 3 3 0 0 4 1 1 0 0 0 1 0 4 3 2 1 4 3 4 3 3 1 2 4 0 2 3 0 2 1 3 1 3 0 4 2 4 1 2 2 0 3 3 2 0 3 3 1 0 3 3 0 0 0 0 0 0 0 0 0 1 
#TS203
0 1 3 1 3 3 1 1 2 0 1 3 3 3 0 3 0 2 2 0 0 1 0 2 2 0 2 1 2 2 2 3 1 3 3 0 3 3 1 2 0 3 2 4 2 4 3 0 0 4 3 1 0 4 0 1 0 0 1 0 2 2 0 2 0 3 1 4 2 3 1 1 3 0 1 3 0 0 0 3 1 0 1 1 1 4 3 0 3 0 3 0 3 0 0 0 3 0 1 3 0 0 0 0 0 1 0 0 0 0 
0 3 3 2 4 3 1 2 3 0 1 3 3 4 0 3 0 2 2 0 0 1 0 2 3 0 3 1 2 2 1 3 0 3 2 0 3 3 2 3 1 3 2 2 2 4 4 0 0 4 3 1 0 3 1 1 1 0 1 0 2 2 0 2 0 3 1 3 2 3 1 1 3 0 1 3 0 0 0 3 1 0 1 1 0 4 2 0 4 0 3 0 2 0 0 0 3 0 1 3 0 0 0 0 0 1 0 0 0 0 
#TS204
1 1 0 0 1 2 1 0 2 1 2 3 2 0 0 4 1 4 1 3 0 4 2 3 0 0 3 1 2 2 1 4 2 3 3 1 3 0 1 4 2 2 1 2 0 3 2 2 3 0 3 1 0 2 0 1 1 0 1 3 1 2 2 2 0 3 2 3 4 0 0 1 3 0 1 3 0 0 0 3 2 0 0 0 4 4 0 3 2 2 3 4 2 2 1 3 0 0 2 2 0 0 0 0 0 0 0 0 1 0 
1 2 0 0 1 3 0 0 2 1 2 3 1 0 0 4 0 4 2 2 0 3 3 3 0 0 3 1 2 3 1 3 2 3 3 1 3 0 0 4 3 2 0 3 0 4 2 3 3 0 3 1 0 2 0 1 0 0 1 3 1 3 1 2 0 3 3 3 3 0 0 1 2 0 1 3 0 0 0 3 1 0 0 0 4 4 0 3 2 3 3 3 2 2 0 4 0 0 2 3 0 0 0 0 0 0 0 0 1 0 
#TS205
3 1 0 0 0 3 1 0 1 1 2 3 2 0 3 4 0 4 1 3 0 1 0 2 2 0 2 1 3 2 1 3 2 3 4 1 2 3 2 3 1 3 2 3 1 0 2 0 3 2 3 1 0 2 1 2 1 0 0 1 3 3 3 3 1 2 1 3 2 1 1 1 3 0 1 3 0 2 0 3 1 3 0 0 4 4 1 0 2 0 3 3 1 4 2 4 3 0 3 3 0 0 0 0 0 0 0 0 0 0 
3 1 0 0 0 3 1 0 1 1 2 3 2 0 3 4 0 4 1 3 0 2 1 2 3 0 2 1 2 2 1 3 3 2 4 1 3 3 2 3 1 3 2 3 2 0 2 0 3 2 3 1 0 2 1 1 1 0 1 0 2 4 4 2 1 3 2 3 2 1 1 1 3 0 1 3 0 2 1 3 1 2 0 1 3 4 1 0 2 0 3 3 2 3 3 3 3 0 3 3 0 0 0 0 0 0 0 0 0 0 
#TS206
2 3 0 0 1 2 0 0 2 1 2 2 1 0 0 4 0 4 1 0 0 3 2 4 0 0 2 1 4 4 1 3 2 3 3 1 3 0 0 4 3 2 0 3 0 4 2 4 3 0 3 1 1 3 0 0 0 0 3 3 2 1 1 2 0 3 2 3 3 0 0 1 3 0 1 3 0 0 0 3 1 0 0 0 3 4 0 4 2 4 3 3 2 1 0 4 0 0 3 3 0 0 0 0 0 0 0 0 1 0 
2 2 0 0 1 2 0 0 2 1 2 3 1 0 0 4 1 4 1 0 0 3 3 4 0 0 3 1 4 2 1 3 2 3 3 0 3 0 0 4 4 2 0 3 0 4 2 4 3 0 3 1 0 3 0 0 0 0 2 3 1 3 0 2 0 3 4 4 3 0 0 1 3 0 1 4 0 0 0 3 1 0 0 0 4 4 0 3 2 4 2 3 2 1 0 3 0 0 2 2 0 0 0 0 0 0 0 0 1 0 
#TS207
3 1 1 0 1 3 1 0 1 1 2 3 2 0 3 4 0 3 2 3 0 2 0 1 2 0 2 1 2 2 1 3 2 4 3 1 3 4 2 3 1 3 2 3 2 0 1 0 3 2 3 1 0 2 1 1 1 0 1 0 2 3 3 1 1 3 2 3 1 1 1 0 3 0 1 3 0 2 1 2 1 1 0 1 4 4 1 0 3 0 3 3 2 4 1 3 3 0 3 3 0 0 0 0 0 0 0 0 0 0 
1 1 0 0 1 3 1 0 0 1 2 3 2 0 3 4 1 4 1 3 0 1 1 2 2 0 2 1 2 2 1 4 2 2 3 1 3 3 2 3 1 3 2 4 2 0 2 0 3 2 2 1 0 2 1 2 1 0 1 0 2 3 3 2 2 3 2 3 2 1 1 1 3 0 1 3 0 2 1 3 0 2 0 1 4 4 2 0 2 0 3 3 2 4 2 3 3 0 3 3 0 0 0 0 0 0 0 0 0 0 
#TS208
3 0 0 0 1 3 1 0 2 0 2 1 2 2 3 4 0 4 1 3 1 1 0 2 2 0 3 0 2 2 4 3 2 4 3 1 3 4 2 3 2 3 2 3 2 0 3 0 3 2 3 1 0 2 1 0 1 0 0 0 0 2 2 3 1 1 3 4 2 1 2 1 3 0 1 3 0 1 1 0 1 1 0 1 4 3 1 1 2 0 3 3 2 4 2 3 2 0 1 3 0 0 0 0 0 0 0 1 0 0 
3 0 0 0 1 3 1 0 1 0 2 1 2 4 3 4 0 4 1 3 1 1 0 2 1 0 3 1 2 2 4 3 2 3 4 1 3 3 2 3 2 4 2 4 1 0 2 0 3 2 3 1 0 2 1 1 1 0 1 0 0 1 2 2 1 0 2 4 2 1 3 1 3 0 1 3 0 1 1 0 1 1 0 1 3 3 1 1 1 0 4 3 2 4 2 4 3 0 0 3 0 0 0 0 0 0 0 1 0 0 
#TS209
4 1 0 0 1 3 3 0 0 0 2 3 1 0 2 4 0 4 1 3 0 1 3 2 1 0 2 1 2 3 1 3 2 3 0 1 2 3 2 3 3 3 1 3 0 0 2 0 3 0 4 0 0 3 1 0 0 1 1 0 1 3 3 3 1 3 2 1 2 1 1 1 3 1 3 3 0 2 1 3 1 2 0 1 3 3 0 1 3 1 2 3 2 3 2 4 2 0 2 1 0 0 0 0 1 0 0 0 0 0 
3 0 0 0 1 3 3 0 0 0 1 3 1 0 2 4 0 4 1 2 0 2 4 2 0 0 2 1 2 3 1 3 2 3 0 1 1 3 2 4 4 3 2 3 0 0 2 0 3 0 3 0 0 4 1 1 0 2 2 0 1 3 3 2 1 4 4 1 2 2 1 1 3 0 2 4 0 2 1 3 1 2 0 1 3 4 0 1 2 1 3 3 1 2 2 4 3 0 2 1 0 0 0 0 1 0 0 0 0 0 
#TS210
2 1 0 0 1 3 1 0 0 1 2 3 2 0 3 4 0 4 1 3 0 1 0 2 2 0 1 1 2 1 2 3 2 3 3 1 3 2 2 3 1 3 1 3 2 0 2 0 3 2 3 2 1 2 1 1 1 0 0 0 2 3 2 2 1 2 1 3 2 1 1 1 3 0 1 3 0 2 1 3 1 2 0 1 4 4 1 1 3 0 3 3 2 4 2 3 3 0 3 3 0 0 0 0 0 0 0 0 0 0 
2 1 0 0 2 3 1 0 0 1 2 3 2 0 3 3 0 4 1 3 0 1 0 2 2 0 2 1 2 2 1 3 2 3 3 1 3 4 2 3 1 3 2 3 1 0 2 0 4 2 3 1 0 2 1 1 1 0 0 0 1 3 2 1 1 3 2 3 2 1 1 1 3 0 1 3 0 2 1 3 1 1 0 2 3 4 1 1 2 0 3 3 2 3 2 3 3 0 3 3 0 0 0 0 0 0 0 0 0 0 
#TS211
2 1 0 0 2 3 1 0 0 1 2 3 2 0 3 3 0 4 1 3 0 1 0 2 2 0 2 1 2 2 1 3 2 3 3 1 3 4 2 3 1 3 2 3 1 0 2 0 4 2 3 1 0 2 1 1 1 0 0 0 1 3 2 1 1 3 2 3 2 1 1 1 3 0 1 3 0 2 1 3 1 1 0 2 3 4 1 1 2 0 3 3 2 3 2 3 3 0 3 3 0 0 0 0 0 0 0 0 0 0 
3 1 0 0 1 3 1 0 1 1 3 3 2 0 3 4 0 4 1 3 0 1 0 2 2 0 2 1 2 2 1 3 2 3 4 1 4 4 2 3 1 3 2 3 3 0 2 0 3 2 4 1 0 2 1 1 1 0 1 0 2 3 3 3 1 3 1 3 2 1 1 1 3 0 1 3 0 3 1 2 0 1 0 1 3 4 1 1 2 0 3 3 1 4 2 3 3 0 4 3 0 0 0 0 0 0 0 0 0 0 
