#TS1
0 1 2 0 4 2 2 0 3 0 0 0 1 0 0 
0 2 1 0 3 3 2 0 2 1 0 0 1 0 0 
#TS2
2 0 4 1 3 2 1 3 3 3 0 0 0 0 0 
2 1 4 1 3 3 1 3 3 3 0 0 0 0 0 
#TS3
2 2 1 1 3 3 1 4 2 4 0 0 0 0 0 
2 0 2 2 3 3 1 4 3 4 0 0 0 0 0 
#TS4
2 0 3 2 3 3 1 4 3 2 0 0 0 0 0 
2 0 4 1 3 3 1 4 4 4 0 0 0 0 0 
#TS5
2 1 4 1 3 3 1 4 3 4 0 0 0 0 0 
2 0 4 1 3 3 1 4 3 3 0 0 0 0 0 
#TS6
1 1 2 1 3 3 4 4 2 3 1 0 0 0 0 
0 2 2 1 3 3 4 4 3 3 0 0 0 0 0 
#TS7
1 0 4 1 3 3 3 4 3 2 1 0 0 0 0 
1 1 4 1 3 2 3 4 3 3 1 0 0 0 0 
#TS8
2 0 2 1 2 3 0 0 3 3 0 0 0 1 0 
3 0 2 1 2 3 0 0 3 4 0 0 0 1 0 
#TS9
1 0 4 0 3 2 1 4 3 3 0 0 0 0 1 
1 0 4 0 3 3 1 4 3 3 0 0 0 0 1 
#TS10
2 0 4 0 1 3 1 4 3 4 0 1 0 0 0 
1 0 4 0 1 3 1 4 3 4 0 1 0 0 0 
#TS11
0 3 2 0 3 4 2 3 3 3 0 0 0 0 1 
0 3 2 0 3 3 1 3 3 3 0 0 0 0 1 
#TS12
2 1 0 1 3 3 1 0 1 0 0 0 1 0 0 
1 0 0 1 3 3 2 0 1 0 0 0 0 0 0 
#TS13
2 1 4 1 3 3 1 3 3 3 0 0 0 0 0 
2 0 4 1 3 3 1 4 3 4 0 0 0 0 0 
#TS14
1 1 3 0 3 3 3 0 2 0 0 0 1 0 0 
1 0 3 0 3 3 2 0 3 1 0 0 1 0 0 
#TS15
1 0 4 0 1 3 1 4 3 4 0 1 0 0 0 
1 1 4 0 0 3 1 4 3 3 0 1 0 0 0 
#TS16
1 1 2 1 3 3 4 4 3 4 1 0 0 0 0 
1 2 2 1 3 3 3 4 3 3 1 0 0 0 0 
#TS17
2 2 0 0 3 3 1 0 2 0 0 0 1 0 0 
1 1 0 1 3 2 1 0 1 0 0 0 1 0 0 
#TS18
0 2 3 0 3 3 1 3 2 3 0 0 0 0 1 
0 3 2 0 3 4 2 3 3 3 0 0 0 0 1 
#TS19
2 1 1 0 0 2 1 4 3 4 0 0 0 0 0 
2 1 3 1 3 2 1 4 2 3 0 0 0 0 0 
#TS20
4 0 3 1 3 3 1 4 3 4 0 0 0 0 0 
2 0 3 2 3 3 1 4 3 2 0 0 0 0 0 
#TS21
1 3 1 0 0 3 1 4 3 4 0 1 0 0 0 
2 2 1 0 0 3 1 4 2 4 0 1 0 0 0 
#TS22
2 0 4 1 4 3 1 3 3 3 0 0 0 0 0 
2 0 4 1 2 2 1 4 3 3 0 0 0 0 0 
#TS23
2 2 1 0 0 3 1 4 2 4 0 1 0 0 0 
2 1 1 0 0 2 1 4 3 4 0 0 0 0 0 
#TS24
1 0 3 0 3 3 2 0 3 1 0 0 1 0 0 
0 1 2 0 4 2 2 0 3 0 0 0 1 0 0 
#TS25
2 0 4 1 4 3 2 4 3 3 0 0 0 0 0 
2 0 3 1 3 3 1 4 3 3 0 0 0 0 0 
#TS26
4 0 2 1 3 2 0 0 3 3 0 0 0 1 0 
3 0 2 1 2 2 0 0 3 2 0 0 0 1 0 
#TS27
1 1 4 0 3 3 2 4 3 3 0 0 0 0 1 
0 2 3 0 3 3 1 3 2 3 0 0 0 0 1 
#TS28
2 0 4 1 3 3 1 4 3 2 0 0 0 0 0 
2 0 4 0 3 3 1 4 3 3 0 0 0 0 0 
#TS29
2 0 4 1 3 3 1 4 3 3 0 0 0 0 1 
1 0 4 0 3 2 1 4 3 3 0 0 0 0 1 
#TS30
1 1 0 1 3 2 1 0 1 0 0 0 1 0 0 
2 1 0 1 3 3 1 0 1 0 0 0 1 0 0 
#TS31
0 2 4 0 0 3 1 4 3 3 0 1 0 0 0 
0 3 2 0 1 3 2 4 2 3 0 1 0 0 0 
#TS32
0 2 0 0 4 3 1 0 1 0 0 0 1 0 0 
2 2 0 0 3 3 1 0 2 0 0 0 1 0 0 
#TS33
1 1 4 0 0 3 1 4 3 3 0 1 0 0 0 
0 2 4 0 0 3 1 4 3 3 0 1 0 0 0 
#TS34
2 0 4 1 3 3 1 4 3 3 1 0 0 0 0 
2 0 4 1 3 3 3 3 3 4 1 0 0 0 0 
#TS35
2 0 4 1 3 3 3 3 3 4 1 0 0 0 0 
1 0 4 1 3 3 4 3 3 2 1 0 0 0 0 
#TS36
4 0 1 1 2 3 0 0 3 3 0 0 0 1 0 
4 0 2 1 3 2 0 0 3 3 0 0 0 1 0 
#TS37
2 0 4 1 3 3 1 0 3 3 0 0 0 1 0 
2 0 2 1 2 3 0 0 3 3 0 0 0 1 0 
#TS38
2 0 4 0 2 3 1 4 3 3 0 1 0 0 0 
2 0 4 0 1 3 1 4 3 4 0 1 0 0 0 
#TS39
0 3 1 0 3 3 1 4 1 3 0 0 0 0 0 
1 2 1 1 3 3 1 4 1 4 0 0 0 0 0 
#TS40
2 0 4 1 3 3 1 4 4 4 0 0 0 0 0 
2 0 4 1 3 3 1 4 3 3 0 0 0 0 0 
#TS41
2 0 3 1 3 4 1 1 3 3 0 0 0 1 0 
2 0 4 1 3 3 1 0 3 3 0 0 0 1 0 
#TS42
2 0 4 0 3 2 2 1 3 1 0 0 1 0 0 
1 1 3 0 3 3 3 0 2 0 0 0 1 0 0 
#TS43
2 1 3 1 3 2 1 4 2 3 0 0 0 0 0 
2 0 3 1 3 3 1 4 3 3 0 0 0 0 0 
#TS44
4 0 1 1 2 2 0 0 3 4 0 0 0 0 0 
4 0 2 1 3 2 0 3 3 3 0 0 0 0 0 
#TS45
2 0 4 1 2 2 1 4 3 3 0 0 0 0 0 
2 1 3 1 3 3 1 4 3 3 0 0 0 0 0 
#TS46
1 0 4 1 3 3 4 3 3 2 1 0 0 0 0 
1 0 4 1 3 3 3 4 3 2 1 0 0 0 0 
#TS47
1 2 1 1 3 3 1 4 1 4 0 0 0 0 0 
2 2 1 1 3 3 1 4 2 4 0 0 0 0 0 
#TS48
0 4 1 0 3 3 1 4 2 4 0 0 0 0 1 
0 3 2 0 3 3 1 4 1 3 0 0 0 0 1 
#TS49
1 2 2 1 3 3 3 4 3 3 1 0 0 0 0 
1 2 2 1 3 3 4 4 2 3 1 0 0 0 0 
#TS50
1 1 4 1 3 2 3 4 3 3 1 0 0 0 0 
1 2 4 1 3 3 3 4 3 3 1 0 0 0 0 
#TS51
2 0 4 1 3 3 1 4 3 3 0 0 0 1 0 
2 0 3 1 3 4 1 1 3 3 0 0 0 1 0 
#TS52
1 2 4 1 3 3 3 4 3 3 1 0 0 0 0 
1 1 2 1 3 3 4 4 3 4 1 0 0 0 0 
#TS53
2 1 4 1 3 3 1 4 3 3 0 0 0 0 0 
2 0 4 1 3 3 1 4 3 4 0 0 0 0 0 
#TS54
2 0 4 1 3 3 1 4 3 3 0 0 1 0 0 
2 0 4 0 3 2 2 1 3 1 0 0 1 0 0 
#TS55
0 3 2 0 3 3 1 4 1 3 0 0 0 0 1 
0 3 1 0 3 3 1 4 1 3 0 0 0 0 0 
#TS56
1 0 4 0 3 3 1 4 3 3 0 0 0 0 1 
1 1 4 0 3 3 2 4 3 3 0 0 0 0 1 
#TS57
1 1 2 2 4 4 1 4 2 4 0 0 0 0 0 
2 1 2 1 3 3 1 4 3 3 0 0 0 0 0 
#TS58
0 2 2 1 3 3 4 4 3 3 0 0 0 0 0 
1 2 2 1 3 2 2 4 3 3 0 0 0 0 0 
#TS59
2 0 4 1 3 3 1 4 3 3 0 1 0 0 0 
2 0 4 0 2 3 1 4 3 3 0 1 0 0 0 
#TS60
2 0 1 1 2 2 0 0 3 3 0 0 0 1 0 
4 0 1 1 2 3 0 0 3 3 0 0 0 1 0 
#TS61
4 0 4 1 3 3 1 4 3 3 0 0 0 0 0 
4 0 4 1 3 3 1 4 3 3 0 0 0 0 0 
#TS62
1 1 0 2 3 3 0 4 3 2 0 0 0 0 0 
2 1 3 2 3 3 1 4 3 4 0 0 0 0 0 
#TS63
2 1 3 1 3 3 1 4 3 3 0 0 0 0 0 
2 1 4 1 3 3 2 4 3 2 0 0 0 0 0 
#TS64
2 0 4 1 3 3 2 4 3 3 0 0 0 0 0 
2 0 4 1 3 3 1 4 3 3 0 0 0 0 0 
#TS65
3 0 2 1 2 2 0 0 3 2 0 0 0 1 0 
2 0 2 1 3 2 0 0 3 3 0 0 0 1 0 
#TS66
2 1 4 1 3 3 2 4 3 2 0 0 0 0 0 
2 0 4 1 3 3 2 4 3 3 0 0 0 0 0 
#TS67
3 0 2 1 2 3 0 0 3 4 0 0 0 1 0 
2 0 1 1 2 2 0 0 3 3 0 0 0 1 0 
#TS68
1 2 2 1 3 3 4 4 2 3 1 0 0 0 0 
1 1 2 1 3 3 4 4 2 3 1 0 0 0 0 
#TS69
2 0 2 2 3 3 1 4 3 4 0 0 0 0 0 
2 0 2 1 3 3 1 4 3 3 0 0 0 0 0 
#TS70
3 0 4 1 3 2 1 4 3 3 0 0 0 0 0 
2 0 4 1 4 3 1 3 3 3 0 0 0 0 0 
#TS71
2 0 2 2 3 4 1 4 3 3 0 0 0 0 0 
3 0 4 1 3 3 1 4 4 3 0 0 0 0 0 
#TS72
2 1 3 1 3 3 1 4 3 2 0 0 0 0 0 
2 1 3 1 3 3 1 4 3 2 0 0 0 0 0 
#TS73
2 0 4 0 3 2 1 4 3 3 0 0 0 0 0 
2 0 4 1 3 3 1 4 3 4 0 0 0 0 0 
#TS74
0 2 2 0 0 3 1 4 2 4 0 1 0 0 0 
1 3 1 0 0 3 1 4 3 4 0 1 0 0 0 
#TS75
0 3 2 0 3 4 1 4 3 4 0 0 0 0 1 
0 4 1 0 3 3 1 4 2 4 0 0 0 0 1 
#TS76
2 1 3 2 3 3 1 4 3 4 0 0 0 0 0 
2 0 2 2 3 4 1 4 3 3 0 0 0 0 0 
#TS77
2 0 3 1 3 3 2 4 3 4 0 0 0 0 0 
2 1 4 1 3 3 1 4 3 3 0 0 0 0 0 
#TS78
0 2 1 0 3 3 2 0 2 1 0 0 1 0 0 
0 2 0 0 4 3 1 0 1 0 0 0 1 0 0 
#TS79
2 0 4 0 4 3 1 4 3 4 0 0 0 0 0 
2 1 4 1 3 3 1 4 3 4 0 0 0 0 0 
#TS80
2 0 2 1 3 3 1 3 3 3 0 0 0 0 0 
2 0 2 1 3 3 1 4 3 3 0 0 0 0 0 
#TS81
4 0 2 1 3 2 0 3 3 3 0 0 0 0 0 
4 0 3 1 3 3 1 4 3 4 0 0 0 0 0 
#TS82
0 3 2 0 1 3 2 4 2 3 0 1 0 0 0 
0 2 2 0 0 3 1 4 2 4 0 1 0 0 0 
#TS83
1 2 2 1 3 2 2 4 3 3 0 0 0 0 0 
1 1 2 2 4 4 1 4 2 4 0 0 0 0 0 
#TS84
3 0 4 1 3 3 1 4 4 3 0 0 0 0 0 
2 0 4 1 3 3 1 4 3 3 0 0 0 0 0 
#TS85
2 1 2 1 3 3 1 4 3 3 0 0 0 0 0 
2 0 2 1 3 3 1 3 3 3 0 0 0 0 0 
#TS86
1 0 0 1 3 3 2 0 1 0 0 0 0 0 0 
1 1 0 2 3 3 0 4 3 2 0 0 0 0 0 
#TS87
0 3 2 0 3 3 1 3 3 3 0 0 0 0 1 
0 3 2 0 3 4 1 4 3 4 0 0 0 0 1 
#TS88
2 0 2 1 3 2 0 0 3 3 0 0 0 1 0 
4 0 1 1 2 2 0 0 3 4 0 0 0 0 0 
