#TS1
2 3 3 2 3 0 4 2 0 3 0 2 0 0 0 0 1 3 0 0 0 2 3 3 1 4 3 1 2 3 1 0 0 0 4 4 3 0 0 1 0 3 3 3 3 3 3 3 1 1 4 3 3 1 3 2 1 1 0 1 0 3 4 3 4 1 1 3 2 0 1 0 0 2 3 0 3 0 1 0 2 0 3 1 3 3 0 0 4 3 4 4 3 3 4 2 1 4 4 3 0 0 0 0 0 0 0 0 0 0 
1 2 3 3 3 0 4 2 0 3 0 2 0 0 0 0 2 3 0 0 0 0 3 2 1 4 3 1 1 3 1 0 0 0 2 4 3 0 0 1 1 3 3 3 3 3 3 3 2 1 4 3 3 1 2 2 1 2 0 2 0 3 4 3 3 2 1 4 3 0 1 0 0 1 2 2 1 1 1 0 2 0 3 0 3 3 0 0 2 2 4 4 4 3 3 2 1 3 4 3 0 0 0 0 0 0 0 0 0 0 
#TS2
1 1 3 1 1 0 3 0 0 4 0 2 0 0 0 1 2 3 0 0 3 0 1 0 1 4 2 2 1 3 1 0 0 0 3 0 3 0 0 1 0 0 3 3 3 3 4 3 2 1 4 3 3 0 2 2 1 1 0 0 0 0 4 3 1 1 1 2 4 0 0 0 0 0 2 2 0 0 1 0 2 0 3 2 3 0 0 1 0 3 4 4 3 3 2 2 0 0 1 2 0 0 0 1 0 0 0 0 0 0 
1 1 3 1 0 0 4 0 0 2 0 3 0 0 0 0 3 3 0 0 3 0 0 0 1 4 2 1 1 4 1 0 0 0 3 0 3 0 0 1 0 1 3 3 3 4 3 3 2 1 3 3 4 0 2 2 1 1 0 0 0 0 4 3 1 2 1 2 4 0 0 0 0 0 3 1 0 1 1 0 2 2 3 2 3 0 1 0 0 3 4 4 3 3 3 2 0 0 1 3 0 0 0 1 0 0 0 0 0 0 
#TS3
1 3 3 2 3 0 4 2 0 3 0 2 0 0 0 0 1 3 0 0 0 0 1 2 1 4 2 2 1 3 1 0 0 0 2 4 3 0 0 1 0 3 3 3 3 3 3 3 2 1 4 3 3 1 2 1 1 1 0 2 0 2 4 3 3 2 1 2 4 0 1 0 0 0 2 3 0 0 1 0 2 0 3 1 3 2 0 0 1 3 4 4 3 3 3 2 1 3 4 3 0 0 0 0 0 0 0 0 0 0 
1 1 3 2 3 0 4 2 0 3 0 2 0 0 0 0 1 3 0 0 0 0 1 2 1 4 3 2 1 2 1 0 0 0 4 4 3 0 0 1 0 3 3 3 3 2 3 3 1 1 4 3 3 1 2 2 1 2 0 1 0 2 4 3 2 2 1 3 4 0 1 0 0 0 2 3 0 0 2 0 2 0 3 1 3 3 0 0 0 2 4 4 3 3 3 2 1 3 4 3 0 0 0 0 0 0 0 0 0 0 
#TS4
0 2 3 2 3 0 4 2 0 3 0 2 0 0 0 0 2 2 0 0 0 0 1 1 1 4 3 2 1 2 1 0 0 0 2 4 3 0 0 1 0 3 3 3 3 3 3 3 2 1 4 3 3 1 2 2 1 2 0 1 0 2 3 3 2 2 1 2 4 0 1 0 0 0 2 3 0 0 1 0 2 0 3 1 3 2 0 0 0 3 4 4 3 3 3 2 1 3 4 2 0 0 0 0 0 0 0 0 0 0 
0 2 3 2 3 0 4 2 0 3 0 2 0 0 0 0 1 2 0 0 0 0 1 1 1 4 3 2 1 2 1 0 0 0 2 4 4 0 0 1 0 3 2 4 3 3 3 3 3 1 4 2 3 1 2 1 1 1 0 1 0 2 3 4 2 2 1 2 4 0 1 0 0 0 2 3 0 0 1 0 2 0 3 1 3 3 1 0 0 2 4 4 3 3 3 2 1 3 4 3 0 0 0 0 0 0 0 0 0 0 
#TS5
1 3 3 4 3 0 4 2 0 2 0 2 0 0 0 0 1 3 0 0 0 0 2 3 1 3 3 3 2 3 0 0 0 0 3 4 2 0 0 1 0 3 3 1 3 3 2 3 2 0 4 3 3 1 3 2 1 1 2 3 1 2 2 2 2 2 3 3 3 0 2 0 0 3 2 1 2 1 3 0 2 0 3 1 3 3 0 0 2 3 4 3 3 2 3 2 1 3 4 4 0 0 0 0 0 0 0 0 0 0 
3 3 3 3 3 0 4 2 0 3 0 2 0 0 0 0 1 3 0 0 0 0 2 3 1 4 3 3 1 3 0 0 0 0 3 4 3 0 0 1 0 3 3 2 3 4 3 3 2 0 4 2 3 1 2 2 1 1 1 2 0 2 4 2 3 2 1 2 4 0 1 0 0 1 1 2 1 1 2 0 2 0 3 1 3 3 0 0 2 3 4 4 4 2 3 2 1 3 4 3 0 0 0 0 0 0 0 0 0 0 
#TS6
0 2 3 2 3 0 4 2 0 3 0 2 0 0 0 0 1 2 0 0 0 0 1 1 1 4 3 2 1 2 1 0 0 0 2 4 4 0 0 1 0 3 2 4 3 3 3 3 3 1 4 2 3 1 2 1 1 1 0 1 0 2 3 4 2 2 1 2 4 0 1 0 0 0 2 3 0 0 1 0 2 0 3 1 3 3 1 0 0 2 4 4 3 3 3 2 1 3 4 3 0 0 0 0 0 0 0 0 0 0 
0 2 3 2 3 0 4 2 0 3 0 2 0 0 0 0 1 3 0 0 0 0 1 1 1 4 3 2 1 3 1 0 0 0 2 4 4 0 0 1 0 3 3 2 3 3 3 4 2 1 4 3 3 1 2 2 0 1 0 1 0 2 4 3 3 2 1 3 4 0 1 0 0 0 2 3 0 0 1 0 2 0 3 1 3 3 0 0 0 2 4 4 3 3 3 2 1 3 4 3 0 0 0 0 0 0 0 0 0 0 
#TS7
3 1 4 3 3 0 4 2 0 3 1 3 0 0 0 1 3 3 0 0 0 0 3 3 1 4 3 1 1 3 1 0 0 0 3 4 3 0 0 1 0 3 3 3 3 3 3 3 3 1 4 3 3 1 4 2 1 1 0 2 1 3 4 3 2 2 1 3 2 0 1 0 0 3 2 1 3 0 1 0 2 1 3 1 3 2 1 0 3 3 4 4 3 3 3 4 0 3 4 3 0 0 0 0 0 0 0 0 0 0 
1 2 3 4 3 0 4 2 0 3 0 2 0 0 0 0 1 3 0 0 0 0 3 3 1 4 3 2 1 3 1 0 0 0 2 4 3 0 0 1 0 3 3 3 3 3 3 3 2 0 4 3 3 1 3 2 1 1 0 2 0 3 4 3 2 2 2 3 2 0 1 0 0 1 3 2 1 0 1 0 2 0 3 1 3 2 0 0 2 3 4 4 4 3 3 2 1 3 4 3 0 0 0 0 0 0 0 0 0 0 
#TS8
0 2 3 2 3 0 4 2 0 3 0 2 0 0 0 0 1 3 0 0 0 0 1 1 1 4 3 2 1 3 1 0 0 0 2 4 3 0 0 1 0 3 3 3 3 3 3 3 2 1 4 3 3 1 2 2 1 1 0 1 0 2 4 3 2 2 1 2 4 0 1 0 0 0 2 3 0 0 1 0 2 0 3 1 3 3 0 0 0 3 4 4 3 3 3 2 1 3 4 3 0 0 0 0 0 0 0 0 0 1 
0 2 4 2 3 0 4 2 0 3 0 2 0 0 0 0 1 4 0 0 0 1 2 2 0 4 4 2 1 3 1 0 0 0 2 2 3 0 0 1 3 3 3 3 3 0 3 4 1 1 3 3 2 1 3 2 1 3 0 2 3 2 4 3 4 1 2 1 4 0 1 0 0 0 2 3 0 0 0 0 2 0 3 1 3 3 0 0 1 2 3 4 3 2 3 2 1 3 4 3 0 0 0 0 0 0 0 0 0 1 
#TS9
0 2 3 2 3 0 4 2 0 3 0 2 0 0 0 0 1 3 0 0 0 0 1 1 1 4 3 2 1 3 1 0 0 0 2 4 3 0 0 1 0 3 3 3 3 3 3 3 2 1 4 3 3 1 2 2 1 1 0 1 0 2 4 3 2 2 1 2 4 0 1 0 0 0 2 3 0 0 1 0 2 0 3 1 3 3 0 0 0 3 4 4 3 3 3 2 1 3 4 3 0 0 0 0 1 0 0 0 0 0 
0 1 3 2 3 0 4 2 0 3 0 2 0 0 0 0 1 3 0 0 0 0 1 1 1 4 3 2 1 3 1 0 0 0 4 1 3 0 0 1 3 2 3 3 2 0 3 3 2 2 2 3 2 1 2 2 1 2 0 1 1 2 4 3 0 0 0 2 4 0 0 0 0 0 1 1 1 0 1 0 3 0 3 1 2 4 0 3 0 2 4 4 3 3 3 2 1 3 4 3 0 0 0 0 1 0 0 0 0 0 
#TS10
0 2 3 3 4 0 4 2 0 3 0 2 0 0 0 0 1 3 0 0 0 1 1 2 1 3 3 3 1 3 0 0 0 0 2 4 4 0 0 1 0 3 3 3 3 3 3 3 2 0 4 2 4 1 2 2 0 1 0 1 0 2 4 3 2 2 1 2 4 0 1 0 0 0 2 3 0 0 1 0 2 0 3 1 2 3 0 0 0 3 4 4 3 3 3 3 1 3 4 3 0 0 0 0 0 0 0 0 0 0 
1 3 3 2 3 0 4 2 0 3 0 2 0 0 0 0 1 3 0 0 0 0 1 2 1 4 3 2 1 3 0 0 1 0 2 4 3 0 0 1 0 3 3 3 3 3 3 3 2 0 4 3 3 1 2 2 0 1 0 1 0 2 4 3 2 2 1 2 3 0 1 0 0 0 2 3 0 0 1 0 2 0 3 1 2 4 0 0 0 3 4 4 3 3 3 3 1 3 4 2 0 0 0 0 0 0 0 0 0 0 
#TS11
1 3 3 2 3 0 4 2 0 3 0 2 0 0 0 0 1 3 0 0 0 0 1 2 1 4 3 2 1 3 0 0 1 0 2 4 3 0 0 1 0 3 3 3 3 3 3 3 2 0 4 3 3 1 2 2 0 1 0 1 0 2 4 3 2 2 1 2 3 0 1 0 0 0 2 3 0 0 1 0 2 0 3 1 2 4 0 0 0 3 4 4 3 3 3 3 1 3 4 2 0 0 0 0 0 0 0 0 0 0 
0 2 3 2 3 0 4 2 0 3 0 2 0 0 0 0 1 3 0 0 0 1 1 1 0 4 3 2 1 3 1 0 0 0 2 4 3 0 0 3 0 3 3 3 3 3 3 3 2 0 3 3 3 1 3 2 1 1 0 1 0 2 4 3 2 2 2 2 4 0 1 0 0 0 2 3 0 0 1 0 2 1 3 1 3 3 0 0 0 3 4 4 3 3 3 2 1 3 4 3 0 0 0 0 0 0 0 0 0 0 
#TS12
2 2 3 4 3 0 4 2 2 0 0 3 0 2 0 4 3 3 0 0 0 0 2 2 1 4 3 4 3 3 0 0 0 0 2 0 0 0 0 1 0 3 0 0 2 2 3 1 1 0 4 3 1 1 3 0 1 1 0 2 0 3 2 0 2 2 1 2 1 0 3 2 1 0 2 3 1 1 2 0 3 0 3 1 3 3 0 0 0 2 0 2 1 0 1 2 1 3 4 2 0 1 0 0 0 0 0 0 0 0 
2 3 3 4 3 0 4 2 2 0 0 2 0 2 0 4 3 3 1 0 0 0 3 3 2 4 4 4 3 2 0 0 1 0 2 0 0 0 0 1 0 3 0 0 3 2 2 2 2 0 4 3 1 1 3 0 1 1 2 3 0 2 1 0 2 2 1 4 0 0 4 2 1 1 2 2 1 0 3 0 3 0 3 1 4 3 0 0 1 3 0 2 1 0 0 2 1 3 4 3 0 1 0 0 0 0 0 0 0 0 
#TS13
0 2 3 2 3 0 4 2 0 3 0 2 0 0 0 0 1 3 0 0 0 0 1 1 1 4 3 2 1 3 1 0 0 0 2 4 3 0 0 1 0 3 3 3 3 3 3 3 2 1 4 3 3 1 2 2 1 1 0 1 0 2 4 3 2 2 1 2 4 0 1 0 0 0 2 3 0 0 1 0 2 0 3 1 3 3 0 0 0 3 4 4 3 3 3 2 1 3 4 3 0 0 0 1 0 0 0 0 0 0 
0 2 3 2 2 0 4 1 0 3 0 2 0 0 0 0 1 3 0 0 2 0 1 1 1 3 3 2 1 3 1 0 0 0 2 1 3 0 0 1 0 1 3 3 3 3 3 3 2 1 3 3 3 1 2 2 1 1 0 0 0 1 4 3 1 2 0 2 4 0 0 0 0 0 3 2 0 0 1 0 2 0 3 2 2 0 0 0 0 3 4 4 3 3 2 2 1 0 4 3 0 0 0 1 0 0 0 0 0 0 
#TS14
0 1 3 2 3 0 4 2 0 3 0 2 0 0 0 0 1 3 0 0 0 0 1 1 1 4 3 3 1 3 1 0 0 0 2 4 4 0 0 1 0 3 3 3 3 3 3 3 3 0 4 3 3 1 2 2 1 1 0 1 0 2 4 3 3 2 1 2 4 0 1 0 0 0 2 3 0 0 1 0 3 0 3 1 3 4 0 0 0 3 4 4 3 3 3 2 2 3 4 3 0 0 0 0 0 0 0 0 0 0 
0 2 3 2 4 0 4 2 0 3 0 2 0 0 0 0 1 3 0 0 0 0 1 1 1 4 3 2 0 3 1 0 0 0 3 4 4 0 0 1 0 3 3 3 3 3 3 4 2 1 4 2 3 1 2 2 1 1 0 1 0 2 4 3 3 2 1 3 4 0 1 0 0 0 2 3 0 0 1 0 2 0 3 1 4 3 0 0 0 3 4 4 3 3 3 2 1 3 4 3 0 0 0 0 0 0 0 0 0 0 
#TS15
1 3 3 2 3 0 4 2 0 3 0 2 0 0 0 0 1 3 0 0 0 0 2 2 1 4 3 2 1 3 1 0 0 0 2 4 4 0 0 1 0 3 3 2 3 3 3 3 2 1 4 3 2 2 2 2 1 2 0 2 0 2 3 3 2 2 1 2 4 0 1 0 0 0 2 3 1 0 1 0 2 0 3 1 3 2 1 0 1 3 4 4 3 2 3 3 1 4 4 3 0 0 0 0 0 0 0 0 0 0 
1 3 3 2 3 0 4 2 0 3 0 2 0 0 0 0 1 3 0 0 0 0 1 2 1 4 2 2 1 3 1 0 0 0 2 4 3 0 0 1 0 3 3 3 3 3 3 3 2 1 4 3 3 1 2 1 1 1 0 2 0 2 4 3 3 2 1 2 4 0 1 0 0 0 2 3 0 0 1 0 2 0 3 1 3 2 0 0 1 3 4 4 3 3 3 2 1 3 4 3 0 0 0 0 0 0 0 0 0 0 
#TS16
0 2 3 2 3 0 4 2 0 3 0 2 0 0 0 0 1 3 0 0 0 1 1 1 0 4 3 2 1 3 1 0 0 0 2 4 3 0 0 3 0 3 3 3 3 3 3 3 2 0 3 3 3 1 3 2 1 1 0 1 0 2 4 3 2 2 2 2 4 0 1 0 0 0 2 3 0 0 1 0 2 1 3 1 3 3 0 0 0 3 4 4 3 3 3 2 1 3 4 3 0 0 0 0 0 0 0 0 0 0 
0 2 3 2 4 0 4 2 0 3 0 2 0 0 0 0 1 3 0 0 0 0 1 1 0 4 3 1 1 3 0 0 0 0 3 4 4 0 0 3 0 3 3 3 3 3 3 3 2 1 4 3 3 1 2 2 1 1 0 1 0 2 4 3 1 2 1 2 4 0 1 0 0 0 2 3 0 0 1 0 2 0 3 1 3 3 0 0 0 3 4 4 3 2 3 3 1 3 4 2 0 0 0 0 0 0 0 0 0 0 
#TS17
0 2 3 2 3 0 4 2 0 3 0 2 0 0 0 0 1 3 0 0 0 0 1 1 1 4 3 2 1 3 1 0 0 0 2 4 3 0 0 1 0 3 3 3 3 3 3 3 2 1 4 3 3 1 2 2 1 1 0 1 0 2 4 3 2 2 1 2 4 0 1 0 0 0 2 3 0 0 1 0 2 0 3 1 3 3 0 0 0 3 4 4 3 3 3 2 1 3 4 3 0 0 0 0 0 0 0 0 1 0 
0 2 3 0 3 0 4 2 2 2 0 2 0 0 0 0 1 3 0 0 0 0 1 1 0 3 4 1 1 3 2 0 0 0 2 4 3 0 0 1 4 3 1 3 3 3 3 4 2 1 2 3 3 1 3 2 0 1 0 1 0 0 4 3 3 1 1 3 4 0 0 0 0 0 2 2 1 0 2 0 4 0 1 1 3 4 0 0 2 0 4 4 1 2 2 2 1 3 4 0 0 0 0 0 0 0 0 0 1 0 
#TS18
2 3 3 4 3 0 4 2 2 0 0 2 0 2 0 4 3 3 1 0 0 0 3 3 2 4 4 4 3 2 0 0 1 0 2 0 0 0 0 1 0 3 0 0 3 2 2 2 2 0 4 3 1 1 3 0 1 1 2 3 0 2 1 0 2 2 1 4 0 0 4 2 1 1 2 2 1 0 3 0 3 0 3 1 4 3 0 0 1 3 0 2 1 0 0 2 1 3 4 3 0 1 0 0 0 0 0 0 0 0 
2 3 3 4 3 0 4 2 2 0 0 2 0 1 0 4 3 3 0 0 0 1 2 3 2 4 4 4 3 3 0 0 1 0 3 0 0 0 0 1 0 3 0 0 2 2 2 1 1 0 4 3 1 1 2 0 2 2 4 3 0 3 1 0 3 2 2 3 1 0 3 3 2 0 2 1 2 2 3 1 4 0 3 1 3 3 0 0 2 3 0 1 1 0 1 2 1 3 4 3 0 1 0 0 0 0 0 0 0 0 
#TS19
0 2 3 2 4 0 4 2 0 3 0 3 0 0 0 0 1 3 1 0 0 0 0 2 1 4 3 3 1 3 0 0 0 0 3 4 3 0 0 1 0 3 3 3 3 3 3 3 3 1 4 3 3 1 2 2 1 1 1 1 0 2 4 3 4 2 2 2 4 0 1 0 0 0 1 3 0 1 2 0 2 0 3 1 2 0 1 0 0 3 4 4 3 1 3 3 1 3 4 3 0 0 0 0 0 0 0 0 0 0 
0 2 3 2 3 0 4 2 0 3 0 2 0 0 0 1 1 3 0 0 0 0 0 1 0 4 3 2 1 2 0 0 0 0 2 4 3 0 0 1 0 3 3 3 3 3 4 3 2 1 4 3 3 1 2 2 1 1 1 1 0 2 4 3 2 2 1 2 4 0 1 0 0 0 2 3 0 0 1 0 2 0 3 1 3 2 0 0 0 3 4 4 3 3 2 2 1 3 4 2 0 0 0 0 0 0 0 0 0 0 
#TS20
0 2 3 2 3 0 4 2 0 3 0 2 0 0 0 1 1 3 0 0 0 0 0 1 0 4 3 2 1 2 0 0 0 0 2 4 3 0 0 1 0 3 3 3 3 3 4 3 2 1 4 3 3 1 2 2 1 1 1 1 0 2 4 3 2 2 1 2 4 0 1 0 0 0 2 3 0 0 1 0 2 0 3 1 3 2 0 0 0 3 4 4 3 3 2 2 1 3 4 2 0 0 0 0 0 0 0 0 0 0 
0 2 3 3 4 0 4 2 0 3 0 2 0 0 0 0 2 3 0 0 0 0 1 1 1 4 3 2 1 3 0 0 0 0 3 4 3 0 0 1 0 3 3 2 3 3 4 3 2 1 4 2 3 1 2 2 1 1 0 1 0 2 4 3 2 1 1 2 4 0 1 0 0 0 2 3 0 0 1 0 2 0 3 0 3 2 0 0 0 3 4 4 3 3 3 2 1 3 4 3 0 0 0 0 0 0 0 0 0 0 
#TS21
1 2 3 3 3 0 4 2 0 3 0 2 0 0 0 0 1 3 0 0 0 1 1 1 1 4 3 1 1 3 1 0 0 0 3 4 3 0 0 1 0 3 3 4 3 3 3 3 2 1 4 3 3 1 2 2 1 2 0 1 0 2 4 3 3 2 1 2 4 0 1 0 0 0 2 3 0 0 1 0 2 0 3 1 3 3 0 0 0 3 4 4 3 2 3 2 2 3 4 3 0 0 0 0 0 0 0 0 0 0 
0 2 3 2 3 0 4 2 0 3 0 2 0 0 0 0 2 2 0 0 0 0 1 1 1 4 3 2 1 2 1 0 0 0 2 4 3 0 0 1 0 3 3 3 3 3 3 3 2 1 4 3 3 1 2 2 1 2 0 1 0 2 3 3 2 2 1 2 4 0 1 0 0 0 2 3 0 0 1 0 2 0 3 1 3 2 0 0 0 3 4 4 3 3 3 2 1 3 4 2 0 0 0 0 0 0 0 0 0 0 
#TS22
1 3 2 2 3 0 4 2 0 0 0 0 0 0 0 0 1 4 0 0 0 0 1 0 0 4 3 2 1 3 0 0 0 0 3 4 3 0 0 0 0 3 0 0 2 3 3 3 3 0 1 2 3 1 2 4 0 1 0 1 1 0 3 2 2 2 2 1 4 0 1 0 0 0 2 3 0 0 1 0 2 0 3 1 3 3 0 0 3 3 0 3 3 3 3 2 1 3 4 4 0 0 1 0 0 0 0 0 0 0 
0 3 3 2 3 0 4 2 0 0 0 0 0 0 0 0 2 3 0 0 0 0 1 1 0 4 3 2 1 3 0 0 0 0 2 4 3 0 0 1 0 3 0 0 1 4 3 3 2 0 2 2 2 1 3 4 0 1 0 1 1 0 3 1 3 1 1 2 4 0 1 0 0 0 2 3 0 0 1 0 2 0 3 1 4 3 0 0 3 3 0 3 3 3 2 2 1 3 4 3 0 0 1 0 0 0 0 0 0 0 
#TS23
1 4 3 3 3 0 3 2 0 3 0 2 0 0 0 0 2 3 0 0 0 1 2 2 1 4 3 1 0 2 0 0 0 0 3 4 3 0 0 1 0 3 2 3 3 3 3 3 3 0 4 2 3 1 2 2 1 1 0 1 0 2 4 3 2 2 2 2 4 0 1 0 0 0 2 2 1 0 1 0 2 0 3 2 3 1 0 0 0 3 4 4 3 2 3 2 1 3 4 3 0 0 0 0 0 0 0 0 0 0 
0 2 3 2 4 0 4 1 0 3 0 2 0 0 0 0 1 3 0 0 0 0 2 2 1 4 3 2 1 3 1 0 0 0 2 4 4 0 0 2 0 3 2 3 3 3 3 3 2 1 4 3 3 1 3 2 1 1 0 1 0 2 4 3 1 2 1 2 4 0 0 0 0 0 2 2 0 0 1 0 2 0 3 1 3 3 0 0 0 3 4 4 3 3 3 2 1 3 4 3 0 0 0 0 0 0 0 0 0 0 
#TS24
2 2 3 3 3 0 4 3 0 0 0 0 0 0 0 0 1 3 0 0 0 0 2 1 0 4 3 3 2 3 0 0 0 0 3 4 0 0 0 1 0 3 0 0 0 3 3 3 2 0 2 4 3 1 2 3 0 1 2 2 3 0 0 1 4 1 1 2 3 0 1 0 0 0 0 3 0 2 4 0 2 0 3 1 3 2 0 0 4 3 1 1 3 1 3 2 2 3 4 3 0 0 0 0 0 0 0 0 0 0 
3 3 3 2 3 0 4 3 0 2 0 2 0 0 0 0 1 3 0 0 0 0 2 2 1 4 3 3 2 3 0 0 0 0 2 4 2 0 0 4 0 3 2 0 2 4 3 3 2 0 4 3 3 1 3 4 1 2 3 3 2 1 0 1 3 1 1 2 3 0 2 0 0 2 1 3 0 2 3 3 2 0 3 1 2 4 0 0 1 3 3 2 3 0 3 2 1 3 4 3 0 0 0 0 0 0 0 0 0 0 
#TS25
1 2 3 3 3 0 4 2 0 3 0 2 0 0 0 3 1 3 0 0 0 0 1 1 1 2 2 0 1 3 0 0 0 0 2 0 3 0 4 1 1 0 3 3 3 2 3 3 3 3 4 3 3 1 3 2 1 2 0 1 0 2 4 3 1 2 0 2 4 0 0 0 0 0 3 1 3 0 0 0 2 0 1 1 3 3 1 3 0 1 4 3 3 3 4 1 1 3 4 3 0 0 0 0 0 0 0 1 0 0 
1 2 3 2 3 0 4 2 0 3 0 3 0 0 0 3 1 3 0 0 0 1 1 1 1 1 2 0 1 3 0 0 0 0 3 0 2 0 4 1 1 0 3 3 3 3 4 3 4 4 4 3 3 1 4 2 1 2 0 1 0 3 4 3 2 2 1 2 4 0 0 0 0 0 3 0 3 0 0 0 2 0 1 1 2 2 1 4 0 1 4 4 3 4 4 1 1 3 4 3 0 0 0 0 0 0 0 1 0 0 
#TS26
0 2 4 2 3 0 4 2 0 3 0 2 0 0 0 0 1 4 0 0 0 1 2 2 0 4 4 2 1 3 1 0 0 0 2 2 3 0 0 1 3 3 3 3 3 0 3 4 1 1 3 3 2 1 3 2 1 3 0 2 3 2 4 3 4 1 2 1 4 0 1 0 0 0 2 3 0 0 0 0 2 0 3 1 3 3 0 0 1 2 3 4 3 2 3 2 1 3 4 3 0 0 0 0 0 0 0 0 0 1 
0 2 3 3 3 0 4 2 0 3 0 2 0 0 0 0 1 3 0 0 0 2 3 3 0 4 4 2 1 4 2 0 0 0 3 2 2 0 0 3 4 3 3 4 3 0 3 3 0 1 2 3 0 1 4 2 3 3 0 2 3 2 4 3 4 1 1 0 4 0 1 0 0 0 1 3 0 0 0 0 2 0 3 2 3 3 0 0 3 1 4 4 3 2 3 4 1 3 4 3 0 0 0 0 0 0 0 0 0 1 
#TS27
0 2 3 2 3 0 4 2 0 3 0 2 0 0 0 0 1 3 0 0 0 0 1 1 1 4 3 2 1 3 1 0 0 0 2 4 3 0 0 1 0 3 3 3 3 3 3 3 2 1 4 3 3 1 2 2 1 1 0 1 0 2 4 3 2 2 1 2 4 0 1 0 0 0 2 3 0 0 1 0 2 0 3 1 3 3 0 0 0 3 4 4 3 3 3 2 1 3 4 3 1 0 0 0 0 0 0 0 0 0 
0 1 3 0 2 0 4 2 0 2 0 2 0 1 0 0 2 3 0 0 0 1 2 1 1 4 3 0 1 3 1 0 0 0 2 4 4 0 0 1 2 3 2 3 3 0 3 3 2 1 4 3 3 0 2 3 2 2 0 0 0 2 4 2 2 2 1 2 4 0 1 0 0 0 2 2 0 0 1 0 3 1 3 1 3 1 0 0 1 3 4 4 3 3 4 2 1 3 4 3 1 0 0 0 0 0 0 0 0 0 
#TS28
0 2 3 2 3 0 4 2 0 3 0 2 0 0 0 0 1 3 0 0 0 0 1 1 1 4 3 2 1 3 1 0 0 0 2 4 3 0 0 1 0 3 3 3 3 3 3 3 2 1 4 3 3 1 2 2 1 1 0 1 0 2 4 3 2 2 1 2 4 0 1 0 0 0 2 3 0 0 1 0 2 0 3 1 3 3 0 0 0 3 4 4 3 3 3 2 1 3 4 3 0 0 0 0 0 0 0 0 0 0 
0 2 3 2 3 0 4 2 0 3 0 2 0 0 0 0 1 3 0 0 0 0 1 1 1 4 3 2 1 3 1 0 0 0 2 4 3 0 0 1 0 3 3 3 3 3 3 3 2 1 4 3 3 1 2 2 1 1 0 1 0 2 4 3 2 2 1 2 4 0 1 0 0 0 2 3 0 0 1 0 2 0 3 1 3 3 0 0 0 3 4 4 3 3 3 2 1 3 4 3 0 0 0 0 0 0 0 0 0 0 
#TS29
0 2 4 2 3 0 4 3 0 3 0 2 0 0 0 0 1 0 0 0 0 4 4 4 3 3 2 1 4 3 1 0 0 0 2 1 0 0 0 1 4 1 3 4 3 0 0 0 0 4 0 1 0 1 2 4 3 3 0 1 1 4 4 3 0 0 0 3 0 1 0 4 3 3 1 0 3 1 1 0 4 0 3 1 3 3 0 3 3 2 4 3 3 4 3 2 1 3 4 3 0 0 0 0 0 0 0 0 0 0 
1 2 3 2 3 0 4 3 0 3 0 3 0 0 0 0 1 1 0 0 0 3 4 4 2 4 3 2 4 2 1 0 1 0 2 4 1 0 0 1 0 2 3 3 3 2 1 0 1 2 2 1 0 1 2 3 3 3 0 1 1 4 4 4 3 2 1 4 0 0 3 3 3 4 3 0 4 0 1 0 2 1 3 1 3 3 0 0 4 2 4 3 3 3 3 2 1 3 4 3 0 0 0 0 0 0 0 0 0 0 
#TS30
0 2 2 2 4 0 4 2 0 3 0 3 0 0 0 0 1 3 0 0 0 0 2 1 1 4 3 2 1 3 1 0 0 0 2 4 3 0 0 1 0 3 3 3 3 3 3 3 2 1 4 3 3 1 2 2 1 1 1 2 0 3 3 3 3 2 1 2 4 0 1 0 0 0 2 3 0 0 1 0 2 0 3 1 3 2 0 0 0 3 4 4 3 3 3 2 2 3 4 3 0 0 0 0 0 0 0 0 0 0 
0 2 3 2 3 0 4 2 0 3 0 2 0 0 0 0 1 3 0 0 0 0 1 1 1 4 2 2 1 3 1 0 0 0 2 4 3 0 0 2 0 3 3 3 3 3 3 3 2 0 4 3 3 1 2 2 1 1 0 2 0 3 3 3 2 2 1 3 4 0 1 0 0 0 2 3 0 0 1 0 3 1 3 1 3 3 0 0 0 3 4 4 3 3 3 2 1 3 4 3 0 0 0 0 0 0 0 0 0 0 
#TS31
0 2 4 3 3 0 4 3 0 3 0 2 0 0 0 0 1 0 0 0 0 3 1 2 1 3 2 1 2 3 1 0 0 0 3 1 0 0 0 3 3 1 3 4 3 0 1 1 1 4 0 2 0 1 2 4 2 3 0 0 2 3 3 3 0 0 1 3 3 0 0 0 0 1 1 0 2 0 1 0 4 0 3 1 3 3 1 3 0 2 3 4 3 2 3 2 1 3 4 3 0 0 0 0 1 0 0 0 0 0 
0 2 4 3 3 0 4 4 0 3 0 2 0 0 0 0 2 0 0 0 0 3 2 3 1 3 3 1 3 2 1 0 0 0 2 1 0 0 0 1 4 1 3 4 3 0 0 1 1 3 0 1 0 1 2 4 3 3 0 0 1 4 4 3 0 0 0 2 2 0 0 1 1 2 1 0 1 0 1 0 3 0 3 0 4 3 0 4 0 2 4 4 3 3 3 1 1 3 4 3 0 0 0 0 1 0 0 0 0 0 
#TS32
2 2 3 3 3 0 4 4 0 3 0 2 0 0 0 0 1 3 0 0 0 1 3 4 1 4 3 1 3 3 1 0 1 0 2 4 3 0 0 1 0 3 3 3 3 3 3 1 1 1 4 3 1 1 3 2 2 2 0 2 2 3 4 3 3 1 2 3 2 0 3 2 1 3 3 0 2 0 1 0 2 0 3 1 3 3 0 0 3 3 4 4 3 3 3 2 1 3 3 3 0 0 0 0 0 0 0 0 0 0 
2 3 3 2 3 0 4 2 0 3 0 2 0 0 0 0 1 3 0 0 0 2 3 3 1 4 3 1 2 3 1 0 0 0 4 4 3 0 0 1 0 3 3 3 3 3 3 3 1 1 4 3 3 1 3 2 1 1 0 1 0 3 4 3 4 1 1 3 2 0 1 0 0 2 3 0 3 0 1 0 2 0 3 1 3 3 0 0 4 3 4 4 3 3 4 2 1 4 4 3 0 0 0 0 0 0 0 0 0 0 
#TS33
4 3 3 2 1 0 4 0 0 3 1 4 0 1 1 2 2 4 0 0 3 0 2 1 1 4 3 1 3 4 0 0 1 0 2 0 0 0 0 1 0 0 3 3 3 3 4 2 3 1 4 3 4 0 2 2 1 1 1 0 2 0 4 3 1 1 2 3 1 0 1 2 1 3 4 1 2 0 1 0 1 2 3 3 3 0 0 0 2 3 4 4 3 3 3 2 1 0 0 3 0 0 0 0 0 0 0 0 0 0 
3 2 3 2 3 0 4 2 0 3 2 4 0 0 1 1 3 3 0 0 1 0 2 2 2 4 3 1 3 3 1 0 1 0 2 4 1 0 0 1 0 2 3 3 3 3 3 2 3 1 4 3 4 1 3 2 0 2 1 2 1 3 4 3 2 2 2 4 1 0 2 2 2 4 4 1 2 0 1 0 1 1 3 2 3 2 0 0 3 3 4 4 3 3 3 2 1 3 1 3 0 0 0 0 0 0 0 0 0 0 
#TS34
1 1 3 2 3 0 4 2 0 3 0 2 0 0 0 0 1 3 0 0 0 0 1 2 1 4 3 2 1 2 1 0 0 0 4 4 3 0 0 1 0 3 3 3 3 2 3 3 1 1 4 3 3 1 2 2 1 2 0 1 0 2 4 3 2 2 1 3 4 0 1 0 0 0 2 3 0 0 2 0 2 0 3 1 3 3 0 0 0 2 4 4 3 3 3 2 1 3 4 3 0 0 0 0 0 0 0 0 0 0 
0 1 2 2 4 0 4 2 0 3 0 2 0 0 0 0 1 3 0 0 0 0 1 2 1 4 3 2 1 3 0 0 0 0 2 4 4 0 0 2 0 3 3 3 3 3 3 3 2 0 4 3 3 1 2 2 1 1 0 1 0 2 4 3 2 2 1 2 3 0 1 0 0 0 2 3 0 0 1 0 3 0 3 1 3 3 0 0 0 3 4 4 2 3 4 2 1 3 4 2 0 0 0 0 0 0 0 0 0 0 
#TS35
2 2 3 4 3 0 4 2 0 3 0 2 0 0 0 0 1 2 0 0 0 2 3 3 1 4 1 2 1 1 0 0 3 1 2 4 3 0 0 1 0 3 3 3 3 3 3 1 1 1 2 2 0 1 2 3 3 1 0 1 1 3 4 3 1 2 2 3 3 0 2 0 0 2 3 1 3 0 1 0 2 0 3 1 3 3 0 0 1 3 4 4 3 3 2 2 0 3 4 3 0 0 0 0 0 0 0 0 0 0 
1 2 3 3 4 0 4 2 0 3 0 2 0 0 0 0 1 3 0 0 0 1 2 2 1 4 3 2 1 2 1 0 1 1 3 4 3 0 0 1 0 3 3 3 3 3 3 3 2 1 4 3 2 1 2 2 1 1 0 2 0 3 4 3 2 2 1 3 4 0 1 0 0 1 2 2 1 0 1 0 2 0 3 1 3 2 0 0 1 3 4 4 3 2 2 2 1 4 4 3 0 0 0 0 0 0 0 0 0 0 
#TS36
0 2 3 2 3 0 4 2 0 3 0 2 0 0 0 0 1 3 0 0 0 0 1 1 1 4 2 2 1 3 1 0 0 0 2 4 3 0 0 2 0 3 3 3 3 3 3 3 2 0 4 3 3 1 2 2 1 1 0 2 0 3 3 3 2 2 1 3 4 0 1 0 0 0 2 3 0 0 1 0 3 1 3 1 3 3 0 0 0 3 4 4 3 3 3 2 1 3 4 3 0 0 0 0 0 0 0 0 0 0 
0 2 3 2 4 0 4 2 0 3 0 2 0 0 0 0 1 3 0 0 0 1 1 1 1 4 3 2 1 3 1 0 0 0 2 4 3 0 0 1 0 3 3 3 3 3 3 3 2 0 4 3 3 1 2 2 1 1 0 2 0 2 4 3 2 2 1 2 4 0 1 0 0 0 2 3 0 1 1 0 2 0 3 1 3 3 0 0 0 3 4 4 3 3 3 2 1 3 4 3 0 0 0 0 0 0 0 0 0 0 
#TS37
1 2 3 3 3 0 4 2 0 3 0 2 0 0 0 0 2 3 0 0 0 0 3 2 1 4 3 1 1 3 1 0 0 0 2 4 3 0 0 1 1 3 3 3 3 3 3 3 2 1 4 3 3 1 2 2 1 2 0 2 0 3 4 3 3 2 1 4 3 0 1 0 0 1 2 2 1 1 1 0 2 0 3 0 3 3 0 0 2 2 4 4 4 3 3 2 1 3 4 3 0 0 0 0 0 0 0 0 0 0 
0 2 3 3 3 0 4 2 0 3 0 3 0 0 0 0 1 3 0 0 0 0 2 3 1 4 3 1 1 3 1 0 0 0 2 4 4 0 0 1 0 3 3 3 3 4 3 3 2 1 4 4 2 1 2 2 1 1 0 1 0 2 4 3 2 2 1 3 4 0 1 0 0 1 2 2 0 0 1 0 2 0 3 1 3 3 0 0 1 3 4 4 3 3 3 2 1 3 4 4 0 0 0 0 0 0 0 0 0 0 
#TS38
1 2 3 3 4 0 4 2 0 3 0 2 0 0 0 1 1 3 0 0 0 1 2 3 1 4 3 2 1 2 1 0 1 0 3 4 2 0 0 1 0 3 3 3 3 3 3 3 2 1 4 2 3 1 2 2 1 1 0 1 0 2 4 3 1 2 1 2 4 0 1 0 0 1 2 3 1 0 1 0 2 0 3 1 3 3 0 0 0 3 4 4 4 2 3 2 1 3 4 3 0 0 0 0 0 0 0 0 0 0 
0 3 3 2 3 0 4 2 0 3 0 2 0 0 0 0 1 3 0 0 0 0 1 2 1 4 2 2 1 3 1 0 0 0 2 4 3 0 0 0 0 3 3 2 3 3 3 3 2 1 4 3 3 1 2 2 1 1 0 1 0 2 4 2 1 2 1 2 4 0 1 0 0 0 3 3 0 0 1 0 2 0 3 1 4 3 0 0 0 2 4 4 3 3 2 2 1 3 4 4 0 0 0 0 0 0 0 0 0 0 
#TS39
0 2 3 0 3 0 4 2 3 1 0 3 0 0 0 0 1 3 3 1 0 0 0 1 0 3 3 4 1 3 3 0 1 0 3 4 3 1 1 1 3 2 0 0 2 3 3 3 4 2 0 3 3 1 2 2 0 0 2 2 0 0 0 0 4 0 1 2 4 0 0 0 0 0 0 0 1 0 3 0 3 0 0 1 0 0 3 1 2 0 4 4 0 0 0 2 1 3 4 0 0 0 0 0 0 0 0 0 1 0 
0 2 3 1 3 0 4 2 4 1 0 3 0 0 0 0 0 3 4 3 0 0 0 1 0 3 3 4 1 3 3 0 1 0 2 4 3 2 2 1 3 3 0 0 2 3 3 4 3 1 0 3 3 1 2 2 0 0 2 2 1 0 0 0 4 0 0 3 4 0 0 0 0 0 0 0 1 0 4 2 3 0 0 0 0 0 3 1 2 0 3 4 0 0 0 2 1 3 4 0 0 0 0 0 0 0 0 0 1 0 
#TS40
0 1 4 2 3 0 4 3 0 3 0 2 0 0 0 0 1 2 0 0 0 2 1 1 1 4 2 1 1 3 1 0 0 0 2 0 2 0 0 1 3 1 3 3 3 0 2 3 1 4 1 3 0 1 2 3 3 2 0 1 1 2 4 3 0 0 0 2 4 0 0 0 0 0 1 0 1 0 1 0 4 0 3 1 3 3 1 3 0 2 4 4 3 3 3 2 0 3 4 3 0 0 0 0 1 0 0 0 0 0 
0 1 4 3 3 0 4 3 0 3 0 2 0 0 0 0 1 1 0 0 0 3 1 2 1 4 3 2 1 3 1 0 0 0 3 1 1 0 0 3 4 1 2 4 3 0 2 2 1 4 1 2 0 1 3 3 3 3 0 0 1 2 4 3 0 0 1 2 4 0 0 0 0 0 0 0 2 0 1 0 4 0 3 1 3 3 0 2 0 2 4 4 3 3 3 2 0 3 4 3 0 0 0 0 1 0 0 0 0 0 
#TS41
3 3 3 3 3 0 4 2 0 3 0 2 0 0 0 0 1 3 0 0 0 0 2 3 1 4 3 3 1 3 0 0 0 0 3 4 3 0 0 1 0 3 3 2 3 4 3 3 2 0 4 2 3 1 2 2 1 1 1 2 0 2 4 2 3 2 1 2 4 0 1 0 0 1 1 2 1 1 2 0 2 0 3 1 3 3 0 0 2 3 4 4 4 2 3 2 1 3 4 3 0 0 0 0 0 0 0 0 0 0 
0 2 3 3 3 0 4 3 0 3 0 2 0 0 0 0 1 3 0 0 0 0 2 3 1 4 3 2 1 2 0 0 0 0 2 4 3 0 0 1 0 3 3 3 3 3 4 3 2 0 4 3 3 1 3 2 0 1 1 1 0 2 4 3 2 2 2 2 4 0 1 0 0 1 2 2 0 0 1 0 2 0 3 1 3 3 0 0 1 3 4 4 3 3 3 2 1 3 4 3 0 0 0 0 0 0 0 0 0 0 
#TS42
0 3 2 2 3 0 4 2 0 3 0 2 0 0 0 0 1 3 0 0 3 2 1 2 1 0 2 1 0 1 0 0 0 1 2 4 3 0 0 1 0 3 3 3 2 0 2 2 0 1 4 3 0 0 1 3 3 3 0 0 1 0 4 3 2 2 1 2 4 0 1 0 0 0 3 3 0 0 1 0 2 0 3 0 3 3 0 0 1 2 4 4 3 3 3 3 1 1 2 3 0 0 0 0 0 1 0 0 0 0 
0 2 3 2 3 0 4 2 0 3 0 2 0 0 0 0 1 1 0 0 3 3 1 3 1 0 1 1 0 1 0 0 1 3 2 4 2 0 0 1 0 3 3 3 3 0 2 2 0 1 3 2 0 0 2 3 3 4 0 0 2 0 4 2 2 2 1 2 4 0 1 0 0 0 2 3 0 0 1 0 2 0 3 1 4 4 0 0 0 2 4 4 3 3 3 3 2 1 2 3 0 0 0 0 0 1 0 0 0 0 
#TS43
1 2 3 2 4 0 4 2 0 3 0 2 0 0 0 0 1 3 0 1 0 0 2 2 1 4 3 3 1 3 0 0 1 0 3 4 3 0 0 1 0 3 2 2 3 3 4 3 2 0 4 3 3 1 2 2 1 1 3 2 1 1 3 1 3 2 1 3 4 0 1 0 0 1 0 3 0 1 3 1 2 0 4 1 3 3 0 0 0 3 4 4 3 1 2 2 1 3 4 3 0 0 0 0 0 0 0 0 0 0 
1 2 3 3 3 0 4 2 0 3 0 3 0 0 0 0 1 3 0 0 0 0 2 2 1 4 3 3 2 3 0 0 0 0 2 4 3 0 0 1 0 3 3 2 3 3 4 3 3 1 4 3 3 1 2 2 1 1 1 3 0 1 3 3 3 2 1 2 3 0 1 0 0 0 0 3 0 2 2 0 2 0 3 1 3 3 0 0 0 3 4 4 3 2 3 2 1 3 4 3 0 0 0 0 0 0 0 0 0 0 
#TS44
1 2 3 0 3 0 4 1 3 0 0 4 0 0 0 0 0 3 4 4 0 0 0 2 0 4 3 4 1 2 4 0 1 0 3 3 4 2 2 1 3 2 0 0 2 4 3 4 4 1 0 3 3 1 3 2 0 0 3 2 1 0 0 0 3 0 1 2 4 0 0 0 0 0 0 0 1 0 4 4 4 0 0 1 0 0 4 1 2 0 4 4 0 0 0 2 1 3 4 0 0 0 0 0 0 0 0 0 1 0 
1 2 3 0 3 0 4 1 4 1 0 4 0 0 0 0 0 3 4 4 0 0 0 2 0 4 2 3 0 3 3 0 0 0 3 4 3 2 2 2 3 2 0 0 2 3 3 3 4 1 0 3 3 1 3 2 0 0 4 2 2 0 0 0 4 0 1 3 3 0 0 0 0 0 0 0 1 1 4 4 4 0 0 0 0 0 4 1 2 0 4 4 0 0 0 2 1 3 4 0 0 0 0 0 0 0 0 0 0 0 
#TS45
4 1 3 2 0 0 4 0 0 3 1 4 0 1 1 1 2 3 0 0 3 0 1 0 1 3 3 2 2 4 1 0 0 0 2 0 0 0 0 1 0 0 3 3 3 3 3 3 2 1 4 2 3 0 2 2 1 2 0 0 1 0 4 3 1 1 2 2 4 0 0 0 0 2 4 1 0 0 1 0 0 1 3 3 3 0 1 0 0 2 4 4 3 3 4 3 1 1 0 2 0 0 0 1 0 0 0 0 0 0 
3 1 3 2 0 1 4 0 0 3 1 3 0 0 1 1 3 3 0 0 4 0 1 0 1 3 3 2 2 4 0 0 0 0 3 0 1 0 0 1 0 0 3 3 3 3 3 3 2 1 4 3 4 0 2 2 1 1 0 0 1 0 4 3 0 1 1 3 4 0 0 0 1 3 4 1 0 1 1 0 0 2 3 3 2 0 1 0 0 2 4 4 3 3 3 2 1 0 0 3 0 0 0 1 0 0 0 0 0 0 
#TS46
1 0 3 3 1 0 4 2 0 0 1 0 0 1 0 1 2 3 0 0 0 0 1 1 1 3 3 1 2 3 0 0 0 0 3 0 0 0 3 1 0 3 2 1 3 3 3 3 0 0 4 3 3 1 2 0 0 3 0 2 1 2 4 4 2 2 0 3 2 0 2 0 0 2 3 3 4 1 1 0 2 0 3 1 3 0 0 0 0 0 4 4 3 2 3 2 1 1 3 1 0 0 0 0 0 0 1 0 0 0 
2 1 3 3 1 0 4 2 0 0 1 0 0 1 0 1 3 3 0 0 0 0 2 1 1 4 3 0 4 3 0 0 1 0 3 0 0 0 3 1 0 3 3 1 3 4 3 2 0 0 4 3 3 1 2 0 0 3 1 2 2 2 4 3 2 2 1 2 1 0 3 1 1 2 4 3 3 0 1 0 2 0 3 1 3 0 1 0 0 0 4 4 4 3 3 2 2 2 2 2 0 0 0 0 0 0 1 0 0 0 
#TS47
2 2 3 1 4 0 4 2 0 0 0 2 0 1 0 0 1 0 0 0 0 4 2 2 1 4 3 0 3 3 0 0 0 0 2 4 0 0 0 1 2 3 1 2 3 0 0 1 0 1 2 0 1 1 2 4 4 2 0 0 0 3 4 1 2 2 1 2 2 0 2 0 1 2 3 1 0 0 1 0 3 0 3 2 3 1 0 0 2 2 4 4 3 3 4 2 1 3 4 3 1 0 0 0 0 0 0 0 0 0 
2 3 4 1 3 0 4 4 0 0 0 2 0 1 0 0 1 0 0 0 0 4 3 2 1 4 3 1 4 3 0 0 0 0 3 4 0 0 0 1 3 3 1 2 3 0 0 0 0 1 2 0 1 1 2 4 3 4 0 0 0 4 4 2 3 2 1 2 1 0 2 0 1 3 3 1 0 0 1 0 2 0 3 2 3 1 0 0 2 3 4 4 3 3 4 2 1 4 4 2 1 0 0 0 0 0 0 0 0 0 
#TS48
0 3 3 2 3 0 4 2 0 0 0 0 0 0 0 0 2 3 0 0 0 0 1 1 0 4 3 2 1 3 0 0 0 0 2 4 3 0 0 1 0 3 0 0 1 4 3 3 2 0 2 2 2 1 3 4 0 1 0 1 1 0 3 1 3 1 1 2 4 0 1 0 0 0 2 3 0 0 1 0 2 0 3 1 4 3 0 0 3 3 0 3 3 3 2 2 1 3 4 3 0 0 1 0 0 0 0 0 0 0 
1 2 3 2 3 1 3 2 0 0 0 0 0 0 0 0 3 3 0 0 0 0 0 1 0 4 3 1 0 3 0 0 0 0 2 4 3 0 0 1 0 3 0 0 1 3 4 3 2 0 1 3 3 1 2 3 0 1 0 2 1 0 1 1 3 1 1 2 4 0 0 0 0 0 1 3 0 1 1 0 2 0 4 1 3 3 0 0 3 3 1 2 3 2 2 2 1 3 4 3 0 0 1 0 0 0 0 0 0 0 
#TS49
1 2 3 4 3 0 4 2 0 3 0 2 0 0 0 0 1 0 0 0 3 3 2 4 1 0 0 1 1 0 0 0 2 4 1 4 0 0 0 3 0 3 3 3 3 0 0 0 0 2 2 0 0 1 1 3 2 4 0 0 2 1 3 3 2 2 1 2 1 0 2 1 0 2 4 3 0 0 1 0 1 0 3 0 3 2 0 0 0 2 4 4 3 3 3 2 1 1 1 3 0 0 0 0 0 1 0 0 0 0 
1 3 3 4 3 0 4 3 0 4 0 3 0 0 0 0 1 0 0 0 3 3 3 3 1 0 0 1 1 0 0 0 1 4 1 4 0 0 0 2 0 3 2 3 3 0 0 0 0 1 1 0 0 1 1 4 4 3 0 0 2 0 4 3 2 2 1 3 1 0 3 1 0 4 4 3 1 0 1 0 2 0 3 0 3 3 0 0 1 2 2 4 4 3 3 2 1 1 1 4 0 0 0 0 0 1 0 0 0 0 
#TS50
0 2 4 3 3 0 4 4 0 3 0 2 0 0 0 0 2 0 0 0 0 3 2 3 1 3 3 1 3 2 1 0 0 0 2 1 0 0 0 1 4 1 3 4 3 0 0 1 1 3 0 1 0 1 2 4 3 3 0 0 1 4 4 3 0 0 0 2 2 0 0 1 1 2 1 0 1 0 1 0 3 0 3 0 4 3 0 4 0 2 4 4 3 3 3 1 1 3 4 3 0 0 0 0 1 0 0 0 0 0 
0 2 3 2 3 0 4 2 0 3 0 2 0 0 0 0 1 0 0 0 0 3 3 3 2 3 2 1 4 3 1 0 1 0 2 1 0 0 0 1 4 1 3 4 3 0 0 0 1 3 0 1 0 1 2 3 3 3 0 1 1 4 4 3 0 0 1 4 1 0 0 2 2 3 1 0 2 0 1 0 3 1 2 1 3 2 0 3 0 2 4 4 2 3 3 2 2 3 4 3 0 0 0 0 1 0 0 0 0 0 
#TS51
3 2 3 2 4 0 4 2 0 3 0 2 0 0 0 4 1 3 0 0 0 0 1 1 2 2 1 0 1 2 0 0 1 1 2 0 1 0 3 3 0 0 3 3 3 3 4 4 3 3 4 3 3 1 4 2 1 2 0 1 0 3 4 2 2 2 1 2 4 0 0 0 0 0 4 0 3 0 0 0 2 0 0 1 2 2 1 4 0 1 4 4 3 3 4 0 2 3 4 2 0 0 0 0 0 0 0 1 0 0 
3 2 3 3 4 0 4 2 0 3 0 2 0 0 0 3 1 3 0 0 0 0 1 0 2 1 1 0 3 1 0 0 0 1 3 0 1 0 4 1 1 0 3 3 3 3 3 2 3 3 4 2 3 1 4 2 1 2 0 2 1 3 4 3 2 2 1 2 4 0 0 0 0 2 3 0 3 0 0 0 2 0 0 1 1 1 2 4 0 1 4 4 3 3 3 1 1 3 4 3 0 0 0 0 0 0 0 1 0 0 
#TS52
0 2 4 3 3 0 4 2 0 3 0 2 0 0 0 0 1 3 0 0 0 0 2 2 1 4 3 2 1 4 0 0 0 0 2 4 3 0 0 1 0 3 3 2 3 3 3 4 2 1 4 3 3 1 2 2 0 1 0 1 0 2 4 3 2 2 1 2 4 0 1 0 0 1 2 2 0 1 1 0 2 0 3 1 3 4 0 0 1 3 4 4 4 3 3 2 1 3 4 3 0 0 0 0 0 0 0 0 0 0 
1 2 3 2 3 0 4 2 0 3 0 2 0 0 0 0 1 4 0 0 0 0 1 2 1 4 3 1 1 3 0 0 0 0 2 4 3 0 0 2 0 3 3 3 3 3 3 4 3 1 4 3 3 1 3 2 1 1 0 1 0 2 4 3 2 2 1 2 4 0 1 0 0 1 2 3 0 0 1 0 3 0 3 1 3 3 0 0 0 3 4 4 4 3 3 2 1 3 4 4 0 0 0 0 0 0 0 0 0 0 
#TS53
0 1 2 2 4 0 4 2 0 3 0 2 0 0 0 0 1 3 0 0 0 0 1 2 1 4 3 2 1 3 0 0 0 0 2 4 4 0 0 2 0 3 3 3 3 3 3 3 2 0 4 3 3 1 2 2 1 1 0 1 0 2 4 3 2 2 1 2 3 0 1 0 0 0 2 3 0 0 1 0 3 0 3 1 3 3 0 0 0 3 4 4 2 3 4 2 1 3 4 2 0 0 0 0 0 0 0 0 0 0 
0 2 3 2 3 0 4 2 0 3 0 2 0 0 0 0 1 3 0 0 0 0 1 1 1 4 3 2 1 3 0 0 1 0 2 4 4 0 0 1 0 3 3 3 3 3 4 3 2 1 4 3 2 1 3 2 1 1 0 1 0 2 4 3 2 2 1 2 4 0 1 0 0 0 2 3 0 0 1 0 2 0 3 1 3 3 0 0 0 3 4 4 3 3 3 1 1 3 4 3 0 0 0 0 0 0 0 0 0 0 
#TS54
0 2 3 2 3 0 4 2 0 3 0 3 0 0 0 0 1 4 0 0 0 0 1 1 0 4 3 2 1 3 0 0 0 0 2 4 3 0 0 1 0 3 3 3 3 3 3 3 2 1 4 2 3 1 2 2 1 2 0 1 0 2 4 3 2 2 1 2 4 0 1 0 0 0 2 3 0 0 1 0 2 0 3 1 3 3 0 0 0 3 4 4 3 2 3 2 1 3 4 3 0 0 0 0 0 0 0 0 0 0 
0 2 3 2 4 0 4 2 0 3 0 2 0 0 0 0 1 3 0 0 0 0 1 1 1 4 3 2 0 2 1 0 0 0 2 4 3 0 0 1 0 4 3 3 3 3 3 3 2 1 4 3 3 1 3 2 1 2 0 1 0 2 4 3 1 2 1 2 4 0 1 0 0 0 2 3 0 0 1 0 2 0 3 1 3 3 0 0 0 3 4 4 3 3 3 2 1 4 4 3 0 0 0 0 0 0 0 0 0 0 
#TS55
2 2 4 3 3 0 4 2 0 3 0 2 0 0 0 0 1 2 0 0 0 0 3 2 1 4 3 2 1 3 0 0 0 0 3 4 2 0 0 1 0 3 3 2 3 3 3 3 2 1 4 2 2 1 2 2 1 1 0 1 0 2 3 3 1 2 1 3 3 0 1 0 0 2 2 1 2 0 1 0 2 0 3 1 3 4 0 0 3 3 4 4 4 3 3 2 1 3 4 3 0 0 0 0 0 0 0 0 0 0 
0 3 3 3 3 0 3 2 0 3 0 2 0 0 0 1 1 3 0 0 0 1 2 3 1 4 3 2 1 3 0 0 0 0 3 4 3 0 0 0 0 3 3 3 3 3 3 3 2 1 4 3 3 1 2 2 1 1 0 2 0 2 4 3 3 2 1 2 4 0 1 0 0 1 2 2 1 0 1 0 2 0 3 1 3 3 0 0 2 3 4 4 3 2 3 2 1 3 4 4 0 0 0 0 0 0 0 0 0 0 
#TS56
3 1 3 2 0 1 4 0 0 3 1 3 0 0 1 1 3 3 0 0 4 0 1 0 1 3 3 2 2 4 0 0 0 0 3 0 1 0 0 1 0 0 3 3 3 3 3 3 2 1 4 3 4 0 2 2 1 1 0 0 1 0 4 3 0 1 1 3 4 0 0 0 1 3 4 1 0 1 1 0 0 2 3 3 2 0 1 0 0 2 4 4 3 3 3 2 1 0 0 3 0 0 0 1 0 0 0 0 0 0 
3 1 3 2 0 1 3 0 0 3 2 3 0 0 1 2 3 3 0 0 3 0 2 0 1 3 3 2 3 3 1 0 0 0 2 0 0 0 0 1 0 0 3 3 3 3 3 3 2 1 4 3 4 0 2 2 1 1 1 1 1 0 4 3 1 1 0 2 2 0 0 1 1 3 3 1 0 0 1 0 0 2 3 2 2 0 0 0 0 2 4 4 3 3 3 2 1 0 0 3 0 0 0 1 0 0 0 0 0 0 
#TS57
0 2 3 0 3 0 4 2 0 1 0 2 0 1 0 0 1 1 0 0 0 3 1 1 1 4 3 0 1 3 0 0 0 0 2 4 1 0 0 1 3 3 2 3 3 0 2 2 0 1 2 1 1 1 2 3 4 3 0 0 0 2 3 2 1 2 0 2 4 0 1 0 0 0 2 1 0 0 1 0 3 0 3 2 3 1 0 0 2 3 3 4 3 3 4 2 1 3 4 2 1 0 0 0 0 0 0 0 0 0 
2 2 2 1 3 0 4 2 0 0 0 2 0 1 0 0 2 0 0 0 0 3 1 2 1 4 3 0 2 3 0 0 0 0 2 4 0 0 0 1 3 3 1 3 3 0 2 2 0 1 2 0 1 1 3 4 4 2 0 0 0 3 4 2 2 2 1 2 4 0 1 0 0 1 2 1 0 0 1 0 2 0 3 2 3 1 0 0 2 2 4 4 3 3 4 2 2 3 4 2 1 0 0 0 0 0 0 0 0 0 
#TS58
3 0 3 1 0 0 4 0 0 2 1 3 0 0 0 1 3 3 0 0 4 0 0 0 0 4 3 2 1 4 1 0 0 0 2 0 1 0 0 1 0 0 3 3 3 3 3 3 2 1 4 2 3 0 2 2 1 1 0 0 1 0 4 3 1 2 0 1 4 0 0 0 0 0 3 2 0 0 1 0 1 3 3 3 3 0 0 0 0 2 3 4 3 3 3 2 1 0 0 3 0 0 0 1 0 0 0 0 0 0 
4 1 3 2 0 0 4 0 0 3 1 4 0 1 1 1 2 3 0 0 3 0 1 0 1 3 3 2 2 4 1 0 0 0 2 0 0 0 0 1 0 0 3 3 3 3 3 3 2 1 4 2 3 0 2 2 1 2 0 0 1 0 4 3 1 1 2 2 4 0 0 0 0 2 4 1 0 0 1 0 0 1 3 3 3 0 1 0 0 2 4 4 3 3 4 3 1 1 0 2 0 0 0 1 0 0 0 0 0 0 
#TS59
0 2 3 2 4 0 3 2 0 3 0 2 0 0 0 0 1 3 0 0 0 0 1 1 1 4 3 2 1 3 1 0 0 0 2 4 3 0 0 1 0 3 3 3 3 3 3 3 2 1 4 3 3 1 2 3 0 1 0 2 0 2 4 3 3 1 0 2 4 0 1 0 0 0 2 3 0 0 1 0 2 0 3 1 3 2 0 0 0 2 4 4 4 3 3 2 1 3 4 4 0 0 0 0 0 0 0 0 0 0 
0 2 2 3 3 0 4 2 0 3 0 2 0 0 0 1 2 3 0 0 0 0 1 1 1 4 3 2 1 2 1 0 0 0 3 4 3 0 0 1 0 3 3 3 3 3 3 4 2 1 4 3 3 1 2 2 1 2 0 1 0 2 4 3 3 2 0 2 4 0 1 0 0 0 2 3 0 0 1 0 2 0 3 1 3 2 1 0 0 2 3 4 3 3 4 2 1 3 4 2 0 0 0 0 0 0 0 0 0 0 
#TS60
0 1 3 2 3 0 0 2 0 3 0 2 0 0 0 0 1 3 0 0 0 3 3 4 0 4 3 1 3 3 1 0 0 0 3 1 0 1 0 1 3 4 3 3 3 0 0 3 0 1 0 2 0 1 3 2 3 4 0 2 3 3 4 3 3 0 3 0 4 0 2 1 0 3 3 3 0 0 0 0 2 0 3 2 3 3 0 0 3 2 4 4 3 3 3 2 2 3 4 3 0 0 0 0 0 0 0 0 0 1 
0 1 3 2 3 0 1 2 0 3 0 2 0 0 0 0 1 3 0 0 0 3 4 4 0 4 4 1 4 4 1 0 0 0 3 1 0 0 0 1 4 3 3 3 3 0 0 2 0 1 1 2 0 1 4 2 3 4 0 2 3 4 4 3 4 0 1 0 4 0 3 3 0 3 4 2 2 0 0 0 2 1 3 2 3 3 0 0 3 2 4 4 3 3 3 2 1 3 4 3 0 0 0 0 0 0 0 0 0 1 
#TS61
2 2 3 4 3 0 4 3 0 1 0 2 0 0 0 1 2 3 0 0 0 2 3 3 2 4 3 3 3 3 0 0 1 0 3 4 0 0 0 1 0 3 2 0 3 3 3 1 2 0 4 2 2 1 2 2 1 1 3 3 2 2 1 1 2 2 2 3 0 0 3 3 2 3 2 0 3 1 3 1 2 0 3 1 2 3 1 0 3 3 3 2 3 0 1 2 1 3 4 4 0 0 0 0 0 0 0 0 0 0 
3 3 3 3 4 0 4 2 0 2 0 2 0 0 0 0 1 3 1 0 0 0 3 3 1 4 3 3 3 3 0 0 0 0 2 4 2 0 0 1 0 3 3 1 3 3 2 2 2 0 4 3 3 1 3 1 1 1 4 2 2 3 2 2 2 2 2 3 1 0 3 2 1 3 2 0 3 1 4 0 2 0 3 1 3 3 1 0 4 3 3 3 3 1 2 2 1 3 4 3 0 0 0 0 0 0 0 0 0 0 
#TS62
0 1 3 2 4 0 1 3 0 3 0 2 0 0 0 0 1 3 0 0 0 3 2 3 0 4 4 1 2 3 1 0 0 0 3 1 0 0 0 1 3 3 3 3 3 0 1 3 0 2 0 3 0 1 3 2 3 4 0 2 2 3 3 3 3 0 1 0 4 0 1 0 0 2 2 3 0 0 0 0 2 1 3 2 3 3 0 0 3 2 4 4 3 3 2 2 1 3 4 2 0 0 0 0 0 0 0 0 0 1 
0 1 3 2 3 0 0 2 0 3 0 2 0 0 0 0 1 3 0 0 0 3 3 4 0 4 3 1 3 3 1 0 0 0 3 1 0 1 0 1 3 4 3 3 3 0 0 3 0 1 0 2 0 1 3 2 3 4 0 2 3 3 4 3 3 0 3 0 4 0 2 1 0 3 3 3 0 0 0 0 2 0 3 2 3 3 0 0 3 2 4 4 3 3 3 2 2 3 4 3 0 0 0 0 0 0 0 0 0 1 
#TS63
2 3 3 4 3 0 4 2 0 3 0 2 0 0 0 0 1 3 0 0 0 0 2 3 1 4 3 2 0 2 0 0 0 0 2 4 3 0 0 1 0 3 3 2 3 3 3 3 2 0 4 3 3 2 2 2 1 1 0 1 0 2 4 3 2 2 2 2 4 0 1 0 0 1 2 2 1 0 1 0 2 0 3 1 3 1 1 0 1 3 3 4 3 4 3 2 1 3 4 3 0 0 0 0 0 0 0 0 0 0 
1 4 3 3 3 0 3 2 0 3 0 2 0 0 0 0 2 3 0 0 0 1 2 2 1 4 3 1 0 2 0 0 0 0 3 4 3 0 0 1 0 3 2 3 3 3 3 3 3 0 4 2 3 1 2 2 1 1 0 1 0 2 4 3 2 2 2 2 4 0 1 0 0 0 2 2 1 0 1 0 2 0 3 2 3 1 0 0 0 3 4 4 3 2 3 2 1 3 4 3 0 0 0 0 0 0 0 0 0 0 
#TS64
1 2 4 2 3 0 4 2 0 2 0 3 0 0 0 0 1 3 0 0 0 0 2 2 1 4 2 1 1 3 1 0 0 0 3 4 4 0 0 1 0 3 2 3 3 3 3 3 2 1 4 2 3 1 2 1 1 1 0 1 0 2 4 3 2 2 1 2 4 0 1 0 0 0 2 3 0 0 1 0 2 0 3 1 3 2 0 0 0 3 4 4 3 3 4 2 1 3 4 3 0 0 0 0 0 0 0 0 0 0 
1 2 3 3 3 0 4 2 0 3 0 2 0 0 0 0 1 3 0 0 0 1 1 1 1 4 3 1 1 3 1 0 0 0 3 4 3 0 0 1 0 3 3 4 3 3 3 3 2 1 4 3 3 1 2 2 1 2 0 1 0 2 4 3 3 2 1 2 4 0 1 0 0 0 2 3 0 0 1 0 2 0 3 1 3 3 0 0 0 3 4 4 3 2 3 2 2 3 4 3 0 0 0 0 0 0 0 0 0 0 
#TS65
1 2 3 2 3 1 3 2 0 0 0 0 0 0 0 0 3 3 0 0 0 0 0 1 0 4 3 1 0 3 0 0 0 0 2 4 3 0 0 1 0 3 0 0 1 3 4 3 2 0 1 3 3 1 2 3 0 1 0 2 1 0 1 1 3 1 1 2 4 0 0 0 0 0 1 3 0 1 1 0 2 0 4 1 3 3 0 0 3 3 1 2 3 2 2 2 1 3 4 3 0 0 1 0 0 0 0 0 0 0 
1 1 3 3 3 0 4 2 0 0 0 0 0 0 0 0 2 4 0 0 0 0 1 0 0 4 3 2 1 3 0 0 0 0 3 4 3 0 0 1 0 3 0 0 1 3 3 3 2 0 2 3 3 1 2 3 0 1 0 2 2 0 1 1 3 1 0 3 4 0 1 0 0 0 0 3 0 1 3 0 2 0 3 1 3 3 0 0 4 3 0 1 3 2 2 2 1 3 4 3 0 0 1 0 0 0 0 0 0 0 
#TS66
0 1 2 2 1 0 4 1 0 0 0 1 0 1 0 1 3 4 0 0 0 0 0 1 2 4 3 0 1 2 0 0 0 0 2 0 2 0 3 1 0 3 2 1 3 3 4 3 0 0 4 3 3 1 2 0 1 2 0 1 0 2 4 4 2 2 0 2 4 0 1 0 0 0 3 3 3 0 1 0 2 0 3 1 3 0 0 1 0 0 4 4 4 3 4 2 1 1 3 1 0 0 0 0 0 0 1 0 0 0 
1 1 2 2 1 0 4 2 0 0 0 0 0 1 0 1 3 3 0 0 0 0 1 1 1 4 3 0 2 3 0 0 1 0 2 0 0 0 2 1 0 3 2 2 3 3 3 3 0 0 4 3 3 1 2 0 0 3 0 2 0 2 4 3 2 2 1 2 4 0 1 0 0 0 2 4 3 0 1 0 2 0 3 1 2 0 0 0 0 0 4 4 3 3 3 2 2 2 3 1 0 0 0 0 0 0 1 0 0 0 
#TS67
1 2 2 3 3 0 4 3 0 3 0 2 0 0 0 0 1 0 0 0 4 4 3 3 1 0 1 1 2 0 0 0 1 4 1 4 0 0 0 2 0 3 2 3 3 0 0 0 0 2 2 0 0 1 1 3 3 4 0 0 1 0 4 3 2 2 1 3 1 0 3 2 0 3 4 2 2 0 1 0 2 0 3 0 4 3 0 0 0 2 3 4 3 3 2 4 1 1 1 4 0 0 0 0 0 1 0 0 0 0 
1 3 3 3 3 0 4 2 0 4 0 2 0 0 0 0 1 0 0 0 3 3 2 3 1 0 0 1 2 0 0 0 2 4 1 4 0 0 0 1 0 3 3 4 3 0 0 0 0 1 2 0 0 1 0 3 3 3 0 0 1 0 4 3 1 3 2 3 0 0 3 2 0 3 4 2 2 0 1 0 2 0 3 0 3 2 0 0 1 2 2 4 4 3 3 3 2 1 1 3 0 0 0 0 0 0 0 0 0 0 
#TS68
2 2 3 2 3 0 4 3 2 0 0 2 0 1 0 4 4 3 0 0 0 0 1 1 1 4 4 4 2 2 0 0 0 0 2 0 0 0 0 1 0 3 0 0 3 3 3 3 2 1 4 3 1 1 2 0 1 1 0 1 0 2 3 0 2 2 1 2 4 0 1 0 0 0 2 2 0 0 1 0 2 0 2 1 3 2 0 0 0 3 0 1 1 0 1 2 1 3 4 3 0 1 0 0 0 0 0 0 0 0 
2 2 3 3 3 0 4 2 2 0 0 2 0 2 0 3 3 3 0 0 0 0 2 1 1 4 3 3 2 3 0 0 0 0 2 0 0 0 0 1 0 3 0 0 3 2 2 2 2 0 3 3 2 1 2 0 2 2 0 1 0 2 3 0 2 2 1 3 2 0 2 0 0 0 3 3 0 0 1 0 2 0 3 1 3 3 0 0 0 3 1 1 1 0 1 2 1 3 4 4 0 1 0 0 0 0 0 0 0 0 
#TS69
0 2 3 2 4 0 4 2 0 3 0 2 0 0 0 0 1 3 0 0 0 0 1 2 1 4 3 1 1 3 1 0 0 0 3 4 4 0 0 1 0 3 3 3 3 3 4 3 2 0 4 3 3 1 2 2 0 1 0 1 0 2 4 3 2 2 1 2 4 0 1 0 0 0 2 3 0 1 1 0 2 0 3 1 3 3 0 0 0 3 4 4 4 3 2 2 1 3 4 3 0 0 0 0 0 0 0 0 0 0 
0 2 3 2 3 0 4 2 0 3 0 2 0 0 0 0 1 3 0 0 0 0 1 1 1 4 3 2 1 3 1 0 0 0 3 4 3 0 0 1 0 3 3 3 3 3 4 3 3 1 4 3 3 1 2 3 1 1 0 1 0 1 3 3 2 2 1 2 4 0 1 0 0 0 2 3 0 0 1 0 3 1 3 1 2 3 0 0 0 3 4 4 4 3 3 2 0 3 4 3 0 0 0 0 0 0 0 0 0 0 
#TS70
0 2 3 3 3 0 4 3 0 3 0 2 0 0 0 0 1 4 0 0 0 0 2 3 1 4 3 2 1 3 1 0 0 0 3 4 3 0 0 3 0 3 3 3 3 3 3 3 2 1 4 3 2 1 3 2 1 1 0 1 0 2 4 3 2 2 1 2 3 0 1 0 0 1 3 2 1 0 1 0 3 0 4 1 2 2 0 0 3 3 4 4 3 3 2 2 1 3 4 3 0 0 0 0 0 0 0 0 0 0 
1 3 3 2 3 0 4 2 0 3 0 2 0 0 0 0 1 3 0 0 0 0 2 2 1 4 3 2 1 3 1 0 0 0 2 4 4 0 0 1 0 3 3 2 3 3 3 3 2 1 4 3 2 2 2 2 1 2 0 2 0 2 3 3 2 2 1 2 4 0 1 0 0 0 2 3 1 0 1 0 2 0 3 1 3 2 1 0 1 3 4 4 3 2 3 3 1 4 4 3 0 0 0 0 0 0 0 0 0 0 
#TS71
0 2 3 2 4 0 4 2 0 3 0 2 0 0 0 0 1 3 0 0 0 0 1 1 1 4 3 2 0 2 1 0 0 0 2 4 3 0 0 1 0 4 3 3 3 3 3 3 2 1 4 3 3 1 3 2 1 2 0 1 0 2 4 3 1 2 1 2 4 0 1 0 0 0 2 3 0 0 1 0 2 0 3 1 3 3 0 0 0 3 4 4 3 3 3 2 1 4 4 3 0 0 0 0 0 0 0 0 0 0 
0 2 3 2 3 0 4 2 0 3 0 2 0 0 0 0 1 3 0 0 0 0 1 1 1 4 3 3 1 3 1 0 0 0 2 4 3 0 0 1 0 3 3 3 3 3 3 3 2 1 4 3 2 1 2 2 1 1 0 1 0 2 4 3 1 2 1 2 4 0 1 0 0 0 2 3 0 0 1 0 2 0 3 1 3 3 1 0 0 3 4 4 3 3 3 2 1 3 4 3 0 0 0 0 0 0 0 0 0 0 
#TS72
1 3 3 4 3 0 4 3 0 4 0 3 0 0 0 0 1 0 0 0 3 3 3 3 1 0 0 1 1 0 0 0 1 4 1 4 0 0 0 2 0 3 2 3 3 0 0 0 0 1 1 0 0 1 1 4 4 3 0 0 2 0 4 3 2 2 1 3 1 0 3 1 0 4 4 3 1 0 1 0 2 0 3 0 3 3 0 0 1 2 2 4 4 3 3 2 1 1 1 4 0 0 0 0 0 1 0 0 0 0 
1 2 2 3 3 0 4 3 0 3 0 2 0 0 0 0 1 0 0 0 4 4 3 3 1 0 1 1 2 0 0 0 1 4 1 4 0 0 0 2 0 3 2 3 3 0 0 0 0 2 2 0 0 1 1 3 3 4 0 0 1 0 4 3 2 2 1 3 1 0 3 2 0 3 4 2 2 0 1 0 2 0 3 0 4 3 0 0 0 2 3 4 3 3 2 4 1 1 1 4 0 0 0 0 0 1 0 0 0 0 
#TS73
2 3 4 1 3 0 4 4 0 0 0 2 0 1 0 0 1 0 0 0 0 4 3 2 1 4 3 1 4 3 0 0 0 0 3 4 0 0 0 1 3 3 1 2 3 0 0 0 0 1 2 0 1 1 2 4 3 4 0 0 0 4 4 2 3 2 1 2 1 0 2 0 1 3 3 1 0 0 1 0 2 0 3 2 3 1 0 0 2 3 4 4 3 3 4 2 1 4 4 2 1 0 0 0 0 0 0 0 0 0 
2 2 3 2 3 0 4 3 0 0 0 2 0 1 0 0 1 0 0 0 0 3 4 3 1 4 3 0 4 3 0 0 0 0 2 4 0 0 0 1 3 3 1 3 3 0 0 0 0 1 2 0 1 1 2 4 3 3 0 0 0 3 4 3 2 2 1 3 0 0 3 1 2 3 4 1 0 0 1 0 2 0 3 2 3 2 0 0 3 3 4 4 3 2 3 2 1 3 4 3 1 0 0 0 0 0 0 0 0 0 
#TS74
0 2 2 2 3 0 4 2 0 3 0 3 0 0 0 0 1 3 0 0 0 0 1 1 1 4 3 2 1 3 0 0 0 0 2 4 3 0 0 1 0 3 2 3 3 3 3 3 2 1 4 3 3 1 2 2 1 1 0 2 0 2 4 3 2 2 0 2 4 0 1 0 0 0 2 3 0 0 1 0 2 1 3 1 3 4 0 1 0 3 4 4 4 3 3 2 1 3 4 3 0 0 0 0 0 0 0 0 0 0 
0 1 3 3 3 0 4 2 0 3 0 2 0 0 0 0 1 3 0 0 0 0 1 1 1 4 3 2 1 3 1 0 0 0 2 4 3 0 0 1 0 3 3 3 3 3 3 3 2 1 4 3 3 1 2 2 1 1 0 1 0 2 4 3 2 2 0 3 4 0 1 0 0 0 3 3 0 0 0 0 2 0 3 1 3 3 0 0 0 3 4 4 3 3 3 2 1 3 4 3 0 0 0 0 0 0 0 0 0 0 
#TS75
3 1 3 2 0 1 3 0 0 3 2 3 0 0 1 2 3 3 0 0 3 0 2 0 1 3 3 2 3 3 1 0 0 0 2 0 0 0 0 1 0 0 3 3 3 3 3 3 2 1 4 3 4 0 2 2 1 1 1 1 1 0 4 3 1 1 0 2 2 0 0 1 1 3 3 1 0 0 1 0 0 2 3 2 2 0 0 0 0 2 4 4 3 3 3 2 1 0 0 3 0 0 0 1 0 0 0 0 0 0 
3 2 3 2 0 0 4 0 0 3 2 4 0 0 1 2 3 3 0 0 4 0 2 1 1 4 2 1 4 3 1 0 0 0 3 0 0 0 0 2 0 0 3 2 3 3 3 2 2 1 4 3 3 1 2 2 1 1 1 0 2 0 4 3 0 1 1 3 1 0 1 1 0 4 4 1 1 0 1 0 1 2 3 3 3 0 0 0 1 3 4 4 3 3 3 2 1 0 0 3 0 0 0 1 0 0 0 0 0 0 
#TS76
3 3 3 2 3 0 4 3 0 2 0 2 0 0 0 0 1 3 0 0 0 0 2 2 1 4 3 3 2 3 0 0 0 0 2 4 2 0 0 4 0 3 2 0 2 4 3 3 2 0 4 3 3 1 3 4 1 2 3 3 2 1 0 1 3 1 1 2 3 0 2 0 0 2 1 3 0 2 3 3 2 0 3 1 2 4 0 0 1 3 3 2 3 0 3 2 1 3 4 3 0 0 0 0 0 0 0 0 0 0 
2 3 3 3 3 0 4 2 0 2 0 1 0 0 0 0 1 3 0 1 0 0 2 3 1 4 3 3 1 3 0 0 0 0 2 4 3 0 0 1 0 3 2 1 3 3 3 3 2 0 4 3 3 1 2 2 1 1 4 2 2 1 0 1 3 1 1 2 3 0 1 0 0 2 1 3 0 3 4 3 2 0 3 1 4 3 0 0 0 3 3 3 4 1 2 2 1 3 4 3 0 0 0 0 0 0 0 0 0 0 
#TS77
0 2 3 3 3 0 4 4 0 3 0 2 0 0 0 0 1 3 0 0 0 3 4 4 0 4 4 1 3 3 1 0 0 0 2 1 0 0 0 1 4 3 3 3 3 0 0 2 0 1 2 1 0 1 3 2 4 4 0 3 2 4 4 4 3 0 0 2 3 3 3 4 0 3 4 0 3 0 0 0 2 0 3 2 3 3 0 0 3 2 4 4 4 3 3 2 1 3 4 3 0 0 0 0 0 0 0 0 0 1 
0 3 4 3 3 0 4 4 0 3 0 2 0 0 0 0 1 3 0 0 0 3 4 4 0 4 3 1 3 4 1 0 0 0 3 1 0 0 0 1 4 3 2 3 3 0 0 2 0 1 1 1 0 1 3 2 3 4 0 1 2 4 4 3 4 0 0 1 4 2 3 3 0 4 4 0 4 0 1 0 2 1 3 2 3 3 0 0 3 1 4 4 3 3 3 2 1 3 4 2 0 0 0 0 0 0 0 0 0 0 
#TS78
1 2 3 0 3 0 4 1 4 1 0 4 0 0 0 0 0 3 4 4 0 0 0 2 0 4 2 3 0 3 3 0 0 0 3 4 3 2 2 2 3 2 0 0 2 3 3 3 4 1 0 3 3 1 3 2 0 0 4 2 2 0 0 0 4 0 1 3 3 0 0 0 0 0 0 0 1 1 4 4 4 0 0 0 0 0 4 1 2 0 4 4 0 0 0 2 1 3 4 0 0 0 0 0 0 0 0 0 0 0 
0 2 3 2 3 0 4 2 1 2 0 4 0 0 0 0 0 3 3 3 0 0 0 2 2 4 3 4 1 2 1 0 0 0 3 4 3 1 2 1 0 3 1 0 3 3 4 3 4 0 2 3 3 1 2 3 1 0 2 2 2 0 0 0 3 0 1 2 4 0 1 0 0 0 0 1 0 3 4 4 3 0 2 1 1 0 4 1 1 2 4 4 2 0 0 2 1 3 4 2 0 0 0 0 0 0 0 0 0 0 
#TS79
2 3 3 4 3 0 4 2 0 3 0 2 0 0 0 0 1 1 0 0 1 2 3 3 1 4 0 2 2 0 0 1 2 3 1 4 2 0 0 1 0 3 3 3 3 2 1 0 0 1 3 1 0 1 2 3 3 4 0 0 1 3 4 3 1 2 1 4 1 0 3 2 1 3 4 1 2 0 1 0 2 0 3 0 3 3 0 0 0 3 4 4 3 3 3 2 1 3 2 4 0 0 0 0 0 0 0 0 0 0 
2 2 3 4 3 0 4 2 0 3 0 2 0 0 0 0 1 2 0 0 0 2 3 3 1 4 1 2 1 1 0 0 3 1 2 4 3 0 0 1 0 3 3 3 3 3 3 1 1 1 2 2 0 1 2 3 3 1 0 1 1 3 4 3 1 2 2 3 3 0 2 0 0 2 3 1 3 0 1 0 2 0 3 1 3 3 0 0 1 3 4 4 3 3 2 2 0 3 4 3 0 0 0 0 0 0 0 0 0 0 
#TS80
0 2 3 2 3 0 4 2 0 3 0 2 0 0 0 0 1 3 0 0 0 0 1 1 1 4 3 2 1 3 1 0 0 0 2 4 4 0 0 1 0 3 3 2 3 3 3 4 2 1 4 3 3 1 2 2 0 1 0 1 0 2 4 3 3 2 1 3 4 0 1 0 0 0 2 3 0 0 1 0 2 0 3 1 3 3 0 0 0 2 4 4 3 3 3 2 1 3 4 3 0 0 0 0 0 0 0 0 0 0 
0 2 3 2 3 0 4 2 0 3 0 2 0 0 0 0 1 3 0 0 0 0 1 1 1 4 3 2 1 3 1 0 0 0 2 4 4 0 0 1 0 3 3 2 3 3 3 4 2 1 4 3 3 1 2 2 0 1 0 1 0 2 4 3 3 2 1 3 4 0 1 0 0 0 2 3 0 0 1 0 2 0 3 1 3 3 0 0 0 2 4 4 3 3 3 2 1 3 4 3 0 0 0 0 0 0 0 0 0 0 
#TS81
0 2 3 2 2 0 4 2 0 1 0 0 0 0 0 0 1 3 0 0 0 0 0 0 0 4 3 2 1 3 0 0 1 0 2 4 4 0 0 1 0 3 0 1 3 3 3 4 2 1 2 3 3 1 2 3 0 1 0 1 1 0 4 2 2 2 0 2 4 0 1 0 0 0 2 3 0 0 1 0 2 0 3 1 3 3 0 0 3 3 1 3 3 2 3 2 1 3 4 4 0 0 1 0 0 0 0 0 0 0 
1 3 2 2 3 0 4 2 0 0 0 0 0 0 0 0 1 4 0 0 0 0 1 0 0 4 3 2 1 3 0 0 0 0 3 4 3 0 0 0 0 3 0 0 2 3 3 3 3 0 1 2 3 1 2 4 0 1 0 1 1 0 3 2 2 2 2 1 4 0 1 0 0 0 2 3 0 0 1 0 2 0 3 1 3 3 0 0 3 3 0 3 3 3 3 2 1 3 4 4 0 0 1 0 0 0 0 0 0 0 
#TS82
0 2 3 3 4 0 4 2 0 3 0 3 0 0 0 0 3 3 0 0 0 0 1 2 1 4 2 2 1 3 0 0 0 0 2 4 4 0 0 1 0 3 2 2 3 3 4 3 2 0 4 3 3 1 2 2 1 1 0 1 0 2 3 3 3 2 1 1 4 0 1 0 0 0 2 4 0 0 1 0 2 0 3 1 3 2 0 0 0 3 4 3 3 3 3 2 1 3 4 3 0 0 0 0 0 0 0 0 0 0 
0 1 2 2 3 0 4 2 0 3 0 2 0 0 0 0 1 3 0 0 0 0 1 1 1 4 3 2 1 3 0 0 0 0 2 4 3 0 0 1 0 3 3 3 3 3 4 3 2 1 4 3 3 1 2 2 1 2 0 1 0 1 4 2 2 2 1 2 4 0 1 0 0 0 2 3 0 0 1 0 2 0 3 1 3 2 0 0 0 3 4 4 3 3 3 2 1 3 4 3 0 0 0 0 0 0 0 0 0 0 
#TS83
0 2 2 0 3 0 4 2 3 1 0 4 0 0 0 0 0 3 2 0 0 0 0 0 0 3 3 3 1 3 3 0 1 0 2 4 3 1 2 1 3 3 0 0 2 3 3 4 3 1 0 3 3 1 2 2 1 0 2 1 0 0 1 0 4 0 1 2 4 0 0 0 0 0 1 0 1 0 2 0 4 0 0 1 0 1 4 1 2 0 4 4 0 0 0 1 1 3 4 0 0 0 0 0 0 0 0 0 1 0 
0 2 3 0 3 0 4 2 3 1 0 3 0 0 0 0 1 3 3 1 0 0 0 1 0 3 3 4 1 3 3 0 1 0 3 4 3 1 1 1 3 2 0 0 2 3 3 3 4 2 0 3 3 1 2 2 0 0 2 2 0 0 0 0 4 0 1 2 4 0 0 0 0 0 0 0 1 0 3 0 3 0 0 1 0 0 3 1 2 0 4 4 0 0 0 2 1 3 4 0 0 0 0 0 0 0 0 0 1 0 
#TS84
2 2 2 2 3 0 4 2 0 3 0 2 0 0 0 0 1 2 0 0 0 3 4 4 2 4 3 1 4 3 1 0 0 0 2 3 1 0 0 1 0 3 3 3 3 2 0 0 0 1 2 1 0 1 2 4 4 4 0 1 0 4 4 3 3 1 0 2 2 1 3 3 2 3 4 0 4 0 1 0 2 0 3 2 3 3 0 0 2 2 4 4 3 3 4 2 1 3 4 3 0 0 0 0 0 0 0 0 0 0 
2 2 3 3 3 0 4 4 0 3 0 2 0 0 0 0 1 3 0 0 0 1 3 4 1 4 3 1 3 3 1 0 1 0 2 4 3 0 0 1 0 3 3 3 3 3 3 1 1 1 4 3 1 1 3 2 2 2 0 2 2 3 4 3 3 1 2 3 2 0 3 2 1 3 3 0 2 0 1 0 2 0 3 1 3 3 0 0 3 3 4 4 3 3 3 2 1 3 3 3 0 0 0 0 0 0 0 0 0 0 
#TS85
0 2 3 1 3 0 4 2 4 1 0 3 0 0 0 0 0 3 4 3 0 0 0 1 0 3 3 4 1 3 3 0 1 0 2 4 3 2 2 1 3 3 0 0 2 3 3 4 3 1 0 3 3 1 2 2 0 0 2 2 1 0 0 0 4 0 0 3 4 0 0 0 0 0 0 0 1 0 4 2 3 0 0 0 0 0 3 1 2 0 3 4 0 0 0 2 1 3 4 0 0 0 0 0 0 0 0 0 1 0 
1 2 3 0 3 0 4 1 3 0 0 4 0 0 0 0 0 3 4 4 0 0 0 2 0 4 3 4 1 2 4 0 1 0 3 3 4 2 2 1 3 2 0 0 2 4 3 4 4 1 0 3 3 1 3 2 0 0 3 2 1 0 0 0 3 0 1 2 4 0 0 0 0 0 0 0 1 0 4 4 4 0 0 1 0 0 4 1 2 0 4 4 0 0 0 2 1 3 4 0 0 0 0 0 0 0 0 0 1 0 
#TS86
1 2 3 2 3 0 4 2 0 3 0 2 0 0 0 0 1 3 0 0 0 0 1 2 1 4 3 1 1 3 1 0 1 0 2 4 3 0 0 1 0 3 3 2 3 3 3 3 2 1 4 3 3 1 2 2 1 1 0 1 0 2 4 3 2 2 1 2 4 0 1 0 0 0 2 2 0 0 1 0 2 0 3 1 2 3 0 0 0 4 4 4 4 3 3 2 1 3 4 3 0 0 0 0 0 0 0 0 0 0 
0 2 3 2 3 0 4 2 0 3 0 2 0 0 0 1 1 3 0 0 0 0 1 2 1 4 2 2 1 3 1 0 1 0 2 4 3 0 0 1 0 4 2 3 3 3 3 3 2 0 4 3 3 1 2 1 1 1 0 1 0 2 4 3 2 2 1 2 4 0 1 0 0 0 2 3 0 0 1 0 2 0 3 1 3 3 0 0 0 4 4 4 4 3 3 2 1 4 4 3 0 0 0 0 0 0 0 0 0 0 
#TS87
3 3 4 4 3 0 4 3 0 2 0 2 0 0 0 0 1 1 0 0 0 3 4 4 1 4 3 1 4 3 0 0 1 0 3 4 1 0 0 1 1 3 3 1 3 3 1 0 0 1 3 1 0 1 3 4 4 3 0 1 1 3 4 3 1 2 4 4 1 0 3 3 3 4 2 1 2 0 1 0 2 0 3 1 3 3 0 0 4 3 4 4 3 3 3 2 0 3 4 3 0 0 0 0 0 0 0 0 0 0 
3 3 3 4 3 0 4 3 0 3 0 3 0 0 0 0 1 2 0 0 0 2 3 3 1 4 3 2 2 3 0 0 0 0 2 4 3 0 0 1 0 3 3 2 3 3 3 1 1 1 4 2 1 1 2 2 1 1 0 2 1 2 4 3 1 2 2 3 2 0 2 1 1 3 4 1 2 0 1 0 2 0 3 1 3 3 0 0 4 2 4 4 3 3 3 2 1 3 4 3 0 0 0 0 0 0 0 0 0 0 
#TS88
0 2 3 2 3 0 4 2 1 2 0 4 0 0 0 0 0 3 3 3 0 0 0 2 2 4 3 4 1 2 1 0 0 0 3 4 3 1 2 1 0 3 1 0 3 3 4 3 4 0 2 3 3 1 2 3 1 0 2 2 2 0 0 0 3 0 1 2 4 0 1 0 0 0 0 1 0 3 4 4 3 0 2 1 1 0 4 1 1 2 4 4 2 0 0 2 1 3 4 2 0 0 0 0 0 0 0 0 0 0 
1 2 3 2 3 0 4 2 1 3 0 3 0 0 0 0 1 3 1 2 0 0 0 2 2 3 2 3 1 2 0 0 0 0 2 4 4 1 1 1 0 3 3 2 3 4 3 4 3 0 4 3 3 1 2 2 1 0 3 2 3 1 1 0 3 1 1 2 4 0 1 0 0 0 0 3 0 3 4 4 2 0 3 1 2 0 2 2 0 2 4 4 3 0 0 1 0 3 4 3 0 0 0 0 0 0 0 0 0 0 
#TS89
2 4 3 3 3 0 4 2 0 3 0 2 0 0 0 0 1 3 0 0 0 0 2 3 1 4 2 2 1 2 0 0 1 0 2 4 3 0 0 1 0 3 3 3 3 3 3 3 3 1 4 3 3 2 2 2 1 1 0 2 1 3 3 3 2 2 2 3 3 0 1 0 0 1 2 0 3 0 1 0 2 1 3 1 2 0 1 0 2 3 4 4 3 3 3 2 1 3 4 3 0 0 0 0 0 0 0 0 0 0 
2 3 3 4 3 0 4 2 0 3 0 2 0 0 0 0 1 3 0 0 0 0 2 3 1 4 3 2 0 2 0 0 0 0 2 4 3 0 0 1 0 3 3 2 3 3 3 3 2 0 4 3 3 2 2 2 1 1 0 1 0 2 4 3 2 2 2 2 4 0 1 0 0 1 2 2 1 0 1 0 2 0 3 1 3 1 1 0 1 3 3 4 3 4 3 2 1 3 4 3 0 0 0 0 0 0 0 0 0 0 
#TS90
3 2 3 2 3 0 4 2 0 3 2 4 0 0 1 1 3 3 0 0 1 0 2 2 2 4 3 1 3 3 1 0 1 0 2 4 1 0 0 1 0 2 3 3 3 3 3 2 3 1 4 3 4 1 3 2 0 2 1 2 1 3 4 3 2 2 2 4 1 0 2 2 2 4 4 1 2 0 1 0 1 1 3 2 3 2 0 0 3 3 4 4 3 3 3 2 1 3 1 3 0 0 0 0 0 0 0 0 0 0 
3 1 4 3 3 0 4 2 0 3 1 3 0 0 0 1 3 3 0 0 0 0 3 3 1 4 3 1 1 3 1 0 0 0 3 4 3 0 0 1 0 3 3 3 3 3 3 3 3 1 4 3 3 1 4 2 1 1 0 2 1 3 4 3 2 2 1 3 2 0 1 0 0 3 2 1 3 0 1 0 2 1 3 1 3 2 1 0 3 3 4 4 3 3 3 4 0 3 4 3 0 0 0 0 0 0 0 0 0 0 
#TS91
0 1 3 0 2 0 4 2 0 2 0 2 0 1 0 0 2 3 0 0 0 1 2 1 1 4 3 0 1 3 1 0 0 0 2 4 4 0 0 1 2 3 2 3 3 0 3 3 2 1 4 3 3 0 2 3 2 2 0 0 0 2 4 2 2 2 1 2 4 0 1 0 0 0 2 2 0 0 1 0 3 1 3 1 3 1 0 0 1 3 4 4 3 3 4 2 1 3 4 3 1 0 0 0 0 0 0 0 0 0 
0 2 2 0 3 0 4 2 0 1 0 2 0 0 0 0 2 2 0 0 0 2 1 1 1 3 3 0 2 3 1 0 0 0 2 4 3 0 0 1 3 3 1 3 3 0 2 2 1 1 4 2 1 1 2 3 3 2 0 0 0 2 4 2 1 2 1 2 4 0 1 0 0 0 2 2 0 0 1 0 3 1 3 1 2 1 0 0 2 3 4 4 3 3 3 2 1 3 4 3 1 0 0 0 0 0 0 0 0 0 
#TS92
0 2 2 2 3 0 4 2 0 3 0 2 0 0 0 0 2 3 0 0 0 0 1 2 1 4 3 2 1 3 1 0 0 0 3 4 3 0 0 1 0 3 3 3 3 3 4 4 3 1 4 3 3 1 2 2 1 2 0 1 0 2 4 3 2 2 1 2 4 0 1 0 0 0 2 3 0 0 1 0 2 1 3 1 3 2 0 1 0 3 4 4 3 3 3 3 1 3 4 3 0 0 0 0 0 0 0 0 0 0 
1 2 3 2 3 0 4 2 0 3 0 2 0 0 0 0 1 2 0 0 0 1 1 1 1 4 3 2 1 3 1 0 0 0 2 4 3 0 0 1 0 3 3 3 3 3 3 3 2 0 4 3 3 1 3 2 0 1 0 1 0 2 4 3 2 2 1 2 4 0 1 0 0 0 2 4 0 0 1 0 2 0 3 1 3 3 0 0 0 3 4 4 3 2 2 2 0 3 4 2 0 0 0 0 0 0 0 0 0 0 
#TS93
3 4 3 3 3 0 4 2 0 3 0 2 0 0 0 0 1 3 0 0 0 0 2 4 2 3 1 1 2 3 1 0 0 1 3 4 3 0 1 1 0 3 2 3 3 3 3 3 3 1 4 2 3 1 3 2 1 1 0 2 2 3 4 3 2 2 2 3 2 0 2 1 1 3 2 0 3 0 1 0 2 0 3 1 2 0 2 1 2 3 4 4 3 3 3 2 1 3 4 2 0 0 0 0 0 0 0 0 0 0 
2 4 3 3 3 0 4 2 0 3 0 2 0 0 0 0 1 3 0 0 0 0 2 3 1 4 2 2 1 2 0 0 1 0 2 4 3 0 0 1 0 3 3 3 3 3 3 3 3 1 4 3 3 2 2 2 1 1 0 2 1 3 3 3 2 2 2 3 3 0 1 0 0 1 2 0 3 0 1 0 2 1 3 1 2 0 1 0 2 3 4 4 3 3 3 2 1 3 4 3 0 0 0 0 0 0 0 0 0 0 
#TS94
2 3 3 3 3 0 4 2 0 2 0 1 0 0 0 0 1 3 0 1 0 0 2 3 1 4 3 3 1 3 0 0 0 0 2 4 3 0 0 1 0 3 2 1 3 3 3 3 2 0 4 3 3 1 2 2 1 1 4 2 2 1 0 1 3 1 1 2 3 0 1 0 0 2 1 3 0 3 4 3 2 0 3 1 4 3 0 0 0 3 3 3 4 1 2 2 1 3 4 3 0 0 0 0 0 0 0 0 0 0 
1 2 3 2 4 0 4 2 0 3 0 2 0 0 0 0 1 3 0 1 0 0 2 2 1 4 3 3 1 3 0 0 1 0 3 4 3 0 0 1 0 3 2 2 3 3 4 3 2 0 4 3 3 1 2 2 1 1 3 2 1 1 3 1 3 2 1 3 4 0 1 0 0 1 0 3 0 1 3 1 2 0 4 1 3 3 0 0 0 3 4 4 3 1 2 2 1 3 4 3 0 0 0 0 0 0 0 0 0 0 
#TS95
0 2 3 2 1 0 4 2 0 0 0 0 0 0 0 0 3 3 0 0 0 0 1 1 1 4 2 1 1 3 1 0 0 0 2 0 3 0 3 1 0 3 1 2 3 3 3 3 0 0 4 3 3 1 2 0 1 4 0 2 0 2 4 4 2 2 1 2 4 0 1 0 0 0 2 3 3 0 1 0 2 0 3 1 3 1 1 0 0 0 4 4 3 3 3 3 0 2 3 0 0 0 0 0 0 0 1 0 0 0 
0 1 2 2 1 0 4 1 0 0 0 1 0 1 0 1 3 4 0 0 0 0 0 1 2 4 3 0 1 2 0 0 0 0 2 0 2 0 3 1 0 3 2 1 3 3 4 3 0 0 4 3 3 1 2 0 1 2 0 1 0 2 4 4 2 2 0 2 4 0 1 0 0 0 3 3 3 0 1 0 2 0 3 1 3 0 0 1 0 0 4 4 4 3 4 2 1 1 3 1 0 0 0 0 0 0 1 0 0 0 
#TS96
2 1 4 2 1 0 4 2 0 0 1 1 0 1 0 1 3 3 0 0 0 0 4 4 2 3 3 1 4 3 0 0 0 0 3 0 0 0 2 1 0 3 1 1 3 3 3 2 0 0 4 3 3 1 2 0 0 3 1 4 2 4 3 3 2 2 1 3 0 3 3 3 4 4 2 0 4 1 1 0 2 0 3 1 3 1 0 0 3 0 4 4 3 3 3 2 2 3 4 1 0 0 0 0 0 0 1 0 0 0 
2 2 3 2 1 0 4 2 0 0 1 0 0 1 0 1 4 3 0 0 0 0 4 3 2 4 3 0 4 3 0 0 0 0 2 0 0 0 3 1 0 3 2 1 3 3 2 2 0 0 4 3 3 1 2 0 0 4 2 4 1 3 3 3 3 2 0 3 0 4 3 4 3 3 3 0 4 0 1 0 2 0 3 1 3 0 0 0 3 0 3 4 3 3 3 2 1 2 3 1 0 0 0 0 0 0 0 0 0 0 
#TS97
0 1 3 3 3 0 4 2 0 3 0 2 0 0 0 0 1 3 0 0 0 0 1 1 1 4 3 2 1 3 1 0 0 0 2 4 3 0 0 1 0 3 3 3 3 3 3 3 2 1 4 3 3 1 2 2 1 1 0 1 0 2 4 3 2 2 0 3 4 0 1 0 0 0 3 3 0 0 0 0 2 0 3 1 3 3 0 0 0 3 4 4 3 3 3 2 1 3 4 3 0 0 0 0 0 0 0 0 0 0 
0 1 3 3 3 0 4 2 0 3 0 2 0 0 0 0 1 3 0 0 0 0 1 1 1 4 3 2 1 3 1 0 0 0 2 4 3 0 0 1 0 3 3 3 3 3 3 3 2 1 4 3 3 1 2 2 1 1 0 1 0 2 4 3 2 2 0 3 4 0 1 0 0 0 3 3 0 0 0 0 2 0 3 1 3 3 0 0 0 3 4 4 3 3 3 2 1 3 4 3 0 0 0 0 0 0 0 0 0 0 
#TS98
0 1 3 3 3 0 4 2 0 3 0 2 0 0 0 0 1 0 0 0 0 2 4 3 3 3 2 1 4 3 1 0 0 0 3 1 0 1 0 0 4 1 3 3 3 0 0 0 1 4 0 1 0 1 2 3 3 3 0 0 1 4 4 4 0 0 1 3 0 0 0 3 2 4 2 0 3 1 1 0 4 0 3 1 3 2 0 3 2 2 4 3 4 3 3 2 1 3 4 2 0 0 0 0 1 0 0 0 0 0 
0 1 4 3 3 0 4 4 0 3 0 1 0 0 0 0 1 0 0 0 0 3 4 4 3 4 2 1 3 3 1 0 1 0 2 0 0 0 0 1 3 1 3 3 3 0 0 0 1 4 0 1 0 1 2 3 3 4 0 0 1 4 4 3 0 0 1 3 0 1 0 4 3 3 1 0 4 0 1 0 4 0 3 1 3 3 0 3 4 1 4 4 3 2 3 2 1 3 4 3 0 0 0 0 1 0 0 0 0 0 
#TS99
2 2 2 1 3 0 4 2 0 0 0 2 0 1 0 0 2 0 0 0 0 3 1 2 1 4 3 0 2 3 0 0 0 0 2 4 0 0 0 1 3 3 1 3 3 0 2 2 0 1 2 0 1 1 3 4 4 2 0 0 0 3 4 2 2 2 1 2 4 0 1 0 0 1 2 1 0 0 1 0 2 0 3 2 3 1 0 0 2 2 4 4 3 3 4 2 2 3 4 2 1 0 0 0 0 0 0 0 0 0 
2 2 3 1 4 0 4 2 0 0 0 2 0 1 0 0 1 0 0 0 0 4 2 2 1 4 3 0 3 3 0 0 0 0 2 4 0 0 0 1 2 3 1 2 3 0 0 1 0 1 2 0 1 1 2 4 4 2 0 0 0 3 4 1 2 2 1 2 2 0 2 0 1 2 3 1 0 0 1 0 3 0 3 2 3 1 0 0 2 2 4 4 3 3 4 2 1 3 4 3 1 0 0 0 0 0 0 0 0 0 
#TS100
0 2 3 2 3 0 4 2 0 2 0 1 0 0 0 0 1 3 0 0 0 0 1 1 0 4 3 2 1 3 1 0 0 0 2 4 4 0 0 1 0 3 1 3 3 3 3 4 2 1 3 3 3 1 2 2 0 1 1 2 1 0 4 3 2 2 0 2 4 0 1 0 0 0 2 3 0 0 1 0 2 0 3 1 3 3 0 0 1 3 2 4 3 3 3 2 1 3 4 2 0 0 1 0 0 0 0 0 0 0 
1 2 3 1 3 0 4 2 0 1 0 1 0 0 0 0 2 3 0 0 0 0 1 1 0 4 3 2 1 3 1 0 0 0 2 4 3 0 0 1 0 3 0 2 3 3 3 3 2 1 2 3 3 1 2 3 0 2 0 2 1 0 4 3 2 2 1 2 4 0 1 0 0 0 2 3 0 0 1 0 2 0 3 1 3 3 0 0 3 3 0 4 3 3 2 3 1 3 4 3 0 0 1 0 0 0 0 0 0 0 
#TS101
0 2 3 2 3 0 4 2 0 3 0 2 0 0 0 0 1 3 0 0 0 0 1 1 1 4 3 2 1 3 1 0 0 0 2 4 3 0 0 1 0 3 3 3 3 3 3 3 2 1 4 3 3 1 2 2 1 1 0 1 0 2 4 3 2 2 1 2 4 0 1 0 0 0 2 3 0 0 1 0 2 0 3 1 3 3 0 0 0 3 4 4 3 3 3 2 1 3 4 3 0 0 0 0 0 0 1 0 0 0 
1 2 3 2 2 0 4 2 0 1 0 1 0 0 0 1 2 4 0 0 0 0 1 1 1 4 3 2 1 3 1 0 0 0 2 1 3 0 2 1 0 4 2 3 3 3 3 3 0 0 4 3 3 1 2 0 1 3 0 1 0 3 3 4 2 2 2 2 4 0 1 0 0 0 2 3 3 0 1 0 2 1 3 1 4 1 0 0 0 0 4 4 3 3 3 2 1 1 4 1 0 0 0 0 0 0 1 0 0 0 
#TS102
0 3 4 3 3 0 4 4 0 3 0 2 0 0 0 0 1 3 0 0 0 3 4 4 0 4 3 1 3 4 1 0 0 0 3 1 0 0 0 1 4 3 2 3 3 0 0 2 0 1 1 1 0 1 3 2 3 4 0 1 2 4 4 3 4 0 0 1 4 2 3 3 0 4 4 0 4 0 1 0 2 1 3 2 3 3 0 0 3 1 4 4 3 3 3 2 1 3 4 2 0 0 0 0 0 0 0 0 0 0 
2 2 2 2 3 0 4 2 0 3 0 2 0 0 0 0 1 2 0 0 0 3 4 4 2 4 3 1 4 3 1 0 0 0 2 3 1 0 0 1 0 3 3 3 3 2 0 0 0 1 2 1 0 1 2 4 4 4 0 1 0 4 4 3 3 1 0 2 2 1 3 3 2 3 4 0 4 0 1 0 2 0 3 2 3 3 0 0 2 2 4 4 3 3 4 2 1 3 4 3 0 0 0 0 0 0 0 0 0 0 
#TS103
1 2 3 4 3 0 4 2 0 3 0 2 0 0 0 0 1 3 0 0 0 0 3 3 1 4 3 2 1 3 1 0 0 0 2 4 3 0 0 1 0 3 3 3 3 3 3 3 2 0 4 3 3 1 3 2 1 1 0 2 0 3 4 3 2 2 2 3 2 0 1 0 0 1 3 2 1 0 1 0 2 0 3 1 3 2 0 0 2 3 4 4 4 3 3 2 1 3 4 3 0 0 0 0 0 0 0 0 0 0 
1 3 3 3 3 0 4 2 0 3 0 2 0 0 0 1 2 3 0 0 0 1 2 2 1 4 3 1 1 3 1 0 0 0 2 4 3 0 0 1 0 3 3 3 3 3 3 3 2 1 4 3 3 1 2 2 1 1 0 2 0 2 4 3 2 2 1 2 4 0 1 0 0 1 3 2 1 0 1 0 2 0 2 1 3 3 0 0 1 3 4 4 3 3 3 2 1 3 4 3 0 0 0 0 0 0 0 0 0 0 
#TS104
0 2 3 0 3 0 4 2 2 2 0 2 0 0 0 0 1 3 0 0 0 0 1 1 0 3 4 1 1 3 2 0 0 0 2 4 3 0 0 1 4 3 1 3 3 3 3 4 2 1 2 3 3 1 3 2 0 1 0 1 0 0 4 3 3 1 1 3 4 0 0 0 0 0 2 2 1 0 2 0 4 0 1 1 3 4 0 0 2 0 4 4 1 2 2 2 1 3 4 0 0 0 0 0 0 0 0 0 1 0 
0 2 3 0 3 0 4 2 3 2 0 2 0 0 0 0 1 3 0 0 0 0 1 1 0 3 3 2 1 3 3 0 0 0 2 4 3 0 0 1 3 2 0 2 3 4 3 4 3 1 0 3 3 1 2 2 1 1 1 1 0 0 4 3 4 0 0 2 4 0 0 0 0 0 2 0 1 0 1 0 3 0 0 0 2 3 1 0 2 0 4 4 0 0 2 1 1 4 4 0 0 0 0 0 0 0 0 0 1 0 
#TS105
0 1 3 2 3 0 4 2 0 3 0 3 0 0 0 0 2 3 0 0 0 0 1 1 1 4 3 2 1 3 1 0 0 0 2 4 3 0 0 3 0 3 2 3 3 3 4 4 3 1 4 3 3 1 2 2 1 1 0 1 0 2 4 3 1 2 0 2 4 0 1 0 0 0 2 3 0 0 1 0 3 0 3 1 3 3 0 0 0 3 4 4 3 2 3 3 1 3 4 2 0 0 0 0 0 0 0 0 0 0 
0 1 3 2 3 0 4 2 0 3 0 3 0 0 0 0 2 3 0 0 0 0 1 1 1 4 3 2 1 3 1 0 0 0 2 4 3 0 0 3 0 3 2 3 3 3 4 4 3 1 4 3 3 1 2 2 1 1 0 1 0 2 4 3 1 2 0 2 4 0 1 0 0 0 2 3 0 0 1 0 3 0 3 1 3 3 0 0 0 3 4 4 3 2 3 3 1 3 4 2 0 0 0 0 0 0 0 0 0 0 
#TS106
0 2 3 3 3 0 4 2 0 3 0 2 0 0 0 0 1 3 0 0 0 2 3 3 0 4 4 2 1 4 2 0 0 0 3 2 2 0 0 3 4 3 3 4 3 0 3 3 0 1 2 3 0 1 4 2 3 3 0 2 3 2 4 3 4 1 1 0 4 0 1 0 0 0 1 3 0 0 0 0 2 0 3 2 3 3 0 0 3 1 4 4 3 2 3 4 1 3 4 3 0 0 0 0 0 0 0 0 0 1 
0 1 4 4 3 0 3 2 0 3 0 2 0 0 0 0 1 3 0 0 0 2 2 3 0 4 4 1 1 4 1 0 0 0 3 1 1 0 0 1 3 3 3 3 3 0 2 3 0 2 1 3 0 1 4 2 3 4 0 2 2 3 4 3 4 0 1 0 4 0 1 0 0 0 2 3 0 0 0 0 1 1 3 2 3 4 0 0 4 1 4 4 3 3 3 3 1 3 4 2 0 0 0 0 0 0 0 0 0 1 
#TS107
2 3 3 2 3 0 4 2 0 1 0 1 0 1 0 0 1 0 0 0 0 4 4 3 3 3 2 0 4 2 0 0 1 0 2 4 0 0 0 1 3 3 2 2 3 0 0 0 0 1 2 0 1 1 2 4 4 3 0 0 0 4 4 2 1 2 1 3 0 0 3 1 2 3 3 1 2 0 1 0 3 1 3 2 3 1 0 0 4 3 4 3 3 3 4 2 1 3 4 3 0 0 0 0 0 0 0 0 0 0 
3 3 4 4 3 0 4 3 0 2 0 2 0 0 0 0 1 1 0 0 0 3 4 4 1 4 3 1 4 3 0 0 1 0 3 4 1 0 0 1 1 3 3 1 3 3 1 0 0 1 3 1 0 1 3 4 4 3 0 1 1 3 4 3 1 2 4 4 1 0 3 3 3 4 2 1 2 0 1 0 2 0 3 1 3 3 0 0 4 3 4 4 3 3 3 2 0 3 4 3 0 0 0 0 0 0 0 0 0 0 
#TS108
1 2 3 3 4 0 4 2 0 3 0 2 0 0 0 0 1 3 0 0 0 1 2 2 1 4 3 2 1 2 1 0 1 1 3 4 3 0 0 1 0 3 3 3 3 3 3 3 2 1 4 3 2 1 2 2 1 1 0 2 0 3 4 3 2 2 1 3 4 0 1 0 0 1 2 2 1 0 1 0 2 0 3 1 3 2 0 0 1 3 4 4 3 2 2 2 1 4 4 3 0 0 0 0 0 0 0 0 0 0 
1 2 3 3 4 0 4 2 0 3 0 2 0 0 0 1 1 3 0 0 0 1 2 3 1 4 3 2 1 2 1 0 1 0 3 4 2 0 0 1 0 3 3 3 3 3 3 3 2 1 4 2 3 1 2 2 1 1 0 1 0 2 4 3 1 2 1 2 4 0 1 0 0 1 2 3 1 0 1 0 2 0 3 1 3 3 0 0 0 3 4 4 4 2 3 2 1 3 4 3 0 0 0 0 0 0 0 0 0 0 
#TS109
0 1 3 2 3 0 4 2 0 3 0 2 0 0 0 0 1 3 0 0 0 0 0 1 1 4 2 3 0 3 1 0 0 0 2 4 3 0 0 1 0 3 3 3 3 3 3 3 2 0 4 3 3 1 2 2 1 1 0 1 0 2 4 3 3 2 1 2 4 0 1 0 0 0 2 3 0 0 1 0 2 0 3 1 3 3 0 0 0 3 4 4 3 3 3 2 1 3 4 2 0 0 0 0 0 0 0 0 0 0 
0 2 3 2 3 0 4 2 0 3 0 2 0 0 0 0 1 3 0 0 0 0 1 1 1 4 3 2 1 3 1 0 0 0 2 4 4 0 0 1 0 3 4 3 3 3 3 3 3 1 4 2 3 1 2 2 1 1 0 1 0 2 4 3 2 2 1 1 4 0 1 0 0 0 2 3 0 0 1 0 2 0 3 1 3 3 0 0 0 2 4 4 3 3 3 2 1 3 4 3 0 0 0 0 0 0 0 0 0 0 
#TS110
1 1 2 2 1 0 4 2 0 0 0 0 0 1 0 1 3 3 0 0 0 0 1 1 1 4 3 0 2 3 0 0 1 0 2 0 0 0 2 1 0 3 2 2 3 3 3 3 0 0 4 3 3 1 2 0 0 3 0 2 0 2 4 3 2 2 1 2 4 0 1 0 0 0 2 4 3 0 1 0 2 0 3 1 2 0 0 0 0 0 4 4 3 3 3 2 2 2 3 1 0 0 0 0 0 0 1 0 0 0 
1 0 3 3 1 0 4 2 0 0 1 0 0 1 0 1 2 3 0 0 0 0 1 1 1 3 3 1 2 3 0 0 0 0 3 0 0 0 3 1 0 3 2 1 3 3 3 3 0 0 4 3 3 1 2 0 0 3 0 2 1 2 4 4 2 2 0 3 2 0 2 0 0 2 3 3 4 1 1 0 2 0 3 1 3 0 0 0 0 0 4 4 3 2 3 2 1 1 3 1 0 0 0 0 0 0 1 0 0 0 
#TS111
4 4 3 4 3 0 4 4 0 2 0 3 0 0 0 4 1 3 0 0 0 1 3 2 2 2 1 0 4 1 0 0 0 0 3 0 0 0 4 1 0 0 3 3 3 2 4 2 3 4 4 3 3 1 3 2 1 2 2 4 2 4 4 3 2 2 1 3 2 0 0 3 0 3 4 0 4 0 0 0 2 0 1 0 1 0 2 3 0 1 4 4 3 4 4 0 2 2 4 3 0 0 0 0 0 0 0 1 0 0 
4 4 3 3 3 0 4 4 0 3 0 3 0 0 0 4 1 3 0 0 0 0 3 2 4 2 1 0 3 1 0 0 0 1 2 0 0 0 3 1 0 0 4 3 3 3 3 2 3 3 4 3 3 1 4 2 0 1 2 4 1 4 4 3 2 2 1 3 2 0 0 3 0 3 3 0 4 0 0 0 1 0 0 1 2 0 2 3 0 1 4 4 3 4 3 2 2 2 4 3 0 0 0 0 0 0 0 0 0 0 
#TS112
2 2 3 2 1 0 4 2 0 0 1 0 0 1 0 1 4 3 0 0 0 0 4 3 2 4 3 0 4 3 0 0 0 0 2 0 0 0 3 1 0 3 2 1 3 3 2 2 0 0 4 3 3 1 2 0 0 4 2 4 1 3 3 3 3 2 0 3 0 4 3 4 3 3 3 0 4 0 1 0 2 0 3 1 3 0 0 0 3 0 3 4 3 3 3 2 1 2 3 1 0 0 0 0 0 0 0 0 0 0 
2 1 3 2 3 0 4 2 0 2 1 2 0 0 0 1 2 3 0 0 0 0 4 4 2 4 3 0 3 3 0 0 0 0 2 4 1 0 0 1 0 3 3 1 3 3 2 2 2 0 4 4 3 1 2 2 1 2 2 3 2 3 3 3 2 2 1 4 0 3 4 3 3 4 4 0 4 0 1 0 2 0 3 1 3 3 1 0 3 2 4 3 3 3 4 2 1 3 4 2 0 0 0 0 0 0 0 0 0 0 
#TS113
0 2 3 2 3 0 4 2 0 3 0 2 0 0 0 1 1 3 0 0 0 0 1 2 1 4 2 2 1 3 1 0 1 0 2 4 3 0 0 1 0 4 2 3 3 3 3 3 2 0 4 3 3 1 2 1 1 1 0 1 0 2 4 3 2 2 1 2 4 0 1 0 0 0 2 3 0 0 1 0 2 0 3 1 3 3 0 0 0 4 4 4 4 3 3 2 1 4 4 3 0 0 0 0 0 0 0 0 0 0 
0 2 2 2 3 0 4 2 0 3 0 3 0 0 0 0 1 3 0 0 0 0 1 1 1 4 3 2 1 3 0 0 0 0 2 4 3 0 0 1 0 3 2 3 3 3 3 3 2 1 4 3 3 1 2 2 1 1 0 2 0 2 4 3 2 2 0 2 4 0 1 0 0 0 2 3 0 0 1 0 2 1 3 1 3 4 0 1 0 3 4 4 4 3 3 2 1 3 4 3 0 0 0 0 0 0 0 0 0 0 
#TS114
0 2 3 2 3 0 4 2 0 3 0 2 0 0 0 0 1 3 0 0 0 0 1 1 1 4 3 2 1 3 1 0 0 0 3 4 3 0 0 1 0 3 3 3 3 3 4 3 3 1 4 3 3 1 2 3 1 1 0 1 0 1 3 3 2 2 1 2 4 0 1 0 0 0 2 3 0 0 1 0 3 1 3 1 2 3 0 0 0 3 4 4 4 3 3 2 0 3 4 3 0 0 0 0 0 0 0 0 0 0 
0 2 3 2 4 0 3 2 0 3 0 2 0 0 0 0 1 3 0 0 0 0 1 1 1 4 3 2 1 3 1 0 0 0 2 4 3 0 0 1 0 3 3 3 3 3 3 3 2 1 4 3 3 1 2 3 0 1 0 2 0 2 4 3 3 1 0 2 4 0 1 0 0 0 2 3 0 0 1 0 2 0 3 1 3 2 0 0 0 2 4 4 4 3 3 2 1 3 4 4 0 0 0 0 0 0 0 0 0 0 
#TS115
2 3 3 1 3 0 4 4 0 0 0 2 0 1 0 0 1 0 0 0 0 3 4 3 3 4 3 0 4 3 0 0 2 0 2 4 0 0 0 1 3 3 2 2 3 0 0 0 0 1 3 0 2 1 2 4 4 2 0 0 0 4 4 2 2 2 1 3 1 0 3 1 2 3 3 1 1 0 1 0 3 0 3 2 3 1 0 0 3 2 4 4 3 3 4 2 1 3 4 3 1 0 0 0 0 0 0 0 0 0 
2 3 3 2 3 0 4 2 0 1 0 1 0 1 0 0 1 0 0 0 0 4 4 3 3 3 2 0 4 2 0 0 1 0 2 4 0 0 0 1 3 3 2 2 3 0 0 0 0 1 2 0 1 1 2 4 4 3 0 0 0 4 4 2 1 2 1 3 0 0 3 1 2 3 3 1 2 0 1 0 3 1 3 2 3 1 0 0 4 3 4 3 3 3 4 2 1 3 4 3 0 0 0 0 0 0 0 0 0 0 
#TS116
0 2 2 2 3 0 4 2 0 3 0 2 0 0 0 0 1 3 0 0 0 0 1 1 1 4 2 2 0 3 1 0 0 0 3 4 4 0 0 1 0 3 3 3 3 3 3 3 2 1 4 3 3 1 2 2 1 1 0 1 0 1 4 3 3 2 1 2 4 0 1 0 0 0 2 3 0 0 1 0 2 1 4 1 3 3 0 0 0 2 4 4 3 2 2 2 1 3 4 2 0 0 0 0 0 0 0 0 0 0 
0 2 2 2 3 0 4 2 0 3 0 2 0 0 0 0 1 3 0 0 0 0 1 1 1 4 2 2 0 3 1 0 0 0 3 4 4 0 0 1 0 3 3 3 3 3 3 3 2 1 4 3 3 1 2 2 1 1 0 1 0 1 4 3 3 2 1 2 4 0 1 0 0 0 2 3 0 0 1 0 2 1 4 1 3 3 0 0 0 2 4 4 3 2 2 2 1 3 4 2 0 0 0 0 0 0 0 0 0 0 
#TS117
0 1 3 2 3 0 4 2 0 3 0 2 0 0 0 0 2 3 0 0 0 0 1 1 1 4 3 2 1 3 0 0 0 0 3 4 3 0 0 1 0 3 3 2 3 3 3 3 2 1 4 3 3 1 2 1 1 1 0 1 0 2 4 3 2 2 1 2 4 0 1 0 0 0 2 3 0 0 1 0 2 0 3 1 3 2 0 0 0 3 4 4 3 3 2 3 1 3 4 3 0 0 0 0 0 0 0 0 0 0 
0 2 2 2 3 0 4 2 0 3 0 2 0 0 0 0 1 3 0 0 0 0 1 1 1 4 2 2 0 3 1 0 0 0 3 4 4 0 0 1 0 3 3 3 3 3 3 3 2 1 4 3 3 1 2 2 1 1 0 1 0 1 4 3 3 2 1 2 4 0 1 0 0 0 2 3 0 0 1 0 2 1 4 1 3 3 0 0 0 2 4 4 3 2 2 2 1 3 4 2 0 0 0 0 0 0 0 0 0 0 
#TS118
1 2 3 2 3 0 4 3 0 3 0 3 0 0 0 0 1 1 0 0 0 3 4 4 2 4 3 2 4 2 1 0 1 0 2 4 1 0 0 1 0 2 3 3 3 2 1 0 1 2 2 1 0 1 2 3 3 3 0 1 1 4 4 4 3 2 1 4 0 0 3 3 3 4 3 0 4 0 1 0 2 1 3 1 3 3 0 0 4 2 4 3 3 3 3 2 1 3 4 3 0 0 0 0 0 0 0 0 0 0 
2 2 3 4 3 0 4 2 0 3 0 2 0 0 0 0 1 2 0 0 0 2 3 3 1 4 3 2 3 2 1 0 0 0 2 4 3 0 0 1 0 3 3 3 3 3 2 1 1 2 3 2 1 1 2 2 2 2 0 1 2 3 4 3 3 2 2 4 1 0 2 1 1 3 3 0 2 0 1 0 2 0 3 1 3 3 0 0 4 3 4 4 4 3 3 2 1 3 4 3 0 0 0 0 0 0 0 0 0 0 
#TS119
0 2 3 2 3 0 4 2 0 3 0 2 0 0 0 0 1 3 0 0 0 0 1 1 1 4 3 2 1 3 1 0 0 0 2 4 3 0 0 1 0 3 3 3 3 3 3 3 2 1 4 3 3 1 2 2 1 1 0 1 0 2 4 3 2 2 1 2 4 0 1 0 0 0 2 3 0 0 1 0 2 0 3 1 3 3 0 0 0 3 4 4 3 3 3 2 1 3 4 3 0 0 1 0 0 0 0 0 0 0 
0 2 3 2 3 0 4 2 0 2 0 1 0 0 0 0 1 3 0 0 0 0 1 1 0 4 3 2 1 3 1 0 0 0 2 4 4 0 0 1 0 3 1 3 3 3 3 4 2 1 3 3 3 1 2 2 0 1 1 2 1 0 4 3 2 2 0 2 4 0 1 0 0 0 2 3 0 0 1 0 2 0 3 1 3 3 0 0 1 3 2 4 3 3 3 2 1 3 4 2 0 0 1 0 0 0 0 0 0 0 
#TS120
0 3 3 3 3 0 3 2 0 3 0 2 0 0 0 1 1 3 0 0 0 1 2 3 1 4 3 2 1 3 0 0 0 0 3 4 3 0 0 0 0 3 3 3 3 3 3 3 2 1 4 3 3 1 2 2 1 1 0 2 0 2 4 3 3 2 1 2 4 0 1 0 0 1 2 2 1 0 1 0 2 0 3 1 3 3 0 0 2 3 4 4 3 2 3 2 1 3 4 4 0 0 0 0 0 0 0 0 0 0 
0 2 4 3 3 0 4 2 0 3 0 2 0 0 0 0 1 3 0 0 0 0 2 2 1 4 3 3 1 3 1 0 0 0 2 4 3 0 0 1 0 3 3 3 3 2 3 3 1 0 4 3 2 1 2 2 1 1 0 1 0 2 4 3 2 2 2 3 4 0 1 0 0 0 2 2 0 0 1 0 2 0 3 1 3 3 0 0 1 3 4 4 2 3 3 2 1 3 4 3 0 0 0 0 0 0 0 0 0 0 
#TS121
0 2 3 2 3 0 4 2 0 3 0 2 0 0 0 0 1 3 0 0 0 0 1 1 1 4 3 2 1 3 1 0 0 0 2 4 3 0 0 1 0 3 3 3 3 3 3 3 2 1 4 3 3 1 2 2 1 1 0 1 0 2 4 3 2 2 1 2 4 0 1 0 0 0 2 3 0 0 1 0 2 0 3 1 3 3 0 0 0 3 4 4 3 3 3 2 1 3 4 3 0 0 0 0 0 1 0 0 0 0 
0 2 3 2 3 0 4 2 0 3 0 2 0 0 0 0 1 3 0 0 3 0 1 1 1 0 3 1 0 2 1 0 0 0 2 4 3 0 0 1 0 3 3 3 3 0 3 3 1 0 4 3 2 1 2 2 1 1 0 0 1 0 4 2 2 2 1 2 4 0 1 0 0 0 3 3 0 0 1 0 2 0 3 0 4 3 0 0 0 2 4 4 3 3 3 3 1 1 4 3 0 0 0 0 0 1 0 0 0 0 
#TS122
1 3 2 3 3 0 4 2 0 3 0 3 0 0 0 0 1 3 0 0 0 1 2 3 1 4 3 2 1 3 1 0 1 0 3 4 3 0 0 1 0 3 3 3 3 3 4 3 2 0 4 2 3 1 2 2 1 1 0 1 0 3 3 3 1 2 1 3 4 0 1 0 0 1 2 2 0 0 1 0 2 0 3 1 3 3 0 0 0 3 4 4 4 3 3 2 1 3 4 3 0 0 0 0 0 0 0 0 0 0 
1 2 4 2 3 0 4 2 0 2 0 3 0 0 0 0 1 3 0 0 0 0 2 2 1 4 2 1 1 3 1 0 0 0 3 4 4 0 0 1 0 3 2 3 3 3 3 3 2 1 4 2 3 1 2 1 1 1 0 1 0 2 4 3 2 2 1 2 4 0 1 0 0 0 2 3 0 0 1 0 2 0 3 1 3 2 0 0 0 3 4 4 3 3 4 2 1 3 4 3 0 0 0 0 0 0 0 0 0 0 
#TS123
0 2 4 3 3 0 4 4 0 3 0 2 0 0 0 0 1 3 0 0 0 3 4 3 0 4 3 1 3 4 1 0 0 0 2 1 0 0 0 1 3 3 3 3 3 0 0 2 0 1 0 2 0 0 3 2 4 4 0 2 3 3 4 3 4 0 0 1 4 0 3 3 0 3 3 1 2 0 0 0 2 0 3 3 2 3 0 0 3 2 4 4 3 3 3 2 1 4 4 4 0 0 0 0 0 0 0 0 0 1 
0 2 3 3 4 0 4 2 0 4 0 2 0 0 0 0 1 3 0 0 0 3 4 4 0 4 4 1 4 4 1 0 0 0 2 1 0 0 0 1 3 3 3 3 3 0 0 2 0 1 1 2 0 0 3 2 3 3 0 2 3 3 4 4 4 1 0 1 3 1 4 3 0 3 3 0 3 0 0 0 2 1 3 3 3 3 0 0 3 2 4 3 3 3 4 2 1 3 4 2 0 0 0 0 0 0 0 0 0 1 
#TS124
0 2 2 0 3 0 4 2 0 1 0 2 0 0 0 0 2 2 0 0 0 2 1 1 1 3 3 0 2 3 1 0 0 0 2 4 3 0 0 1 3 3 1 3 3 0 2 2 1 1 4 2 1 1 2 3 3 2 0 0 0 2 4 2 1 2 1 2 4 0 1 0 0 0 2 2 0 0 1 0 3 1 3 1 2 1 0 0 2 3 4 4 3 3 3 2 1 3 4 3 1 0 0 0 0 0 0 0 0 0 
0 2 3 0 3 0 4 2 0 1 0 2 0 1 0 0 1 1 0 0 0 3 1 1 1 4 3 0 1 3 0 0 0 0 2 4 1 0 0 1 3 3 2 3 3 0 2 2 0 1 2 1 1 1 2 3 4 3 0 0 0 2 3 2 1 2 0 2 4 0 1 0 0 0 2 1 0 0 1 0 3 0 3 2 3 1 0 0 2 3 3 4 3 3 4 2 1 3 4 2 1 0 0 0 0 0 0 0 0 0 
#TS125
0 3 3 2 3 0 4 2 0 3 0 2 0 0 0 3 1 3 0 0 0 1 1 1 1 2 3 1 1 3 1 0 0 0 2 0 4 0 2 1 0 1 3 3 3 3 3 4 3 3 4 4 3 1 4 2 1 2 0 1 0 2 3 3 1 2 2 3 4 0 0 0 0 0 3 1 2 0 0 0 2 0 1 1 2 3 0 2 0 2 4 3 3 4 4 1 1 3 4 3 0 0 0 0 0 0 0 1 0 0 
1 2 3 3 3 0 4 2 0 3 0 2 0 0 0 3 1 3 0 0 0 0 1 1 1 2 2 0 1 3 0 0 0 0 2 0 3 0 4 1 1 0 3 3 3 2 3 3 3 3 4 3 3 1 3 2 1 2 0 1 0 2 4 3 1 2 0 2 4 0 0 0 0 0 3 1 3 0 0 0 2 0 1 1 3 3 1 3 0 1 4 3 3 3 4 1 1 3 4 3 0 0 0 0 0 0 0 1 0 0 
#TS126
2 2 3 3 3 0 4 2 0 0 0 0 0 1 0 0 1 4 0 0 0 0 1 1 0 3 3 2 1 3 0 0 0 0 2 4 1 0 0 1 0 3 0 0 1 3 4 4 2 0 2 3 3 1 2 3 0 1 2 2 3 0 0 1 3 1 1 2 4 0 1 0 0 0 0 3 0 2 3 0 3 0 3 1 3 3 0 0 4 2 0 2 3 1 1 2 1 3 4 3 0 0 1 0 0 0 0 0 0 0 
2 2 3 3 3 0 4 3 0 0 0 0 0 0 0 0 1 3 0 0 0 0 2 1 0 4 3 3 2 3 0 0 0 0 3 4 0 0 0 1 0 3 0 0 0 3 3 3 2 0 2 4 3 1 2 3 0 1 2 2 3 0 0 1 4 1 1 2 3 0 1 0 0 0 0 3 0 2 4 0 2 0 3 1 3 2 0 0 4 3 1 1 3 1 3 2 2 3 4 3 0 0 0 0 0 0 0 0 0 0 
#TS127
2 2 3 3 3 0 4 2 2 0 0 2 0 2 0 3 3 3 0 0 0 0 2 1 1 4 3 3 2 3 0 0 0 0 2 0 0 0 0 1 0 3 0 0 3 2 2 2 2 0 3 3 2 1 2 0 2 2 0 1 0 2 3 0 2 2 1 3 2 0 2 0 0 0 3 3 0 0 1 0 2 0 3 1 3 3 0 0 0 3 1 1 1 0 1 2 1 3 4 4 0 1 0 0 0 0 0 0 0 0 
2 2 3 4 3 0 4 2 2 0 0 3 0 2 0 4 3 3 0 0 0 0 2 2 1 4 3 4 3 3 0 0 0 0 2 0 0 0 0 1 0 3 0 0 2 2 3 1 1 0 4 3 1 1 3 0 1 1 0 2 0 3 2 0 2 2 1 2 1 0 3 2 1 0 2 3 1 1 2 0 3 0 3 1 3 3 0 0 0 2 0 2 1 0 1 2 1 3 4 2 0 1 0 0 0 0 0 0 0 0 
#TS128
0 2 3 2 4 0 4 2 0 3 0 2 0 0 0 0 1 3 0 0 0 0 1 1 0 4 3 1 1 3 0 0 0 0 3 4 4 0 0 3 0 3 3 3 3 3 3 3 2 1 4 3 3 1 2 2 1 1 0 1 0 2 4 3 1 2 1 2 4 0 1 0 0 0 2 3 0 0 1 0 2 0 3 1 3 3 0 0 0 3 4 4 3 2 3 3 1 3 4 2 0 0 0 0 0 0 0 0 0 0 
0 2 3 2 3 0 4 2 0 3 0 2 0 0 0 0 1 3 0 0 0 1 1 1 1 4 3 2 1 3 1 0 0 0 3 4 4 0 0 1 0 3 3 3 2 3 3 3 3 0 4 4 3 1 2 2 1 1 0 1 0 1 4 3 2 2 1 2 4 0 1 0 0 0 2 3 0 0 1 0 2 0 3 1 3 3 0 0 0 3 4 3 3 3 3 3 1 3 4 3 0 0 0 0 0 0 0 0 0 0 
#TS129
0 1 3 2 3 0 1 2 0 3 0 2 0 0 0 0 1 3 0 0 0 3 4 4 0 4 4 1 4 4 1 0 0 0 3 1 0 0 0 1 4 3 3 3 3 0 0 2 0 1 1 2 0 1 4 2 3 4 0 2 3 4 4 3 4 0 1 0 4 0 3 3 0 3 4 2 2 0 0 0 2 1 3 2 3 3 0 0 3 2 4 4 3 3 3 2 1 3 4 3 0 0 0 0 0 0 0 0 0 1 
0 2 4 3 3 0 4 4 0 3 0 2 0 0 0 0 1 3 0 0 0 3 4 3 0 4 3 1 3 4 1 0 0 0 2 1 0 0 0 1 3 3 3 3 3 0 0 2 0 1 0 2 0 0 3 2 4 4 0 2 3 3 4 3 4 0 0 1 4 0 3 3 0 3 3 1 2 0 0 0 2 0 3 3 2 3 0 0 3 2 4 4 3 3 3 2 1 4 4 4 0 0 0 0 0 0 0 0 0 1 
#TS130
0 2 3 3 4 0 4 2 0 4 0 2 0 0 0 0 1 3 0 0 0 3 4 4 0 4 4 1 4 4 1 0 0 0 2 1 0 0 0 1 3 3 3 3 3 0 0 2 0 1 1 2 0 0 3 2 3 3 0 2 3 3 4 4 4 1 0 1 3 1 4 3 0 3 3 0 3 0 0 0 2 1 3 3 3 3 0 0 3 2 4 3 3 3 4 2 1 3 4 2 0 0 0 0 0 0 0 0 0 1 
0 2 3 3 3 0 4 4 0 3 0 2 0 0 0 0 1 3 0 0 0 3 4 4 0 4 4 1 3 3 1 0 0 0 2 1 0 0 0 1 4 3 3 3 3 0 0 2 0 1 2 1 0 1 3 2 4 4 0 3 2 4 4 4 3 0 0 2 3 3 3 4 0 3 4 0 3 0 0 0 2 0 3 2 3 3 0 0 3 2 4 4 4 3 3 2 1 3 4 3 0 0 0 0 0 0 0 0 0 1 
#TS131
0 1 4 4 3 0 3 2 0 3 0 2 0 0 0 0 1 3 0 0 0 2 2 3 0 4 4 1 1 4 1 0 0 0 3 1 1 0 0 1 3 3 3 3 3 0 2 3 0 2 1 3 0 1 4 2 3 4 0 2 2 3 4 3 4 0 1 0 4 0 1 0 0 0 2 3 0 0 0 0 1 1 3 2 3 4 0 0 4 1 4 4 3 3 3 3 1 3 4 2 0 0 0 0 0 0 0 0 0 1 
0 1 3 2 4 0 1 3 0 3 0 2 0 0 0 0 1 3 0 0 0 3 2 3 0 4 4 1 2 3 1 0 0 0 3 1 0 0 0 1 3 3 3 3 3 0 1 3 0 2 0 3 0 1 3 2 3 4 0 2 2 3 3 3 3 0 1 0 4 0 1 0 0 2 2 3 0 0 0 0 2 1 3 2 3 3 0 0 3 2 4 4 3 3 2 2 1 3 4 2 0 0 0 0 0 0 0 0 0 1 
#TS132
0 2 3 2 3 0 4 2 0 3 0 2 0 0 0 0 1 3 0 0 0 0 1 1 1 4 3 2 1 3 1 0 0 0 2 4 3 0 0 1 0 3 3 3 3 3 3 3 2 1 4 3 3 1 2 2 1 1 0 1 0 2 4 3 2 2 1 2 4 0 1 0 0 0 2 3 0 0 1 0 2 0 3 1 3 3 0 0 0 3 4 4 3 3 3 2 1 3 4 3 0 0 0 0 0 0 0 1 0 0 
0 3 3 2 3 0 4 2 0 3 0 2 0 0 0 3 1 3 0 0 0 1 1 1 1 2 3 1 1 3 1 0 0 0 2 0 4 0 2 1 0 1 3 3 3 3 3 4 3 3 4 4 3 1 4 2 1 2 0 1 0 2 3 3 1 2 2 3 4 0 0 0 0 0 3 1 2 0 0 0 2 0 1 1 2 3 0 2 0 2 4 3 3 4 4 1 1 3 4 3 0 0 0 0 0 0 0 1 0 0 
#TS133
3 2 3 1 3 0 4 3 0 0 0 3 0 0 0 0 1 0 0 0 0 2 3 3 2 4 3 1 4 3 0 0 0 0 2 4 0 0 0 1 3 3 2 3 3 0 0 0 1 1 2 0 1 1 2 3 3 3 0 0 0 4 3 2 2 2 1 3 0 0 4 1 3 2 3 1 0 0 1 0 3 1 3 2 3 1 0 0 3 3 4 4 4 2 3 2 1 4 4 3 1 0 0 0 0 0 0 0 0 0 
2 3 3 1 3 0 4 4 0 0 0 2 0 1 0 0 1 0 0 0 0 3 4 3 3 4 3 0 4 3 0 0 2 0 2 4 0 0 0 1 3 3 2 2 3 0 0 0 0 1 3 0 2 1 2 4 4 2 0 0 0 4 4 2 2 2 1 3 1 0 3 1 2 3 3 1 1 0 1 0 3 0 3 2 3 1 0 0 3 2 4 4 3 3 4 2 1 3 4 3 1 0 0 0 0 0 0 0 0 0 
#TS134
3 3 4 4 4 0 4 2 2 0 0 2 0 2 0 4 3 3 0 0 0 1 2 3 2 4 3 3 4 3 0 0 0 0 2 0 0 0 0 1 0 3 0 0 3 3 2 1 1 0 4 3 1 1 2 0 2 1 3 3 0 3 1 0 2 2 2 2 0 0 4 2 2 1 3 0 3 1 3 1 3 0 3 1 3 3 0 0 3 3 0 2 1 0 0 1 1 4 4 3 0 0 0 0 0 0 0 0 0 0 
2 2 3 4 3 0 4 3 0 1 0 2 0 0 0 1 2 3 0 0 0 2 3 3 2 4 3 3 3 3 0 0 1 0 3 4 0 0 0 1 0 3 2 0 3 3 3 1 2 0 4 2 2 1 2 2 1 1 3 3 2 2 1 1 2 2 2 3 0 0 3 3 2 3 2 0 3 1 3 1 2 0 3 1 2 3 1 0 3 3 3 2 3 0 1 2 1 3 4 4 0 0 0 0 0 0 0 0 0 0 
#TS135
0 3 3 2 3 0 4 2 0 3 0 2 0 0 0 0 1 3 0 0 0 0 1 2 1 4 2 2 1 3 1 0 0 0 2 4 3 0 0 0 0 3 3 2 3 3 3 3 2 1 4 3 3 1 2 2 1 1 0 1 0 2 4 2 1 2 1 2 4 0 1 0 0 0 3 3 0 0 1 0 2 0 3 1 4 3 0 0 0 2 4 4 3 3 2 2 1 3 4 4 0 0 0 0 0 0 0 0 0 0 
0 2 3 2 4 0 4 2 0 3 0 2 0 0 0 0 1 4 0 0 0 0 1 2 1 4 3 2 1 3 1 0 1 0 2 4 4 0 0 1 0 3 3 3 3 3 3 3 2 1 4 3 2 2 2 2 1 1 0 1 0 3 4 3 1 2 1 2 4 0 1 0 0 0 2 3 0 1 1 0 2 1 3 1 3 3 0 0 0 2 4 4 3 3 2 2 1 3 4 3 0 0 0 0 0 0 0 0 0 0 
#TS136
1 1 3 0 3 0 4 2 3 2 0 2 0 0 0 0 1 4 1 0 0 0 0 0 0 4 3 2 1 3 3 0 0 0 2 3 3 0 0 1 4 3 0 0 3 3 3 3 3 1 0 3 3 1 2 2 0 1 1 1 0 0 3 1 3 0 1 2 4 0 0 0 0 0 2 0 1 0 1 0 4 0 0 1 1 2 2 1 2 0 4 4 0 0 2 2 1 3 4 1 0 0 0 0 0 0 0 0 1 0 
0 2 3 1 3 0 4 1 3 1 0 3 0 0 0 0 1 3 2 0 0 0 0 1 0 4 3 2 1 2 3 0 1 0 2 4 3 0 1 2 3 2 0 0 2 3 3 3 3 1 0 3 3 1 2 2 0 0 2 1 0 0 2 0 3 0 1 3 4 0 0 0 0 0 2 0 1 0 1 0 4 0 0 0 1 2 2 1 2 0 4 4 0 0 0 2 1 3 4 1 0 0 0 0 0 0 0 0 1 0 
#TS137
0 2 3 2 3 0 4 2 0 3 0 2 0 0 0 0 1 3 0 0 0 0 1 2 1 4 2 2 1 3 0 0 0 0 4 4 3 0 0 1 0 3 3 3 3 3 3 3 2 1 4 3 3 1 2 2 1 2 0 1 0 2 4 3 2 2 1 2 4 0 1 0 0 0 2 3 0 0 1 0 2 0 3 1 3 3 0 0 0 3 4 4 3 3 3 2 1 3 4 4 0 0 0 0 0 0 0 0 0 0 
0 2 3 2 3 0 4 2 0 3 0 2 0 0 0 0 1 4 0 0 0 0 1 2 1 4 3 2 1 3 1 0 0 0 2 4 3 0 0 1 0 4 2 3 3 3 3 3 2 1 4 3 3 1 2 2 1 1 0 2 0 2 4 3 2 2 2 2 4 0 1 0 0 0 2 3 0 0 1 0 2 0 3 1 3 3 0 0 0 3 4 3 3 3 3 2 1 3 4 3 0 0 0 0 0 0 0 0 0 0 
#TS138
0 1 2 2 3 0 4 2 0 3 0 2 0 0 0 0 1 3 0 0 0 0 1 1 1 4 3 2 1 3 0 0 0 0 2 4 3 0 0 1 0 3 3 3 3 3 4 3 2 1 4 3 3 1 2 2 1 2 0 1 0 1 4 2 2 2 1 2 4 0 1 0 0 0 2 3 0 0 1 0 2 0 3 1 3 2 0 0 0 3 4 4 3 3 3 2 1 3 4 3 0 0 0 0 0 0 0 0 0 0 
0 1 3 1 3 0 4 2 0 3 0 2 0 0 0 0 2 3 0 0 0 0 1 1 1 4 3 2 1 3 0 0 0 1 3 4 3 0 0 1 0 3 3 3 3 3 3 3 2 1 4 4 3 1 2 2 0 1 0 1 0 2 4 2 2 2 1 2 4 0 1 0 0 0 2 4 0 0 1 0 2 0 3 1 3 3 0 0 0 3 4 4 3 3 3 2 1 4 4 3 0 0 0 0 0 0 0 0 0 0 
#TS139
3 3 3 3 4 0 4 2 0 2 0 2 0 0 0 0 1 3 1 0 0 0 3 3 1 4 3 3 3 3 0 0 0 0 2 4 2 0 0 1 0 3 3 1 3 3 2 2 2 0 4 3 3 1 3 1 1 1 4 2 2 3 2 2 2 2 2 3 1 0 3 2 1 3 2 0 3 1 4 0 2 0 3 1 3 3 1 0 4 3 3 3 3 1 2 2 1 3 4 3 0 0 0 0 0 0 0 0 0 0 
1 3 3 4 3 0 4 2 0 2 0 2 0 0 0 0 1 3 0 0 0 0 2 3 1 3 3 3 2 3 0 0 0 0 3 4 2 0 0 1 0 3 3 1 3 3 2 3 2 0 4 3 3 1 3 2 1 1 2 3 1 2 2 2 2 2 3 3 3 0 2 0 0 3 2 1 2 1 3 0 2 0 3 1 3 3 0 0 2 3 4 3 3 2 3 2 1 3 4 4 0 0 0 0 0 0 0 0 0 0 
#TS140
0 2 3 3 4 0 4 2 0 3 0 2 0 0 0 0 1 0 0 0 4 3 1 3 0 0 0 1 0 0 0 0 1 3 2 4 1 0 0 1 0 3 3 3 3 0 2 1 0 1 2 0 0 0 2 3 3 4 0 0 2 0 3 3 1 2 1 3 4 0 1 0 0 0 3 3 0 0 1 0 1 0 3 0 3 3 0 0 0 2 4 3 3 3 3 2 1 0 1 2 0 0 0 0 0 1 0 0 0 0 
1 3 3 3 4 0 4 2 0 3 0 2 0 0 0 0 1 0 0 0 4 3 1 3 1 0 0 1 1 0 0 0 1 4 1 4 0 0 0 2 0 3 3 3 3 0 1 1 0 1 2 0 0 0 1 3 3 3 0 0 2 1 4 2 1 2 2 2 3 0 1 0 0 1 3 4 0 0 1 0 1 0 3 0 3 3 0 0 0 2 4 4 3 3 3 3 0 1 1 4 0 0 0 0 0 1 0 0 0 0 
#TS141
0 2 3 3 4 0 4 2 0 3 0 2 0 0 0 0 2 3 0 0 0 0 1 1 1 4 3 2 1 3 0 0 0 0 3 4 3 0 0 1 0 3 3 2 3 3 4 3 2 1 4 2 3 1 2 2 1 1 0 1 0 2 4 3 2 1 1 2 4 0 1 0 0 0 2 3 0 0 1 0 2 0 3 0 3 2 0 0 0 3 4 4 3 3 3 2 1 3 4 3 0 0 0 0 0 0 0 0 0 0 
0 2 2 2 4 0 4 2 0 3 0 3 0 0 0 0 1 3 0 0 0 0 2 1 1 4 3 2 1 3 1 0 0 0 2 4 3 0 0 1 0 3 3 3 3 3 3 3 2 1 4 3 3 1 2 2 1 1 1 2 0 3 3 3 3 2 1 2 4 0 1 0 0 0 2 3 0 0 1 0 2 0 3 1 3 2 0 0 0 3 4 4 3 3 3 2 2 3 4 3 0 0 0 0 0 0 0 0 0 0 
#TS142
2 3 3 4 3 0 4 2 2 0 0 2 0 1 0 4 3 3 0 0 0 1 2 3 2 4 4 4 3 3 0 0 1 0 3 0 0 0 0 1 0 3 0 0 2 2 2 1 1 0 4 3 1 1 2 0 2 2 4 3 0 3 1 0 3 2 2 3 1 0 3 3 2 0 2 1 2 2 3 1 4 0 3 1 3 3 0 0 2 3 0 1 1 0 1 2 1 3 4 3 0 1 0 0 0 0 0 0 0 0 
3 3 4 4 4 0 4 2 2 0 0 2 0 2 0 4 3 3 0 0 0 1 2 3 2 4 3 3 4 3 0 0 0 0 2 0 0 0 0 1 0 3 0 0 3 3 2 1 1 0 4 3 1 1 2 0 2 1 3 3 0 3 1 0 2 2 2 2 0 0 4 2 2 1 3 0 3 1 3 1 3 0 3 1 3 3 0 0 3 3 0 2 1 0 0 1 1 4 4 3 0 0 0 0 0 0 0 0 0 0 
#TS143
2 1 3 2 1 0 4 2 0 0 1 1 0 1 0 1 3 3 0 0 0 0 4 3 3 4 3 0 4 2 0 0 0 0 3 0 0 0 3 1 0 3 2 2 3 3 3 2 0 1 4 3 3 1 2 0 1 2 1 3 2 3 4 4 2 2 1 2 0 1 3 3 2 3 4 3 4 0 2 0 2 0 3 1 3 0 0 0 1 0 4 4 3 3 4 2 1 1 2 1 0 0 0 0 0 0 1 0 0 0 
2 1 3 2 2 0 4 2 0 0 1 0 0 1 0 2 3 3 0 0 0 0 4 4 4 4 3 0 4 3 0 0 0 0 2 0 0 0 3 1 0 3 1 1 3 3 3 1 0 0 4 3 3 1 2 0 1 3 1 3 2 3 4 3 2 2 1 3 0 4 3 3 2 4 3 1 4 0 1 0 2 0 3 1 2 0 0 0 2 0 3 4 3 4 3 3 1 2 3 0 0 0 0 0 0 0 1 0 0 0 
#TS144
1 2 3 3 3 0 4 2 0 3 0 3 0 0 0 0 1 3 0 0 0 0 2 2 1 4 3 3 2 3 0 0 0 0 2 4 3 0 0 1 0 3 3 2 3 3 4 3 3 1 4 3 3 1 2 2 1 1 1 3 0 1 3 3 3 2 1 2 3 0 1 0 0 0 0 3 0 2 2 0 2 0 3 1 3 3 0 0 0 3 4 4 3 2 3 2 1 3 4 3 0 0 0 0 0 0 0 0 0 0 
0 2 3 2 3 0 4 2 0 2 0 2 0 0 0 0 1 3 0 0 0 0 1 2 1 4 3 1 1 3 0 0 0 0 2 4 3 0 0 1 0 3 3 2 3 3 3 3 2 1 4 3 3 1 2 2 1 1 0 1 0 2 4 3 2 2 1 2 4 0 1 0 0 0 2 3 0 0 1 0 2 0 3 1 3 3 0 0 0 3 4 4 3 3 3 2 1 3 4 2 0 0 0 0 0 0 0 0 0 0 
#TS145
0 2 2 3 3 0 4 2 0 3 0 2 0 0 0 1 2 3 0 0 0 0 1 1 1 4 3 2 1 2 1 0 0 0 3 4 3 0 0 1 0 3 3 3 3 3 3 4 2 1 4 3 3 1 2 2 1 2 0 1 0 2 4 3 3 2 0 2 4 0 1 0 0 0 2 3 0 0 1 0 2 0 3 1 3 2 1 0 0 2 3 4 3 3 4 2 1 3 4 2 0 0 0 0 0 0 0 0 0 0 
0 2 2 3 3 0 4 2 0 3 0 2 0 0 0 1 2 3 0 0 0 0 1 1 1 4 3 2 1 2 1 0 0 0 3 4 3 0 0 1 0 3 3 3 3 3 3 4 2 1 4 3 3 1 2 2 1 2 0 1 0 2 4 3 3 2 0 2 4 0 1 0 0 0 2 3 0 0 1 0 2 0 3 1 3 2 1 0 0 2 3 4 3 3 4 2 1 3 4 2 0 0 0 0 0 0 0 0 0 0 
#TS146
0 2 3 0 3 0 4 2 3 2 0 2 0 0 0 0 1 3 0 0 0 0 1 1 0 3 3 2 1 3 3 0 0 0 2 4 3 0 0 1 3 2 0 2 3 4 3 4 3 1 0 3 3 1 2 2 1 1 1 1 0 0 4 3 4 0 0 2 4 0 0 0 0 0 2 0 1 0 1 0 3 0 0 0 2 3 1 0 2 0 4 4 0 0 2 1 1 4 4 0 0 0 0 0 0 0 0 0 1 0 
1 1 3 0 3 0 4 2 2 2 0 2 0 0 0 0 1 3 0 0 0 0 0 0 0 4 3 2 1 2 3 0 1 0 3 4 3 0 0 1 4 3 0 1 3 3 3 4 3 2 0 3 3 1 2 2 0 1 1 1 0 0 4 2 4 0 1 2 4 0 0 0 0 0 2 0 2 0 1 0 3 0 0 1 2 3 1 1 2 0 4 4 0 0 2 2 1 3 4 0 0 0 0 0 0 0 0 0 1 0 
#TS147
1 2 3 3 3 0 4 2 0 3 0 2 0 0 0 0 1 3 0 0 0 0 3 3 1 4 3 2 1 3 0 0 0 0 2 4 3 0 0 0 0 3 3 2 3 3 3 3 3 1 4 2 3 2 2 2 1 1 0 2 0 2 4 3 2 2 1 3 4 0 1 0 0 2 2 1 2 0 1 0 2 0 3 1 3 3 0 0 2 3 4 4 4 3 3 2 1 3 4 3 0 0 0 0 0 0 0 0 0 0 
0 2 4 3 3 0 4 2 0 3 0 2 0 0 0 0 1 3 0 0 0 0 2 2 1 4 3 2 1 4 0 0 0 0 2 4 3 0 0 1 0 3 3 2 3 3 3 4 2 1 4 3 3 1 2 2 0 1 0 1 0 2 4 3 2 2 1 2 4 0 1 0 0 1 2 2 0 1 1 0 2 0 3 1 3 4 0 0 1 3 4 4 4 3 3 2 1 3 4 3 0 0 0 0 0 0 0 0 0 0 
#TS148
0 1 4 3 3 0 4 3 0 3 0 2 0 0 0 0 1 1 0 0 0 3 1 2 1 4 3 2 1 3 1 0 0 0 3 1 1 0 0 3 4 1 2 4 3 0 2 2 1 4 1 2 0 1 3 3 3 3 0 0 1 2 4 3 0 0 1 2 4 0 0 0 0 0 0 0 2 0 1 0 4 0 3 1 3 3 0 2 0 2 4 4 3 3 3 2 0 3 4 3 0 0 0 0 1 0 0 0 0 0 
0 2 4 3 3 0 4 3 0 3 0 2 0 0 0 0 1 0 0 0 0 3 1 2 1 3 2 1 2 3 1 0 0 0 3 1 0 0 0 3 3 1 3 4 3 0 1 1 1 4 0 2 0 1 2 4 2 3 0 0 2 3 3 3 0 0 1 3 3 0 0 0 0 1 1 0 2 0 1 0 4 0 3 1 3 3 1 3 0 2 3 4 3 2 3 2 1 3 4 3 0 0 0 0 1 0 0 0 0 0 
#TS149
0 2 3 2 4 0 4 2 0 3 0 2 0 0 0 0 1 4 0 0 0 0 1 2 1 4 3 2 1 3 1 0 1 0 2 4 4 0 0 1 0 3 3 3 3 3 3 3 2 1 4 3 2 2 2 2 1 1 0 1 0 3 4 3 1 2 1 2 4 0 1 0 0 0 2 3 0 1 1 0 2 1 3 1 3 3 0 0 0 2 4 4 3 3 2 2 1 3 4 3 0 0 0 0 0 0 0 0 0 0 
0 2 3 2 3 0 4 2 0 3 0 3 0 0 0 0 1 4 0 0 0 0 1 1 0 4 3 2 1 3 0 0 0 0 2 4 3 0 0 1 0 3 3 3 3 3 3 3 2 1 4 2 3 1 2 2 1 2 0 1 0 2 4 3 2 2 1 2 4 0 1 0 0 0 2 3 0 0 1 0 2 0 3 1 3 3 0 0 0 3 4 4 3 2 3 2 1 3 4 3 0 0 0 0 0 0 0 0 0 0 
#TS150
2 1 3 3 1 0 4 2 0 0 1 0 0 1 0 1 3 3 0 0 0 0 2 1 1 4 3 0 4 3 0 0 1 0 3 0 0 0 3 1 0 3 3 1 3 4 3 2 0 0 4 3 3 1 2 0 0 3 1 2 2 2 4 3 2 2 1 2 1 0 3 1 1 2 4 3 3 0 1 0 2 0 3 1 3 0 1 0 0 0 4 4 4 3 3 2 2 2 2 2 0 0 0 0 0 0 1 0 0 0 
2 1 3 2 1 0 4 2 0 0 1 1 0 1 0 1 3 3 0 0 0 0 4 3 3 4 3 0 4 2 0 0 0 0 3 0 0 0 3 1 0 3 2 2 3 3 3 2 0 1 4 3 3 1 2 0 1 2 1 3 2 3 4 4 2 2 1 2 0 1 3 3 2 3 4 3 4 0 2 0 2 0 3 1 3 0 0 0 1 0 4 4 3 3 4 2 1 1 2 1 0 0 0 0 0 0 1 0 0 0 
#TS151
4 2 3 3 3 0 4 2 0 2 0 2 0 0 0 4 1 4 0 0 0 1 1 1 2 2 1 0 2 0 0 0 0 1 3 0 0 0 4 2 0 0 3 3 3 4 3 2 3 4 4 3 3 1 4 2 1 2 0 2 2 3 4 3 3 2 0 3 4 0 0 1 0 2 4 0 3 0 0 0 2 0 0 1 1 1 2 4 0 1 4 4 3 4 4 1 2 2 3 3 0 0 0 0 0 0 0 1 0 0 
4 3 3 3 3 0 4 3 0 3 0 2 0 0 0 4 1 3 1 0 0 0 2 1 3 2 1 0 3 1 0 0 1 1 3 0 0 0 3 1 0 0 3 3 4 3 3 3 4 4 4 3 3 1 3 2 1 2 1 2 2 4 4 3 2 2 1 2 2 0 0 2 0 3 3 0 4 0 0 0 2 0 0 1 1 1 2 4 0 1 4 4 3 3 4 1 2 3 3 4 0 0 0 0 0 0 0 1 0 0 
#TS152
0 1 3 2 4 0 4 2 0 3 0 3 0 0 0 0 1 3 1 2 0 1 0 2 1 4 3 4 1 3 0 0 0 0 2 4 3 0 0 1 0 3 3 2 3 3 4 3 3 1 4 2 3 2 2 2 1 1 2 2 0 1 3 1 3 1 0 2 4 0 1 0 0 0 0 2 0 2 3 1 2 0 3 1 3 0 3 0 0 2 4 4 4 1 2 2 1 3 4 2 0 0 0 0 0 0 0 0 0 0 
0 2 3 2 4 0 4 2 0 3 0 3 0 0 0 0 1 3 1 0 0 0 0 2 1 4 3 3 1 3 0 0 0 0 3 4 3 0 0 1 0 3 3 3 3 3 3 3 3 1 4 3 3 1 2 2 1 1 1 1 0 2 4 3 4 2 2 2 4 0 1 0 0 0 1 3 0 1 2 0 2 0 3 1 2 0 1 0 0 3 4 4 3 1 3 3 1 3 4 3 0 0 0 0 0 0 0 0 0 0 
#TS153
0 2 3 2 4 0 4 1 0 3 0 2 0 0 0 0 1 3 0 0 0 0 2 2 1 4 3 2 1 3 1 0 0 0 2 4 4 0 0 2 0 3 2 3 3 3 3 3 2 1 4 3 3 1 3 2 1 1 0 1 0 2 4 3 1 2 1 2 4 0 0 0 0 0 2 2 0 0 1 0 2 0 3 1 3 3 0 0 0 3 4 4 3 3 3 2 1 3 4 3 0 0 0 0 0 0 0 0 0 0 
1 2 3 2 3 0 4 2 0 3 0 2 0 0 0 0 1 3 0 0 0 0 1 2 1 4 3 1 1 3 1 0 1 0 2 4 3 0 0 1 0 3 3 2 3 3 3 3 2 1 4 3 3 1 2 2 1 1 0 1 0 2 4 3 2 2 1 2 4 0 1 0 0 0 2 2 0 0 1 0 2 0 3 1 2 3 0 0 0 4 4 4 4 3 3 2 1 3 4 3 0 0 0 0 0 0 0 0 0 0 
#TS154
0 2 3 2 4 0 4 2 0 3 0 2 0 0 0 0 1 3 0 0 0 1 1 1 1 4 3 2 1 3 1 0 0 0 2 4 3 0 0 1 0 3 3 3 3 3 3 3 2 0 4 3 3 1 2 2 1 1 0 2 0 2 4 3 2 2 1 2 4 0 1 0 0 0 2 3 0 1 1 0 2 0 3 1 3 3 0 0 0 3 4 4 3 3 3 2 1 3 4 3 0 0 0 0 0 0 0 0 0 0 
0 2 3 2 3 0 4 2 0 3 0 2 0 0 0 0 1 3 0 0 0 0 1 1 1 4 3 2 1 3 1 0 0 0 2 4 3 0 0 1 0 3 2 2 3 3 4 3 2 0 4 3 3 1 2 2 1 1 0 1 0 1 4 3 2 2 0 2 4 0 1 0 0 0 2 3 0 1 1 0 2 0 3 1 3 3 0 0 0 3 4 4 3 3 3 2 1 3 4 2 0 0 0 0 0 0 0 0 0 0 
#TS155
1 2 3 2 3 0 4 2 0 3 0 2 0 0 0 0 1 4 0 0 0 0 1 2 1 4 3 1 1 3 0 0 0 0 2 4 3 0 0 2 0 3 3 3 3 3 3 4 3 1 4 3 3 1 3 2 1 1 0 1 0 2 4 3 2 2 1 2 4 0 1 0 0 1 2 3 0 0 1 0 3 0 3 1 3 3 0 0 0 3 4 4 4 3 3 2 1 3 4 4 0 0 0 0 0 0 0 0 0 0 
0 2 3 2 4 0 4 2 0 3 0 2 0 0 0 0 1 3 0 0 0 0 1 2 1 4 3 1 1 3 1 0 0 0 3 4 4 0 0 1 0 3 3 3 3 3 4 3 2 0 4 3 3 1 2 2 0 1 0 1 0 2 4 3 2 2 1 2 4 0 1 0 0 0 2 3 0 1 1 0 2 0 3 1 3 3 0 0 0 3 4 4 4 3 2 2 1 3 4 3 0 0 0 0 0 0 0 0 0 0 
#TS156
0 2 4 3 3 0 4 2 0 3 0 2 0 0 0 0 1 3 0 0 0 0 2 2 1 4 3 3 1 3 1 0 0 0 2 4 3 0 0 1 0 3 3 3 3 2 3 3 1 0 4 3 2 1 2 2 1 1 0 1 0 2 4 3 2 2 2 3 4 0 1 0 0 0 2 2 0 0 1 0 2 0 3 1 3 3 0 0 1 3 4 4 2 3 3 2 1 3 4 3 0 0 0 0 0 0 0 0 0 0 
0 2 3 2 3 0 4 2 0 3 0 2 0 0 0 0 1 3 0 0 0 0 1 2 1 4 2 2 1 3 0 0 0 0 4 4 3 0 0 1 0 3 3 3 3 3 3 3 2 1 4 3 3 1 2 2 1 2 0 1 0 2 4 3 2 2 1 2 4 0 1 0 0 0 2 3 0 0 1 0 2 0 3 1 3 3 0 0 0 3 4 4 3 3 3 2 1 3 4 4 0 0 0 0 0 0 0 0 0 0 
#TS157
3 2 3 2 0 0 4 0 0 3 2 4 0 0 1 2 3 3 0 0 4 0 2 1 1 4 2 1 4 3 1 0 0 0 3 0 0 0 0 2 0 0 3 2 3 3 3 2 2 1 4 3 3 1 2 2 1 1 1 0 2 0 4 3 0 1 1 3 1 0 1 1 0 4 4 1 1 0 1 0 1 2 3 3 3 0 0 0 1 3 4 4 3 3 3 2 1 0 0 3 0 0 0 1 0 0 0 0 0 0 
4 3 3 2 1 0 4 0 0 3 1 4 0 1 1 2 2 4 0 0 3 0 2 1 1 4 3 1 3 4 0 0 1 0 2 0 0 0 0 1 0 0 3 3 3 3 4 2 3 1 4 3 4 0 2 2 1 1 1 0 2 0 4 3 1 1 2 3 1 0 1 2 1 3 4 1 2 0 1 0 1 2 3 3 3 0 0 0 2 3 4 4 3 3 3 2 1 0 0 3 0 0 0 0 0 0 0 0 0 0 
#TS158
0 2 3 2 3 0 4 2 0 3 0 2 0 0 0 0 1 3 0 0 0 0 1 1 1 4 3 3 1 3 1 0 0 0 2 4 3 0 0 1 0 3 3 3 3 3 3 3 2 1 4 3 2 1 2 2 1 1 0 1 0 2 4 3 1 2 1 2 4 0 1 0 0 0 2 3 0 0 1 0 2 0 3 1 3 3 1 0 0 3 4 4 3 3 3 2 1 3 4 3 0 0 0 0 0 0 0 0 0 0 
0 2 3 2 3 0 4 2 0 3 0 2 0 0 0 0 1 3 0 0 0 0 1 1 1 4 3 2 1 3 1 0 0 0 2 4 3 0 0 1 0 3 2 4 3 3 4 3 2 1 4 3 3 1 2 2 1 1 0 1 0 2 4 3 1 2 0 2 4 0 1 0 0 0 2 3 0 0 1 0 2 0 3 1 3 2 1 0 0 3 4 4 3 3 3 2 1 3 4 4 0 0 0 0 0 0 0 0 0 0 
#TS159
4 4 3 3 3 0 4 4 0 3 0 3 0 0 0 4 1 3 0 0 0 0 3 2 4 2 1 0 3 1 0 0 0 1 2 0 0 0 3 1 0 0 4 3 3 3 3 2 3 3 4 3 3 1 4 2 0 1 2 4 1 4 4 3 2 2 1 3 2 0 0 3 0 3 3 0 4 0 0 0 1 0 0 1 2 0 2 3 0 1 4 4 3 4 3 2 2 2 4 3 0 0 0 0 0 0 0 0 0 0 
3 4 3 4 4 0 4 2 0 3 0 3 0 0 0 1 1 3 0 0 0 0 4 3 3 3 2 0 3 2 1 0 0 1 2 3 1 1 0 1 0 2 3 3 3 3 3 2 3 2 4 3 3 1 3 2 1 1 1 3 2 4 4 3 2 2 1 4 1 0 2 3 2 4 3 0 3 0 1 0 2 0 2 1 2 1 2 2 1 3 4 4 3 3 3 2 2 3 4 2 0 0 0 0 0 0 0 0 0 0 
#TS160
2 2 3 4 3 0 4 2 0 3 0 2 0 0 0 0 1 2 0 0 0 2 3 3 1 4 3 2 3 2 1 0 0 0 2 4 3 0 0 1 0 3 3 3 3 3 2 1 1 2 3 2 1 1 2 2 2 2 0 1 2 3 4 3 3 2 2 4 1 0 2 1 1 3 3 0 2 0 1 0 2 0 3 1 3 3 0 0 4 3 4 4 4 3 3 2 1 3 4 3 0 0 0 0 0 0 0 0 0 0 
3 2 3 2 3 0 4 2 0 2 0 2 0 0 0 0 1 3 0 0 0 1 3 3 1 3 2 2 1 2 1 0 0 0 3 4 3 0 0 1 0 3 3 3 3 3 3 2 1 1 4 3 2 1 2 2 1 1 0 2 0 3 4 3 2 2 2 3 2 0 1 0 0 2 3 0 3 0 1 0 2 0 3 1 2 3 0 0 3 3 4 4 3 3 3 2 1 3 4 3 0 0 0 0 0 0 0 0 0 0 
#TS161
3 2 3 2 3 0 4 2 0 2 2 3 0 0 0 1 2 3 0 0 0 0 3 3 1 4 3 1 3 3 0 0 0 0 2 4 3 0 0 1 0 3 3 2 3 3 3 1 2 0 4 3 3 1 2 2 1 1 2 2 2 2 4 3 2 2 2 4 1 0 3 2 1 4 3 0 3 0 1 0 2 0 3 1 3 3 0 0 3 3 4 4 3 3 3 2 1 3 4 3 0 0 0 0 0 0 0 0 0 0 
2 2 2 3 3 0 4 2 0 2 0 3 0 0 0 1 1 3 0 0 0 0 3 3 1 4 3 1 1 3 0 0 0 0 2 4 2 0 0 1 0 3 3 3 3 4 3 3 2 0 4 3 3 1 2 2 1 2 1 2 0 3 3 3 2 2 2 3 3 0 1 1 0 2 2 0 3 0 2 0 2 0 3 1 3 3 0 0 3 3 4 4 3 3 3 2 1 4 4 2 0 0 0 0 0 0 0 0 0 0 
#TS162
0 2 3 2 3 0 4 2 0 3 0 2 0 0 0 0 1 4 0 0 0 0 1 2 1 4 3 2 1 3 1 0 0 0 2 4 3 0 0 1 0 4 2 3 3 3 3 3 2 1 4 3 3 1 2 2 1 1 0 2 0 2 4 3 2 2 2 2 4 0 1 0 0 0 2 3 0 0 1 0 2 0 3 1 3 3 0 0 0 3 4 3 3 3 3 2 1 3 4 3 0 0 0 0 0 0 0 0 0 0 
0 2 2 2 3 0 4 2 0 3 0 2 0 0 0 0 2 3 0 0 0 0 1 2 1 4 3 2 1 3 1 0 0 0 3 4 3 0 0 1 0 3 3 3 3 3 4 4 3 1 4 3 3 1 2 2 1 2 0 1 0 2 4 3 2 2 1 2 4 0 1 0 0 0 2 3 0 0 1 0 2 1 3 1 3 2 0 1 0 3 4 4 3 3 3 3 1 3 4 3 0 0 0 0 0 0 0 0 0 0 
#TS163
2 2 3 2 3 0 3 2 0 0 0 0 0 0 0 0 1 4 0 0 0 0 1 0 0 4 3 2 1 3 0 0 0 0 3 4 2 0 0 1 0 3 0 0 1 3 3 4 2 0 1 3 3 1 3 4 0 1 1 3 2 0 1 1 3 1 0 2 4 0 1 0 0 0 0 3 0 1 3 0 2 0 3 1 4 3 0 0 3 3 0 1 3 1 3 2 1 3 4 2 0 0 1 0 0 0 0 0 0 0 
2 2 3 3 3 0 4 2 0 0 0 0 0 1 0 0 1 4 0 0 0 0 1 1 0 3 3 2 1 3 0 0 0 0 2 4 1 0 0 1 0 3 0 0 1 3 4 4 2 0 2 3 3 1 2 3 0 1 2 2 3 0 0 1 3 1 1 2 4 0 1 0 0 0 0 3 0 2 3 0 3 0 3 1 3 3 0 0 4 2 0 2 3 1 1 2 1 3 4 3 0 0 1 0 0 0 0 0 0 0 
#TS164
2 2 2 3 3 0 4 2 0 2 0 3 0 0 0 1 1 3 0 0 0 0 3 3 1 4 3 1 1 3 0 0 0 0 2 4 2 0 0 1 0 3 3 3 3 4 3 3 2 0 4 3 3 1 2 2 1 2 1 2 0 3 3 3 2 2 2 3 3 0 1 1 0 2 2 0 3 0 2 0 2 0 3 1 3 3 0 0 3 3 4 4 3 3 3 2 1 4 4 2 0 0 0 0 0 0 0 0 0 0 
1 2 3 3 3 0 4 2 0 3 0 2 0 0 0 0 1 3 0 0 0 0 3 3 1 4 3 2 1 3 0 0 0 0 2 4 3 0 0 0 0 3 3 2 3 3 3 3 3 1 4 2 3 2 2 2 1 1 0 2 0 2 4 3 2 2 1 3 4 0 1 0 0 2 2 1 2 0 1 0 2 0 3 1 3 3 0 0 2 3 4 4 4 3 3 2 1 3 4 3 0 0 0 0 0 0 0 0 0 0 
#TS165
0 2 3 2 3 0 4 2 0 3 0 2 0 0 0 0 1 3 0 0 0 0 1 1 1 4 3 2 1 3 1 0 0 0 2 4 4 0 0 1 0 3 4 3 3 3 3 3 3 1 4 2 3 1 2 2 1 1 0 1 0 2 4 3 2 2 1 1 4 0 1 0 0 0 2 3 0 0 1 0 2 0 3 1 3 3 0 0 0 2 4 4 3 3 3 2 1 3 4 3 0 0 0 0 0 0 0 0 0 0 
0 1 3 2 3 0 4 2 0 3 0 2 0 0 0 0 1 3 0 0 0 0 1 1 1 4 3 3 1 3 1 0 0 0 2 4 4 0 0 1 0 3 3 3 3 3 3 3 3 0 4 3 3 1 2 2 1 1 0 1 0 2 4 3 3 2 1 2 4 0 1 0 0 0 2 3 0 0 1 0 3 0 3 1 3 4 0 0 0 3 4 4 3 3 3 2 2 3 4 3 0 0 0 0 0 0 0 0 0 0 
#TS166
0 2 3 2 3 0 4 2 0 2 0 2 0 0 0 0 1 3 0 0 0 0 1 2 1 4 3 1 1 3 0 0 0 0 2 4 3 0 0 1 0 3 3 2 3 3 3 3 2 1 4 3 3 1 2 2 1 1 0 1 0 2 4 3 2 2 1 2 4 0 1 0 0 0 2 3 0 0 1 0 2 0 3 1 3 3 0 0 0 3 4 4 3 3 3 2 1 3 4 2 0 0 0 0 0 0 0 0 0 0 
0 2 3 3 4 0 4 2 0 3 0 3 0 0 0 0 3 3 0 0 0 0 1 2 1 4 2 2 1 3 0 0 0 0 2 4 4 0 0 1 0 3 2 2 3 3 4 3 2 0 4 3 3 1 2 2 1 1 0 1 0 2 3 3 3 2 1 1 4 0 1 0 0 0 2 4 0 0 1 0 2 0 3 1 3 2 0 0 0 3 4 3 3 3 3 2 1 3 4 3 0 0 0 0 0 0 0 0 0 0 
#TS167
2 1 3 2 3 0 4 2 0 2 1 2 0 0 0 1 2 3 0 0 0 0 4 4 2 4 3 0 3 3 0 0 0 0 2 4 1 0 0 1 0 3 3 1 3 3 2 2 2 0 4 4 3 1 2 2 1 2 2 3 2 3 3 3 2 2 1 4 0 3 4 3 3 4 4 0 4 0 1 0 2 0 3 1 3 3 1 0 3 2 4 3 3 3 4 2 1 3 4 2 0 0 0 0 0 0 0 0 0 0 
3 2 3 2 3 0 4 2 0 2 2 3 0 0 0 1 2 3 0 0 0 0 3 3 1 4 3 1 3 3 0 0 0 0 2 4 3 0 0 1 0 3 3 2 3 3 3 1 2 0 4 3 3 1 2 2 1 1 2 2 2 2 4 3 2 2 2 4 1 0 3 2 1 4 3 0 3 0 1 0 2 0 3 1 3 3 0 0 3 3 4 4 3 3 3 2 1 3 4 3 0 0 0 0 0 0 0 0 0 0 
#TS168
3 2 3 3 4 0 4 2 0 3 0 2 0 0 0 3 1 3 0 0 0 0 1 0 2 1 1 0 3 1 0 0 0 1 3 0 1 0 4 1 1 0 3 3 3 3 3 2 3 3 4 2 3 1 4 2 1 2 0 2 1 3 4 3 2 2 1 2 4 0 0 0 0 2 3 0 3 0 0 0 2 0 0 1 1 1 2 4 0 1 4 4 3 3 3 1 1 3 4 3 0 0 0 0 0 0 0 1 0 0 
4 2 3 3 3 0 4 2 0 2 0 2 0 0 0 4 1 4 0 0 0 1 1 1 2 2 1 0 2 0 0 0 0 1 3 0 0 0 4 2 0 0 3 3 3 4 3 2 3 4 4 3 3 1 4 2 1 2 0 2 2 3 4 3 3 2 0 3 4 0 0 1 0 2 4 0 3 0 0 0 2 0 0 1 1 1 2 4 0 1 4 4 3 4 4 1 2 2 3 3 0 0 0 0 0 0 0 1 0 0 
#TS169
0 2 3 3 3 0 4 3 0 3 0 2 0 0 0 0 1 3 0 0 0 0 2 3 1 4 3 2 1 2 0 0 0 0 2 4 3 0 0 1 0 3 3 3 3 3 4 3 2 0 4 3 3 1 3 2 0 1 1 1 0 2 4 3 2 2 2 2 4 0 1 0 0 1 2 2 0 0 1 0 2 0 3 1 3 3 0 0 1 3 4 4 3 3 3 2 1 3 4 3 0 0 0 0 0 0 0 0 0 0 
0 2 3 3 4 0 4 2 0 3 0 2 0 0 0 0 1 3 0 0 0 1 1 2 1 3 3 3 1 3 0 0 0 0 2 4 4 0 0 1 0 3 3 3 3 3 3 3 2 0 4 2 4 1 2 2 0 1 0 1 0 2 4 3 2 2 1 2 4 0 1 0 0 0 2 3 0 0 1 0 2 0 3 1 2 3 0 0 0 3 4 4 3 3 3 3 1 3 4 3 0 0 0 0 0 0 0 0 0 0 
#TS170
0 2 3 2 3 0 4 2 0 3 0 2 0 0 0 0 1 3 0 0 0 0 1 1 1 4 3 2 1 3 1 0 0 0 2 4 3 0 0 1 0 3 2 2 3 3 4 3 2 0 4 3 3 1 2 2 1 1 0 1 0 1 4 3 2 2 0 2 4 0 1 0 0 0 2 3 0 1 1 0 2 0 3 1 3 3 0 0 0 3 4 4 3 3 3 2 1 3 4 2 0 0 0 0 0 0 0 0 0 0 
0 2 3 2 3 0 4 2 0 3 0 2 0 0 0 0 1 3 0 0 0 0 1 1 1 4 3 2 1 3 1 0 0 0 2 4 3 0 0 1 0 3 2 2 3 3 4 3 2 0 4 3 3 1 2 2 1 1 0 1 0 1 4 3 2 2 0 2 4 0 1 0 0 0 2 3 0 1 1 0 2 0 3 1 3 3 0 0 0 3 4 4 3 3 3 2 1 3 4 2 0 0 0 0 0 0 0 0 0 0 
#TS171
0 2 3 1 3 0 4 1 3 1 0 3 0 0 0 0 1 3 2 0 0 0 0 1 0 4 3 2 1 2 3 0 1 0 2 4 3 0 1 2 3 2 0 0 2 3 3 3 3 1 0 3 3 1 2 2 0 0 2 1 0 0 2 0 3 0 1 3 4 0 0 0 0 0 2 0 1 0 1 0 4 0 0 0 1 2 2 1 2 0 4 4 0 0 0 2 1 3 4 1 0 0 0 0 0 0 0 0 1 0 
0 2 2 0 3 0 4 2 3 1 0 4 0 0 0 0 0 3 2 0 0 0 0 0 0 3 3 3 1 3 3 0 1 0 2 4 3 1 2 1 3 3 0 0 2 3 3 4 3 1 0 3 3 1 2 2 1 0 2 1 0 0 1 0 4 0 1 2 4 0 0 0 0 0 1 0 1 0 2 0 4 0 0 1 0 1 4 1 2 0 4 4 0 0 0 1 1 3 4 0 0 0 0 0 0 0 0 0 1 0 
#TS172
3 4 3 4 4 0 4 2 0 3 0 3 0 0 0 1 1 3 0 0 0 0 4 3 3 3 2 0 3 2 1 0 0 1 2 3 1 1 0 1 0 2 3 3 3 3 3 2 3 2 4 3 3 1 3 2 1 1 1 3 2 4 4 3 2 2 1 4 1 0 2 3 2 4 3 0 3 0 1 0 2 0 2 1 2 1 2 2 1 3 4 4 3 3 3 2 2 3 4 2 0 0 0 0 0 0 0 0 0 0 
3 4 3 3 3 0 4 2 0 3 0 2 0 0 0 0 1 3 0 0 0 0 2 4 2 3 1 1 2 3 1 0 0 1 3 4 3 0 1 1 0 3 2 3 3 3 3 3 3 1 4 2 3 1 3 2 1 1 0 2 2 3 4 3 2 2 2 3 2 0 2 1 1 3 2 0 3 0 1 0 2 0 3 1 2 0 2 1 2 3 4 4 3 3 3 2 1 3 4 2 0 0 0 0 0 0 0 0 0 0 
#TS173
1 3 3 3 4 0 4 2 0 3 0 2 0 0 0 0 1 0 0 0 4 3 1 3 1 0 0 1 1 0 0 0 1 4 1 4 0 0 0 2 0 3 3 3 3 0 1 1 0 1 2 0 0 0 1 3 3 3 0 0 2 1 4 2 1 2 2 2 3 0 1 0 0 1 3 4 0 0 1 0 1 0 3 0 3 3 0 0 0 2 4 4 3 3 3 3 0 1 1 4 0 0 0 0 0 1 0 0 0 0 
1 2 3 3 3 0 4 2 0 3 0 2 0 0 0 0 1 0 0 0 4 2 2 3 1 0 0 1 1 0 0 0 1 3 1 4 0 0 0 1 0 3 3 3 3 0 0 1 0 1 1 0 0 1 1 3 2 3 0 0 2 1 4 3 1 2 1 2 2 0 1 0 0 2 3 3 0 0 1 0 1 0 3 0 3 3 0 0 0 2 2 3 4 4 3 2 1 1 1 3 0 0 0 0 0 1 0 0 0 0 
#TS174
0 2 3 2 3 0 4 2 0 3 0 2 0 0 0 0 1 3 0 0 0 1 1 1 1 4 3 2 1 3 1 0 0 0 3 4 4 0 0 1 0 3 3 3 2 3 3 3 3 0 4 4 3 1 2 2 1 1 0 1 0 1 4 3 2 2 1 2 4 0 1 0 0 0 2 3 0 0 1 0 2 0 3 1 3 3 0 0 0 3 4 3 3 3 3 3 1 3 4 3 0 0 0 0 0 0 0 0 0 0 
0 2 3 2 3 0 4 2 0 3 0 2 0 0 0 0 1 3 0 0 0 1 1 1 1 4 3 2 1 3 1 0 0 0 3 4 4 0 0 1 0 3 3 3 2 3 3 3 3 0 4 4 3 1 2 2 1 1 0 1 0 1 4 3 2 2 1 2 4 0 1 0 0 0 2 3 0 0 1 0 2 0 3 1 3 3 0 0 0 3 4 3 3 3 3 3 1 3 4 3 0 0 0 0 0 0 0 0 0 0 
#TS175
0 1 3 2 3 0 4 2 0 3 0 2 0 0 0 0 1 3 0 0 0 0 1 1 1 4 3 2 1 3 1 0 0 0 4 1 3 0 0 1 3 2 3 3 2 0 3 3 2 2 2 3 2 1 2 2 1 2 0 1 1 2 4 3 0 0 0 2 4 0 0 0 0 0 1 1 1 0 1 0 3 0 3 1 2 4 0 3 0 2 4 4 3 3 3 2 1 3 4 3 0 0 0 0 1 0 0 0 0 0 
0 1 4 2 3 0 4 3 0 3 0 2 0 0 0 0 1 2 0 0 0 2 1 1 1 4 2 1 1 3 1 0 0 0 2 0 2 0 0 1 3 1 3 3 3 0 2 3 1 4 1 3 0 1 2 3 3 2 0 1 1 2 4 3 0 0 0 2 4 0 0 0 0 0 1 0 1 0 1 0 4 0 3 1 3 3 1 3 0 2 4 4 3 3 3 2 0 3 4 3 0 0 0 0 1 0 0 0 0 0 
#TS176
0 2 3 2 2 0 4 1 0 3 0 2 0 0 0 0 1 3 0 0 2 0 1 1 1 3 3 2 1 3 1 0 0 0 2 1 3 0 0 1 0 1 3 3 3 3 3 3 2 1 3 3 3 1 2 2 1 1 0 0 0 1 4 3 1 2 0 2 4 0 0 0 0 0 3 2 0 0 1 0 2 0 3 2 2 0 0 0 0 3 4 4 3 3 2 2 1 0 4 3 0 0 0 1 0 0 0 0 0 0 
1 1 3 1 1 0 3 0 0 4 0 2 0 0 0 1 2 3 0 0 3 0 1 0 1 4 2 2 1 3 1 0 0 0 3 0 3 0 0 1 0 0 3 3 3 3 4 3 2 1 4 3 3 0 2 2 1 1 0 0 0 0 4 3 1 1 1 2 4 0 0 0 0 0 2 2 0 0 1 0 2 0 3 2 3 0 0 1 0 3 4 4 3 3 2 2 0 0 1 2 0 0 0 1 0 0 0 0 0 0 
#TS177
1 2 3 1 3 0 4 2 0 1 0 1 0 0 0 0 2 3 0 0 0 0 1 1 0 4 3 2 1 3 1 0 0 0 2 4 3 0 0 1 0 3 0 2 3 3 3 3 2 1 2 3 3 1 2 3 0 2 0 2 1 0 4 3 2 2 1 2 4 0 1 0 0 0 2 3 0 0 1 0 2 0 3 1 3 3 0 0 3 3 0 4 3 3 2 3 1 3 4 3 0 0 1 0 0 0 0 0 0 0 
0 2 3 2 2 0 4 2 0 1 0 0 0 0 0 0 1 3 0 0 0 0 0 0 0 4 3 2 1 3 0 0 1 0 2 4 4 0 0 1 0 3 0 1 3 3 3 4 2 1 2 3 3 1 2 3 0 1 0 1 1 0 4 2 2 2 0 2 4 0 1 0 0 0 2 3 0 0 1 0 2 0 3 1 3 3 0 0 3 3 1 3 3 2 3 2 1 3 4 4 0 0 1 0 0 0 0 0 0 0 
#TS178
0 2 3 2 3 0 4 2 0 3 0 2 0 0 0 0 1 1 0 0 3 3 1 3 1 0 1 1 0 1 0 0 1 3 2 4 2 0 0 1 0 3 3 3 3 0 2 2 0 1 3 2 0 0 2 3 3 4 0 0 2 0 4 2 2 2 1 2 4 0 1 0 0 0 2 3 0 0 1 0 2 0 3 1 4 4 0 0 0 2 4 4 3 3 3 3 2 1 2 3 0 0 0 0 0 1 0 0 0 0 
0 2 3 3 4 0 4 2 0 3 0 2 0 0 0 0 1 0 0 0 4 3 1 3 0 0 0 1 0 0 0 0 1 3 2 4 1 0 0 1 0 3 3 3 3 0 2 1 0 1 2 0 0 0 2 3 3 4 0 0 2 0 3 3 1 2 1 3 4 0 1 0 0 0 3 3 0 0 1 0 1 0 3 0 3 3 0 0 0 2 4 3 3 3 3 2 1 0 1 2 0 0 0 0 0 1 0 0 0 0 
#TS179
0 2 3 2 4 0 4 2 0 3 0 2 0 0 0 0 1 3 0 0 0 0 1 1 1 4 3 2 0 3 1 0 0 0 3 4 4 0 0 1 0 3 3 3 3 3 3 4 2 1 4 2 3 1 2 2 1 1 0 1 0 2 4 3 3 2 1 3 4 0 1 0 0 0 2 3 0 0 1 0 2 0 3 1 4 3 0 0 0 3 4 4 3 3 3 2 1 3 4 3 0 0 0 0 0 0 0 0 0 0 
0 2 3 2 4 0 4 2 0 3 0 2 0 0 0 0 1 3 0 0 0 0 1 1 1 4 3 2 0 3 1 0 0 0 3 4 4 0 0 1 0 3 3 3 3 3 3 4 2 1 4 2 3 1 2 2 1 1 0 1 0 2 4 3 3 2 1 3 4 0 1 0 0 0 2 3 0 0 1 0 2 0 3 1 4 3 0 0 0 3 4 4 3 3 3 2 1 3 4 3 0 0 0 0 0 0 0 0 0 0 
#TS180
0 2 4 2 3 0 4 3 0 3 0 2 0 0 0 0 1 0 0 0 0 3 4 4 3 4 2 1 4 3 1 0 0 0 2 1 0 0 0 1 3 1 3 4 3 0 0 0 1 4 0 1 0 1 2 3 3 3 0 1 1 3 4 4 0 0 1 4 0 1 0 4 3 4 2 0 3 0 1 0 4 0 3 1 3 2 0 3 4 2 4 4 3 3 3 2 1 3 4 2 0 0 0 0 1 0 0 0 0 0 
0 2 4 2 3 0 4 3 0 3 0 2 0 0 0 0 1 0 0 0 0 4 4 4 3 3 2 1 4 3 1 0 0 0 2 1 0 0 0 1 4 1 3 4 3 0 0 0 0 4 0 1 0 1 2 4 3 3 0 1 1 4 4 3 0 0 0 3 0 1 0 4 3 3 1 0 3 1 1 0 4 0 3 1 3 3 0 3 3 2 4 3 3 4 3 2 1 3 4 3 0 0 0 0 0 0 0 0 0 0 
#TS181
1 3 3 3 3 0 4 2 0 3 0 2 0 0 0 1 2 3 0 0 0 1 2 2 1 4 3 1 1 3 1 0 0 0 2 4 3 0 0 1 0 3 3 3 3 3 3 3 2 1 4 3 3 1 2 2 1 1 0 2 0 2 4 3 2 2 1 2 4 0 1 0 0 1 3 2 1 0 1 0 2 0 2 1 3 3 0 0 1 3 4 4 3 3 3 2 1 3 4 3 0 0 0 0 0 0 0 0 0 0 
1 3 2 3 3 0 4 2 0 3 0 3 0 0 0 0 1 3 0 0 0 1 2 3 1 4 3 2 1 3 1 0 1 0 3 4 3 0 0 1 0 3 3 3 3 3 4 3 2 0 4 2 3 1 2 2 1 1 0 1 0 3 3 3 1 2 1 3 4 0 1 0 0 1 2 2 0 0 1 0 2 0 3 1 3 3 0 0 0 3 4 4 4 3 3 2 1 3 4 3 0 0 0 0 0 0 0 0 0 0 
#TS182
1 2 3 2 2 0 4 2 0 1 0 1 0 0 0 1 2 4 0 0 0 0 1 1 1 4 3 2 1 3 1 0 0 0 2 1 3 0 2 1 0 4 2 3 3 3 3 3 0 0 4 3 3 1 2 0 1 3 0 1 0 3 3 4 2 2 2 2 4 0 1 0 0 0 2 3 3 0 1 0 2 1 3 1 4 1 0 0 0 0 4 4 3 3 3 2 1 1 4 1 0 0 0 0 0 0 1 0 0 0 
0 2 3 2 1 0 4 2 0 0 0 0 0 0 0 0 3 3 0 0 0 0 1 1 1 4 2 1 1 3 1 0 0 0 2 0 3 0 3 1 0 3 1 2 3 3 3 3 0 0 4 3 3 1 2 0 1 4 0 2 0 2 4 4 2 2 1 2 4 0 1 0 0 0 2 3 3 0 1 0 2 0 3 1 3 1 1 0 0 0 4 4 3 3 3 3 0 2 3 0 0 0 0 0 0 0 1 0 0 0 
#TS183
0 2 3 2 3 0 4 2 0 3 0 2 0 0 0 0 1 3 0 0 3 0 1 1 1 0 3 1 0 2 1 0 0 0 2 4 3 0 0 1 0 3 3 3 3 0 3 3 1 0 4 3 2 1 2 2 1 1 0 0 1 0 4 2 2 2 1 2 4 0 1 0 0 0 3 3 0 0 1 0 2 0 3 0 4 3 0 0 0 2 4 4 3 3 3 3 1 1 4 3 0 0 0 0 0 1 0 0 0 0 
0 3 2 2 3 0 4 2 0 3 0 2 0 0 0 0 1 3 0 0 3 2 1 2 1 0 2 1 0 1 0 0 0 1 2 4 3 0 0 1 0 3 3 3 2 0 2 2 0 1 4 3 0 0 1 3 3 3 0 0 1 0 4 3 2 2 1 2 4 0 1 0 0 0 3 3 0 0 1 0 2 0 3 0 3 3 0 0 1 2 4 4 3 3 3 3 1 1 2 3 0 0 0 0 0 1 0 0 0 0 
#TS184
0 1 3 1 3 0 4 2 0 3 0 2 0 0 0 0 2 3 0 0 0 0 1 1 1 4 3 2 1 3 0 0 0 1 3 4 3 0 0 1 0 3 3 3 3 3 3 3 2 1 4 4 3 1 2 2 0 1 0 1 0 2 4 2 2 2 1 2 4 0 1 0 0 0 2 4 0 0 1 0 2 0 3 1 3 3 0 0 0 3 4 4 3 3 3 2 1 4 4 3 0 0 0 0 0 0 0 0 0 0 
0 1 3 2 3 0 4 2 0 3 0 2 0 0 0 0 2 3 0 0 0 0 1 1 1 4 3 2 1 3 0 0 0 0 3 4 3 0 0 1 0 3 3 2 3 3 3 3 2 1 4 3 3 1 2 1 1 1 0 1 0 2 4 3 2 2 1 2 4 0 1 0 0 0 2 3 0 0 1 0 2 0 3 1 3 2 0 0 0 3 4 4 3 3 2 3 1 3 4 3 0 0 0 0 0 0 0 0 0 0 
#TS185
1 1 3 0 3 0 4 2 2 2 0 2 0 0 0 0 1 3 0 0 0 0 0 0 0 4 3 2 1 2 3 0 1 0 3 4 3 0 0 1 4 3 0 1 3 3 3 4 3 2 0 3 3 1 2 2 0 1 1 1 0 0 4 2 4 0 1 2 4 0 0 0 0 0 2 0 2 0 1 0 3 0 0 1 2 3 1 1 2 0 4 4 0 0 2 2 1 3 4 0 0 0 0 0 0 0 0 0 1 0 
1 1 3 0 3 0 4 2 3 2 0 2 0 0 0 0 1 4 1 0 0 0 0 0 0 4 3 2 1 3 3 0 0 0 2 3 3 0 0 1 4 3 0 0 3 3 3 3 3 1 0 3 3 1 2 2 0 1 1 1 0 0 3 1 3 0 1 2 4 0 0 0 0 0 2 0 1 0 1 0 4 0 0 1 1 2 2 1 2 0 4 4 0 0 2 2 1 3 4 1 0 0 0 0 0 0 0 0 1 0 
#TS186
0 2 3 2 3 0 4 2 0 3 0 2 0 0 0 0 1 0 0 0 0 3 3 3 2 3 2 1 4 3 1 0 1 0 2 1 0 0 0 1 4 1 3 4 3 0 0 0 1 3 0 1 0 1 2 3 3 3 0 1 1 4 4 3 0 0 1 4 1 0 0 2 2 3 1 0 2 0 1 0 3 1 2 1 3 2 0 3 0 2 4 4 2 3 3 2 2 3 4 3 0 0 0 0 1 0 0 0 0 0 
0 1 3 3 3 0 4 2 0 3 0 2 0 0 0 0 1 0 0 0 0 2 4 3 3 3 2 1 4 3 1 0 0 0 3 1 0 1 0 0 4 1 3 3 3 0 0 0 1 4 0 1 0 1 2 3 3 3 0 0 1 4 4 4 0 0 1 3 0 0 0 3 2 4 2 0 3 1 1 0 4 0 3 1 3 2 0 3 2 2 4 3 4 3 3 2 1 3 4 2 0 0 0 0 1 0 0 0 0 0 
#TS187
4 4 3 4 3 0 4 2 0 2 0 3 0 0 0 4 1 3 0 0 1 0 3 2 3 2 1 0 3 0 0 0 0 1 2 0 0 0 3 1 1 0 3 3 3 3 3 2 4 4 4 2 3 1 3 2 1 2 1 3 2 4 4 3 2 2 1 4 2 0 0 3 0 3 4 0 3 0 0 0 2 0 0 1 1 1 1 4 0 1 4 4 3 4 4 1 2 3 4 3 0 0 0 0 0 0 0 1 0 0 
4 4 3 4 3 0 4 4 0 2 0 3 0 0 0 4 1 3 0 0 0 1 3 2 2 2 1 0 4 1 0 0 0 0 3 0 0 0 4 1 0 0 3 3 3 2 4 2 3 4 4 3 3 1 3 2 1 2 2 4 2 4 4 3 2 2 1 3 2 0 0 3 0 3 4 0 4 0 0 0 2 0 1 0 1 0 2 3 0 1 4 4 3 4 4 0 2 2 4 3 0 0 0 0 0 0 0 1 0 0 
#TS188
2 0 3 1 0 0 4 0 0 3 0 3 0 0 0 1 4 4 0 0 3 0 1 0 0 4 2 2 1 3 0 0 1 0 2 0 3 0 0 1 0 0 2 2 3 3 3 3 2 1 4 3 4 0 2 2 1 2 0 0 0 0 4 3 1 2 1 2 4 0 0 0 0 0 3 2 0 0 1 0 1 1 3 3 3 0 0 0 0 3 4 4 2 2 3 2 1 0 0 3 0 0 0 1 0 0 0 0 0 0 
3 0 3 1 0 0 4 0 0 2 1 3 0 0 0 1 3 3 0 0 4 0 0 0 0 4 3 2 1 4 1 0 0 0 2 0 1 0 0 1 0 0 3 3 3 3 3 3 2 1 4 2 3 0 2 2 1 1 0 0 1 0 4 3 1 2 0 1 4 0 0 0 0 0 3 2 0 0 1 0 1 3 3 3 3 0 0 0 0 2 3 4 3 3 3 2 1 0 0 3 0 0 0 1 0 0 0 0 0 0 
#TS189
0 2 3 2 3 0 4 2 0 3 0 2 0 0 0 0 1 3 0 0 0 0 1 1 1 4 3 2 1 3 0 0 1 0 2 4 4 0 0 1 0 3 3 3 3 3 4 3 2 1 4 3 2 1 3 2 1 1 0 1 0 2 4 3 2 2 1 2 4 0 1 0 0 0 2 3 0 0 1 0 2 0 3 1 3 3 0 0 0 3 4 4 3 3 3 1 1 3 4 3 0 0 0 0 0 0 0 0 0 0 
0 1 3 2 3 0 4 2 0 3 0 2 0 0 0 0 1 3 0 0 0 0 1 1 1 4 3 2 0 3 1 0 0 0 2 3 3 0 0 2 0 3 3 3 3 3 4 3 2 1 4 3 3 1 2 1 1 1 0 1 0 2 3 3 2 2 2 2 4 0 1 0 0 0 2 3 0 0 1 0 2 0 3 1 3 2 0 0 0 3 3 4 4 3 3 3 1 3 4 3 0 0 0 0 0 0 0 0 0 0 
#TS190
2 1 3 2 2 0 4 2 0 0 1 0 0 1 0 2 3 3 0 0 0 0 4 4 4 4 3 0 4 3 0 0 0 0 2 0 0 0 3 1 0 3 1 1 3 3 3 1 0 0 4 3 3 1 2 0 1 3 1 3 2 3 4 3 2 2 1 3 0 4 3 3 2 4 3 1 4 0 1 0 2 0 3 1 2 0 0 0 2 0 3 4 3 4 3 3 1 2 3 0 0 0 0 0 0 0 1 0 0 0 
2 1 4 2 1 0 4 2 0 0 1 1 0 1 0 1 3 3 0 0 0 0 4 4 2 3 3 1 4 3 0 0 0 0 3 0 0 0 2 1 0 3 1 1 3 3 3 2 0 0 4 3 3 1 2 0 0 3 1 4 2 4 3 3 2 2 1 3 0 3 3 3 4 4 2 0 4 1 1 0 2 0 3 1 3 1 0 0 3 0 4 4 3 3 3 2 2 3 4 1 0 0 0 0 0 0 1 0 0 0 
#TS191
1 2 3 2 3 0 4 2 1 3 0 3 0 0 0 0 1 3 1 2 0 0 0 2 2 3 2 3 1 2 0 0 0 0 2 4 4 1 1 1 0 3 3 2 3 4 3 4 3 0 4 3 3 1 2 2 1 0 3 2 3 1 1 0 3 1 1 2 4 0 1 0 0 0 0 3 0 3 4 4 2 0 3 1 2 0 2 2 0 2 4 4 3 0 0 1 0 3 4 3 0 0 0 0 0 0 0 0 0 0 
0 1 3 2 4 0 4 2 0 3 0 3 0 0 0 0 1 3 1 2 0 1 0 2 1 4 3 4 1 3 0 0 0 0 2 4 3 0 0 1 0 3 3 2 3 3 4 3 3 1 4 2 3 2 2 2 1 1 2 2 0 1 3 1 3 1 0 2 4 0 1 0 0 0 0 2 0 2 3 1 2 0 3 1 3 0 3 0 0 2 4 4 4 1 2 2 1 3 4 2 0 0 0 0 0 0 0 0 0 0 
#TS192
0 1 3 2 3 0 4 2 0 3 0 2 0 0 0 0 1 3 0 0 0 0 1 1 1 4 3 2 0 3 1 0 0 0 2 3 3 0 0 2 0 3 3 3 3 3 4 3 2 1 4 3 3 1 2 1 1 1 0 1 0 2 3 3 2 2 2 2 4 0 1 0 0 0 2 3 0 0 1 0 2 0 3 1 3 2 0 0 0 3 3 4 4 3 3 3 1 3 4 3 0 0 0 0 0 0 0 0 0 0 
0 1 3 2 3 0 4 2 0 3 0 2 0 0 0 0 1 3 0 0 0 0 1 1 1 4 3 2 0 3 1 0 0 0 2 3 3 0 0 2 0 3 3 3 3 3 4 3 2 1 4 3 3 1 2 1 1 1 0 1 0 2 3 3 2 2 2 2 4 0 1 0 0 0 2 3 0 0 1 0 2 0 3 1 3 2 0 0 0 3 3 4 4 3 3 3 1 3 4 3 0 0 0 0 0 0 0 0 0 0 
#TS193
3 2 3 2 3 0 4 2 0 2 0 2 0 0 0 0 1 3 0 0 0 1 3 3 1 3 2 2 1 2 1 0 0 0 3 4 3 0 0 1 0 3 3 3 3 3 3 2 1 1 4 3 2 1 2 2 1 1 0 2 0 3 4 3 2 2 2 3 2 0 1 0 0 2 3 0 3 0 1 0 2 0 3 1 2 3 0 0 3 3 4 4 3 3 3 2 1 3 4 3 0 0 0 0 0 0 0 0 0 0 
0 2 3 3 3 0 4 3 0 3 0 2 0 0 0 0 1 4 0 0 0 0 2 3 1 4 3 2 1 3 1 0 0 0 3 4 3 0 0 3 0 3 3 3 3 3 3 3 2 1 4 3 2 1 3 2 1 1 0 1 0 2 4 3 2 2 1 2 3 0 1 0 0 1 3 2 1 0 1 0 3 0 4 1 2 2 0 0 3 3 4 4 3 3 2 2 1 3 4 3 0 0 0 0 0 0 0 0 0 0 
#TS194
0 1 3 2 3 0 4 2 1 1 0 3 0 2 0 4 3 3 0 0 0 0 2 2 1 4 4 2 1 3 1 0 0 0 4 1 3 0 0 1 0 3 2 3 3 2 3 3 2 0 4 3 3 1 2 0 1 1 0 1 0 2 4 2 2 2 1 1 4 0 1 0 0 0 2 3 0 0 1 0 2 0 3 1 3 3 0 0 0 4 1 3 1 3 3 3 1 3 4 2 0 1 0 0 0 0 0 0 0 0 
0 2 3 2 4 0 4 2 1 0 0 2 0 2 0 3 3 4 0 0 0 0 1 1 1 3 4 2 1 3 1 0 0 0 3 0 3 0 0 1 0 3 1 2 3 3 3 4 1 1 4 3 3 1 2 0 1 1 0 1 0 2 4 2 3 2 1 2 3 0 1 0 0 0 2 3 0 0 1 0 3 0 3 1 3 3 0 0 0 4 1 3 1 2 2 2 1 4 4 4 0 1 0 0 0 0 0 0 0 0 
#TS195
1 1 3 3 3 0 4 2 0 0 0 0 0 0 0 0 2 4 0 0 0 0 1 0 0 4 3 2 1 3 0 0 0 0 3 4 3 0 0 1 0 3 0 0 1 3 3 3 2 0 2 3 3 1 2 3 0 1 0 2 2 0 1 1 3 1 0 3 4 0 1 0 0 0 0 3 0 1 3 0 2 0 3 1 3 3 0 0 4 3 0 1 3 2 2 2 1 3 4 3 0 0 1 0 0 0 0 0 0 0 
2 2 3 2 3 0 3 2 0 0 0 0 0 0 0 0 1 4 0 0 0 0 1 0 0 4 3 2 1 3 0 0 0 0 3 4 2 0 0 1 0 3 0 0 1 3 3 4 2 0 1 3 3 1 3 4 0 1 1 3 2 0 1 1 3 1 0 2 4 0 1 0 0 0 0 3 0 1 3 0 2 0 3 1 4 3 0 0 3 3 0 1 3 1 3 2 1 3 4 2 0 0 1 0 0 0 0 0 0 0 
#TS196
1 3 3 2 3 0 4 2 2 0 0 2 0 2 0 4 3 4 0 0 0 0 1 1 1 3 3 3 1 3 1 0 0 0 3 0 1 0 1 1 0 3 1 1 2 2 2 3 2 1 4 3 2 2 2 0 1 1 0 1 0 1 4 0 3 2 1 2 4 0 1 0 0 0 3 3 0 0 1 0 2 0 3 1 2 3 0 0 0 3 0 2 2 1 1 2 1 3 4 3 0 1 0 0 0 0 0 0 0 0 
2 2 3 2 3 0 4 3 2 0 0 2 0 1 0 4 4 3 0 0 0 0 1 1 1 4 4 4 2 2 0 0 0 0 2 0 0 0 0 1 0 3 0 0 3 3 3 3 2 1 4 3 1 1 2 0 1 1 0 1 0 2 3 0 2 2 1 2 4 0 1 0 0 0 2 2 0 0 1 0 2 0 2 1 3 2 0 0 0 3 0 1 1 0 1 2 1 3 4 3 0 1 0 0 0 0 0 0 0 0 
#TS197
1 2 3 3 3 0 4 2 0 3 0 2 0 0 0 0 1 0 0 0 4 2 2 3 1 0 0 1 1 0 0 0 1 3 1 4 0 0 0 1 0 3 3 3 3 0 0 1 0 1 1 0 0 1 1 3 2 3 0 0 2 1 4 3 1 2 1 2 2 0 1 0 0 2 3 3 0 0 1 0 1 0 3 0 3 3 0 0 0 2 2 3 4 4 3 2 1 1 1 3 0 0 0 0 0 1 0 0 0 0 
1 2 3 4 3 0 4 2 0 3 0 2 0 0 0 0 1 0 0 0 3 3 2 4 1 0 0 1 1 0 0 0 2 4 1 4 0 0 0 3 0 3 3 3 3 0 0 0 0 2 2 0 0 1 1 3 2 4 0 0 2 1 3 3 2 2 1 2 1 0 2 1 0 2 4 3 0 0 1 0 1 0 3 0 3 2 0 0 0 2 4 4 3 3 3 2 1 1 1 3 0 0 0 0 0 1 0 0 0 0 
#TS198
0 1 4 3 3 0 4 4 0 3 0 1 0 0 0 0 1 0 0 0 0 3 4 4 3 4 2 1 3 3 1 0 1 0 2 0 0 0 0 1 3 1 3 3 3 0 0 0 1 4 0 1 0 1 2 3 3 4 0 0 1 4 4 3 0 0 1 3 0 1 0 4 3 3 1 0 4 0 1 0 4 0 3 1 3 3 0 3 4 1 4 4 3 2 3 2 1 3 4 3 0 0 0 0 1 0 0 0 0 0 
0 2 4 2 3 0 4 3 0 3 0 2 0 0 0 0 1 0 0 0 0 3 4 4 3 4 2 1 4 3 1 0 0 0 2 1 0 0 0 1 3 1 3 4 3 0 0 0 1 4 0 1 0 1 2 3 3 3 0 1 1 3 4 4 0 0 1 4 0 1 0 4 3 4 2 0 3 0 1 0 4 0 3 1 3 2 0 3 4 2 4 4 3 3 3 2 1 3 4 2 0 0 0 0 1 0 0 0 0 0 
#TS199
2 2 3 2 3 0 4 3 0 0 0 2 0 1 0 0 1 0 0 0 0 3 4 3 1 4 3 0 4 3 0 0 0 0 2 4 0 0 0 1 3 3 1 3 3 0 0 0 0 1 2 0 1 1 2 4 3 3 0 0 0 3 4 3 2 2 1 3 0 0 3 1 2 3 4 1 0 0 1 0 2 0 3 2 3 2 0 0 3 3 4 4 3 2 3 2 1 3 4 3 1 0 0 0 0 0 0 0 0 0 
3 2 3 1 3 0 4 3 0 0 0 3 0 0 0 0 1 0 0 0 0 2 3 3 2 4 3 1 4 3 0 0 0 0 2 4 0 0 0 1 3 3 2 3 3 0 0 0 1 1 2 0 1 1 2 3 3 3 0 0 0 4 3 2 2 2 1 3 0 0 4 1 3 2 3 1 0 0 1 0 3 1 3 2 3 1 0 0 3 3 4 4 4 2 3 2 1 4 4 3 1 0 0 0 0 0 0 0 0 0 
#TS200
1 3 3 3 3 0 4 2 0 4 0 2 0 0 0 0 1 0 0 0 3 3 2 3 1 0 0 1 2 0 0 0 2 4 1 4 0 0 0 1 0 3 3 4 3 0 0 0 0 1 2 0 0 1 0 3 3 3 0 0 1 0 4 3 1 3 2 3 0 0 3 2 0 3 4 2 2 0 1 0 2 0 3 0 3 2 0 0 1 2 2 4 4 3 3 3 2 1 1 3 0 0 0 0 0 0 0 0 0 0 
2 3 3 4 3 0 4 2 0 3 0 2 0 0 0 0 1 1 0 0 1 2 3 3 1 4 0 2 2 0 0 1 2 3 1 4 2 0 0 1 0 3 3 3 3 2 1 0 0 1 3 1 0 1 2 3 3 4 0 0 1 3 4 3 1 2 1 4 1 0 3 2 1 3 4 1 2 0 1 0 2 0 3 0 3 3 0 0 0 3 4 4 3 3 3 2 1 3 2 4 0 0 0 0 0 0 0 0 0 0 
#TS201
0 2 3 2 4 0 4 2 1 0 0 2 0 2 0 3 3 4 0 0 0 0 1 1 1 3 4 2 1 3 1 0 0 0 3 0 3 0 0 1 0 3 1 2 3 3 3 4 1 1 4 3 3 1 2 0 1 1 0 1 0 2 4 2 3 2 1 2 3 0 1 0 0 0 2 3 0 0 1 0 3 0 3 1 3 3 0 0 0 4 1 3 1 2 2 2 1 4 4 4 0 1 0 0 0 0 0 0 0 0 
0 2 2 2 3 0 4 2 2 0 0 2 0 2 0 4 4 3 1 0 0 0 1 1 1 4 3 3 1 3 1 0 0 0 2 0 2 0 0 1 0 3 0 1 3 2 3 3 2 1 4 3 2 1 2 0 1 2 0 2 0 1 4 1 2 2 1 2 3 0 1 0 0 0 2 3 0 0 1 0 2 0 3 1 4 3 0 0 0 2 0 3 1 1 2 2 1 3 4 3 0 1 0 0 0 0 0 0 0 0 
#TS202
0 2 3 2 3 0 4 2 0 3 0 2 0 0 0 0 1 3 0 0 0 0 1 2 1 4 3 2 1 3 1 0 0 0 2 4 3 0 0 1 0 3 2 2 3 3 3 3 2 1 4 3 3 1 2 2 1 1 0 1 0 2 4 3 3 1 2 2 4 0 1 0 0 0 2 3 0 0 1 0 2 0 3 1 3 3 0 0 0 3 4 4 3 3 4 2 2 4 4 3 0 0 0 0 0 0 0 0 0 0 
0 1 3 2 3 0 4 2 0 3 0 2 0 0 0 0 1 3 0 0 0 0 0 1 1 4 2 3 0 3 1 0 0 0 2 4 3 0 0 1 0 3 3 3 3 3 3 3 2 0 4 3 3 1 2 2 1 1 0 1 0 2 4 3 3 2 1 2 4 0 1 0 0 0 2 3 0 0 1 0 2 0 3 1 3 3 0 0 0 3 4 4 3 3 3 2 1 3 4 2 0 0 0 0 0 0 0 0 0 0 
#TS203
3 3 3 4 3 0 4 3 0 3 0 3 0 0 0 0 1 2 0 0 0 2 3 3 1 4 3 2 2 3 0 0 0 0 2 4 3 0 0 1 0 3 3 2 3 3 3 1 1 1 4 2 1 1 2 2 1 1 0 2 1 2 4 3 1 2 2 3 2 0 2 1 1 3 4 1 2 0 1 0 2 0 3 1 3 3 0 0 4 2 4 4 3 3 3 2 1 3 4 3 0 0 0 0 0 0 0 0 0 0 
2 2 4 3 3 0 4 2 0 3 0 2 0 0 0 0 1 2 0 0 0 0 3 2 1 4 3 2 1 3 0 0 0 0 3 4 2 0 0 1 0 3 3 2 3 3 3 3 2 1 4 2 2 1 2 2 1 1 0 1 0 2 3 3 1 2 1 3 3 0 1 0 0 2 2 1 2 0 1 0 2 0 3 1 3 4 0 0 3 3 4 4 4 3 3 2 1 3 4 3 0 0 0 0 0 0 0 0 0 0 
#TS204
4 3 3 3 3 0 4 3 0 3 0 2 0 0 0 4 1 3 1 0 0 0 2 1 3 2 1 0 3 1 0 0 1 1 3 0 0 0 3 1 0 0 3 3 4 3 3 3 4 4 4 3 3 1 3 2 1 2 1 2 2 4 4 3 2 2 1 2 2 0 0 2 0 3 3 0 4 0 0 0 2 0 0 1 1 1 2 4 0 1 4 4 3 3 4 1 2 3 3 4 0 0 0 0 0 0 0 1 0 0 
4 4 3 4 3 0 4 2 0 2 0 3 0 0 0 4 1 3 0 0 1 0 3 2 3 2 1 0 3 0 0 0 0 1 2 0 0 0 3 1 1 0 3 3 3 3 3 2 4 4 4 2 3 1 3 2 1 2 1 3 2 4 4 3 2 2 1 4 2 0 0 3 0 3 4 0 3 0 0 0 2 0 0 1 1 1 1 4 0 1 4 4 3 4 4 1 2 3 4 3 0 0 0 0 0 0 0 1 0 0 
#TS205
0 2 2 2 3 0 4 2 2 0 0 2 0 2 0 4 4 3 1 0 0 0 1 1 1 4 3 3 1 3 1 0 0 0 2 0 2 0 0 1 0 3 0 1 3 2 3 3 2 1 4 3 2 1 2 0 1 2 0 2 0 1 4 1 2 2 1 2 3 0 1 0 0 0 2 3 0 0 1 0 2 0 3 1 4 3 0 0 0 2 0 3 1 1 2 2 1 3 4 3 0 1 0 0 0 0 0 0 0 0 
1 3 3 2 3 0 4 2 2 0 0 2 0 2 0 4 3 4 0 0 0 0 1 1 1 3 3 3 1 3 1 0 0 0 3 0 1 0 1 1 0 3 1 1 2 2 2 3 2 1 4 3 2 2 2 0 1 1 0 1 0 1 4 0 3 2 1 2 4 0 1 0 0 0 3 3 0 0 1 0 2 0 3 1 2 3 0 0 0 3 0 2 2 1 1 2 1 3 4 3 0 1 0 0 0 0 0 0 0 0 
#TS206
1 1 3 1 0 0 4 0 0 2 0 3 0 0 0 0 3 3 0 0 3 0 0 0 1 4 2 1 1 4 1 0 0 0 3 0 3 0 0 1 0 1 3 3 3 4 3 3 2 1 3 3 4 0 2 2 1 1 0 0 0 0 4 3 1 2 1 2 4 0 0 0 0 0 3 1 0 1 1 0 2 2 3 2 3 0 1 0 0 3 4 4 3 3 3 2 0 0 1 3 0 0 0 1 0 0 0 0 0 0 
2 0 3 1 0 0 4 0 0 3 0 3 0 0 0 1 4 4 0 0 3 0 1 0 0 4 2 2 1 3 0 0 1 0 2 0 3 0 0 1 0 0 2 2 3 3 3 3 2 1 4 3 4 0 2 2 1 2 0 0 0 0 4 3 1 2 1 2 4 0 0 0 0 0 3 2 0 0 1 0 1 1 3 3 3 0 0 0 0 3 4 4 2 2 3 2 1 0 0 3 0 0 0 1 0 0 0 0 0 0 
#TS207
1 2 3 2 3 0 4 2 0 3 0 3 0 0 0 3 1 3 0 0 0 1 1 1 1 1 2 0 1 3 0 0 0 0 3 0 2 0 4 1 1 0 3 3 3 3 4 3 4 4 4 3 3 1 4 2 1 2 0 1 0 3 4 3 2 2 1 2 4 0 0 0 0 0 3 0 3 0 0 0 2 0 1 1 2 2 1 4 0 1 4 4 3 4 4 1 1 3 4 3 0 0 0 0 0 0 0 1 0 0 
3 2 3 2 4 0 4 2 0 3 0 2 0 0 0 4 1 3 0 0 0 0 1 1 2 2 1 0 1 2 0 0 1 1 2 0 1 0 3 3 0 0 3 3 3 3 4 4 3 3 4 3 3 1 4 2 1 2 0 1 0 3 4 2 2 2 1 2 4 0 0 0 0 0 4 0 3 0 0 0 2 0 0 1 2 2 1 4 0 1 4 4 3 3 4 0 2 3 4 2 0 0 0 0 0 0 0 1 0 0 
#TS208
1 2 3 2 3 0 4 2 0 3 0 2 0 0 0 0 1 2 0 0 0 1 1 1 1 4 3 2 1 3 1 0 0 0 2 4 3 0 0 1 0 3 3 3 3 3 3 3 2 0 4 3 3 1 3 2 0 1 0 1 0 2 4 3 2 2 1 2 4 0 1 0 0 0 2 4 0 0 1 0 2 0 3 1 3 3 0 0 0 3 4 4 3 2 2 2 0 3 4 2 0 0 0 0 0 0 0 0 0 0 
0 1 3 2 3 0 4 2 0 3 0 3 0 0 0 0 2 3 0 0 0 0 1 1 1 4 3 2 1 3 1 0 0 0 2 4 3 0 0 3 0 3 2 3 3 3 4 4 3 1 4 3 3 1 2 2 1 1 0 1 0 2 4 3 1 2 0 2 4 0 1 0 0 0 2 3 0 0 1 0 3 0 3 1 3 3 0 0 0 3 4 4 3 2 3 3 1 3 4 2 0 0 0 0 0 0 0 0 0 0 
#TS209
0 2 3 3 3 0 4 2 0 3 0 3 0 0 0 0 1 3 0 0 0 0 2 3 1 4 3 1 1 3 1 0 0 0 2 4 4 0 0 1 0 3 3 3 3 4 3 3 2 1 4 4 2 1 2 2 1 1 0 1 0 2 4 3 2 2 1 3 4 0 1 0 0 1 2 2 0 0 1 0 2 0 3 1 3 3 0 0 1 3 4 4 3 3 3 2 1 3 4 4 0 0 0 0 0 0 0 0 0 0 
0 2 3 2 3 0 4 2 0 3 0 2 0 0 0 0 1 3 0 0 0 0 1 2 1 4 3 2 1 3 1 0 0 0 2 4 3 0 0 1 0 3 2 2 3 3 3 3 2 1 4 3 3 1 2 2 1 1 0 1 0 2 4 3 3 1 2 2 4 0 1 0 0 0 2 3 0 0 1 0 2 0 3 1 3 3 0 0 0 3 4 4 3 3 4 2 2 4 4 3 0 0 0 0 0 0 0 0 0 0 
#TS210
0 2 3 2 3 0 4 2 0 3 0 2 0 0 0 0 1 3 0 0 0 0 1 1 1 4 3 2 1 3 1 0 0 0 2 4 3 0 0 1 0 3 3 3 3 3 3 3 2 1 4 3 3 1 2 2 1 1 0 1 0 2 4 3 2 2 1 2 4 0 1 0 0 0 2 3 0 0 1 0 2 0 3 1 3 3 0 0 0 3 4 4 3 3 3 2 1 3 4 3 0 1 0 0 0 0 0 0 0 0 
0 1 3 2 3 0 4 2 1 1 0 3 0 2 0 4 3 3 0 0 0 0 2 2 1 4 4 2 1 3 1 0 0 0 4 1 3 0 0 1 0 3 2 3 3 2 3 3 2 0 4 3 3 1 2 0 1 1 0 1 0 2 4 2 2 2 1 1 4 0 1 0 0 0 2 3 0 0 1 0 2 0 3 1 3 3 0 0 0 4 1 3 1 3 3 3 1 3 4 2 0 1 0 0 0 0 0 0 0 0 
#TS211
0 2 3 2 3 0 4 2 0 3 0 2 0 0 0 0 1 3 0 0 0 0 1 1 1 4 3 2 1 3 1 0 0 0 2 4 3 0 0 1 0 3 2 4 3 3 4 3 2 1 4 3 3 1 2 2 1 1 0 1 0 2 4 3 1 2 0 2 4 0 1 0 0 0 2 3 0 0 1 0 2 0 3 1 3 2 1 0 0 3 4 4 3 3 3 2 1 3 4 4 0 0 0 0 0 0 0 0 0 0 
0 2 3 2 3 0 4 2 0 3 0 2 0 0 0 0 1 3 0 0 0 0 1 1 1 4 3 2 1 3 1 0 0 0 2 4 3 0 0 1 0 3 2 4 3 3 4 3 2 1 4 3 3 1 2 2 1 1 0 1 0 2 4 3 1 2 0 2 4 0 1 0 0 0 2 3 0 0 1 0 2 0 3 1 3 2 1 0 0 3 4 4 3 3 3 2 1 3 4 4 0 0 0 0 0 0 0 0 0 0 
