#TS1
3 0 2 3 2 3 2 0 2 1 3 2 3 1 3 1 2 1 1 3 2 0 4 2 0 0 1 3 2 3 2 2 1 3 4 1 2 3 3 2 0 1 2 4 3 0 2 3 2 3 1 4 0 3 4 1 2 4 2 3 3 3 2 1 1 3 1 2 2 1 1 0 0 2 2 1 0 1 3 1 2 1 3 1 2 3 1 3 4 3 1 1 3 3 3 4 1 3 3 3 0 0 0 0 0 0 0 0 0 0 
3 0 2 3 2 3 2 0 2 1 3 2 3 1 3 1 2 1 1 3 2 0 4 2 0 0 1 3 2 3 2 2 1 3 4 1 2 3 3 2 0 1 2 4 3 0 2 3 2 3 1 4 0 3 4 1 2 4 2 3 3 3 2 1 1 3 1 2 2 1 1 0 0 2 2 1 0 1 3 1 2 1 3 1 2 3 1 3 4 3 1 1 3 3 3 4 1 3 3 3 0 0 0 0 0 0 0 0 0 0 
#TS2
2 0 3 0 1 3 2 1 3 0 3 3 3 2 1 2 1 2 2 3 1 0 3 2 1 2 1 3 2 3 4 2 0 3 4 1 3 3 3 0 0 0 2 4 2 0 1 3 2 4 0 4 3 0 3 0 2 4 2 3 3 3 1 1 1 3 1 2 1 1 1 0 0 2 2 1 1 1 3 1 2 0 3 0 2 3 0 3 4 3 1 2 2 3 4 0 3 3 3 3 0 0 0 0 0 0 0 1 0 0 
2 0 3 0 1 3 3 0 2 0 3 3 3 2 2 1 1 1 1 3 0 0 3 2 1 2 1 3 2 2 4 2 0 3 3 1 4 3 3 0 0 1 3 4 4 0 1 3 2 3 0 4 3 0 4 0 1 4 2 4 3 3 1 1 1 3 2 2 1 0 1 0 0 2 2 0 1 1 3 0 2 0 3 1 2 3 0 3 4 3 1 1 1 3 4 0 3 3 3 3 0 0 0 0 0 0 0 1 0 0 
#TS3
4 0 2 3 2 1 3 0 1 0 3 0 2 0 2 3 2 2 1 3 4 1 4 4 0 0 1 1 0 3 2 3 1 0 1 0 2 1 2 0 1 2 2 4 3 0 4 0 2 0 1 0 3 3 4 0 2 4 3 3 3 0 2 1 1 2 4 2 0 4 1 3 1 4 0 4 0 1 3 1 2 0 3 0 2 3 1 3 4 3 1 2 2 4 4 4 1 3 3 3 0 0 0 0 0 0 0 0 0 1 
3 0 2 3 2 0 3 0 2 0 3 0 1 0 2 3 2 2 1 3 4 1 4 3 0 0 1 1 0 3 1 3 1 0 1 0 1 2 2 0 1 2 2 4 3 0 3 0 2 0 1 0 4 3 4 0 2 4 2 3 3 0 2 0 1 2 3 3 0 4 1 3 1 3 0 3 0 1 3 2 3 0 3 1 3 3 1 3 4 3 1 2 2 4 4 4 2 3 3 3 0 0 0 0 0 0 0 0 0 0 
#TS4
3 0 1 0 0 4 2 0 1 1 3 3 3 1 3 0 2 1 3 3 0 4 3 2 0 0 0 3 2 0 4 3 0 3 3 1 2 3 4 2 0 1 1 4 2 0 1 2 2 3 1 4 0 1 2 1 2 2 1 3 3 3 2 1 1 3 1 2 1 0 0 0 0 1 2 1 0 1 2 0 3 3 3 0 0 2 0 3 4 3 1 1 2 3 4 1 0 3 3 3 1 0 0 0 0 0 0 0 0 0 
1 0 1 0 0 3 1 0 1 1 3 3 3 2 3 1 2 2 3 3 0 3 4 2 0 2 0 3 2 0 4 3 1 3 1 1 2 4 4 2 0 1 1 4 2 0 1 2 2 4 0 4 0 0 2 2 1 1 0 4 4 3 1 1 1 3 1 2 1 0 0 0 0 1 2 1 0 1 3 0 2 3 3 0 0 3 1 3 3 4 1 0 2 3 4 1 0 3 3 3 1 0 0 0 0 0 0 0 0 0 
#TS5
3 0 2 2 2 3 3 0 2 2 3 3 2 1 3 1 2 2 1 3 2 0 4 2 0 0 1 3 2 3 3 4 1 4 4 1 2 3 3 2 0 0 2 4 3 0 1 2 2 3 1 4 0 2 4 0 2 4 2 3 3 3 2 1 1 2 1 2 1 0 1 0 0 2 2 1 0 2 3 1 4 1 3 1 2 3 1 3 4 3 1 2 2 3 4 4 1 3 3 3 0 0 0 0 0 0 0 0 0 0 
3 0 2 2 2 3 3 0 2 2 3 3 2 1 3 1 2 2 1 3 2 0 4 2 0 0 1 3 2 3 3 4 1 4 4 1 2 3 3 2 0 0 2 4 3 0 1 2 2 3 1 4 0 2 4 0 2 4 2 3 3 3 2 1 1 2 1 2 1 0 1 0 0 2 2 1 0 2 3 1 4 1 3 1 2 3 1 3 4 3 1 2 2 3 4 4 1 3 3 3 0 0 0 0 0 0 0 0 0 0 
#TS6
3 0 2 3 3 3 3 1 2 2 2 1 2 1 2 1 2 2 1 3 3 1 4 1 0 0 1 3 2 3 3 3 1 2 4 1 2 3 4 2 0 1 2 4 2 0 1 3 2 3 1 4 1 4 4 0 3 4 1 3 3 3 2 1 1 3 1 2 2 1 1 1 0 2 2 1 0 1 3 1 2 0 3 1 2 3 1 3 4 3 2 2 3 4 4 4 1 3 3 3 0 0 0 0 0 0 0 0 0 0 
3 0 2 3 2 3 3 0 2 1 3 1 2 0 2 1 2 2 1 3 4 0 4 2 0 0 0 3 2 3 3 3 1 3 4 2 3 2 4 2 0 1 2 4 2 0 1 3 1 2 1 4 1 3 4 0 2 4 2 4 3 3 2 1 1 3 1 2 3 1 1 0 0 2 1 1 0 1 3 1 2 0 3 1 2 3 1 2 3 2 1 2 2 3 4 4 0 3 3 3 0 0 0 0 0 0 0 0 0 0 
#TS7
3 0 2 3 2 3 3 0 2 1 3 4 3 1 3 1 2 2 1 4 2 0 4 2 0 0 1 3 2 3 3 3 1 3 4 1 2 3 3 2 0 1 1 4 3 0 1 3 2 3 0 4 0 3 4 0 2 3 1 3 3 3 2 1 1 3 1 2 1 1 1 0 0 2 2 1 0 1 3 1 2 0 3 0 3 3 1 3 4 3 2 2 2 3 3 4 1 2 3 3 0 0 0 0 0 0 0 0 0 0 
3 0 2 3 2 3 3 0 2 1 3 3 3 1 3 1 2 1 0 3 2 0 4 3 0 0 1 3 2 3 3 3 1 3 4 1 2 3 3 2 0 1 2 4 3 0 1 3 3 3 1 4 0 3 3 0 2 3 2 3 2 3 2 1 1 3 3 1 1 1 1 0 0 2 2 1 0 1 3 1 2 1 3 1 2 3 1 3 4 3 1 2 2 3 3 4 1 3 3 3 0 0 0 0 0 0 0 0 0 0 
#TS8
3 0 2 3 2 3 3 0 1 1 3 3 3 1 3 1 2 2 1 3 2 0 4 2 0 0 1 3 2 3 3 2 0 3 4 1 2 3 3 2 0 1 2 4 2 0 1 3 3 3 1 4 0 3 4 0 2 4 2 3 3 3 1 1 1 3 1 2 1 1 1 0 0 2 2 1 0 1 3 1 2 0 3 1 2 3 1 3 4 3 1 2 2 3 4 4 1 3 3 3 0 0 0 0 0 0 0 0 0 0 
3 0 2 3 2 3 3 0 2 1 3 3 3 1 3 2 2 1 1 4 2 0 4 2 0 0 1 3 2 3 3 3 2 3 4 1 2 3 3 1 0 1 2 4 2 0 1 3 2 4 1 4 0 3 3 0 3 4 2 3 3 3 2 1 1 3 1 2 1 0 1 1 0 2 1 1 0 1 3 1 3 1 3 0 2 3 1 3 4 3 1 2 2 4 4 4 1 3 2 3 0 0 0 0 0 0 0 0 0 0 
#TS9
3 0 2 3 2 3 3 0 2 1 3 3 3 1 3 1 2 2 1 3 2 0 4 2 0 0 1 3 2 3 3 3 1 3 4 1 2 3 3 2 0 1 2 4 3 0 1 3 2 3 1 4 0 3 4 0 2 4 2 3 3 3 2 1 1 3 1 2 1 1 1 0 0 2 2 1 0 1 3 1 2 0 3 1 2 3 1 3 4 3 1 2 2 3 4 4 1 3 3 3 0 0 0 0 0 0 1 0 0 0 
3 0 0 1 1 3 3 1 2 1 3 3 3 1 3 0 0 2 2 3 0 0 3 3 0 0 1 3 2 3 1 3 0 3 4 1 4 3 4 0 0 0 4 4 2 0 1 3 2 3 1 4 0 2 4 1 3 4 2 3 3 3 2 1 1 3 1 1 4 1 1 0 0 1 2 3 0 3 3 1 2 1 3 0 2 1 0 3 4 2 2 2 2 1 4 4 1 3 3 3 0 0 0 0 0 0 1 0 0 0 
#TS10
3 0 2 3 2 3 3 0 2 1 3 3 2 1 3 1 3 2 1 3 2 0 4 2 0 0 1 3 2 3 2 3 1 3 4 1 2 3 3 2 0 1 2 4 3 0 1 3 2 3 1 4 1 3 4 0 3 4 2 3 4 3 2 1 1 2 1 2 1 0 1 0 0 2 2 1 0 1 3 1 2 1 3 1 2 3 1 2 3 3 1 2 2 3 3 4 1 3 3 3 0 0 0 0 0 0 0 0 0 0 
3 0 2 3 2 3 3 0 2 1 3 3 2 1 3 1 2 2 1 3 3 0 4 2 0 0 1 3 2 3 2 3 1 3 4 2 2 3 3 2 0 1 2 4 2 0 1 3 1 2 0 4 0 3 4 0 3 4 2 3 3 3 2 1 1 3 1 2 1 1 1 0 0 2 2 1 0 1 3 1 2 0 3 1 2 3 1 3 4 3 1 2 2 3 4 4 1 3 3 3 0 0 0 0 0 0 0 0 0 0 
#TS11
3 0 3 3 2 3 3 0 1 1 3 3 3 1 3 1 2 1 1 3 2 0 4 2 0 0 1 3 2 3 3 3 1 3 4 1 2 3 3 2 0 1 2 4 3 0 1 3 2 2 2 4 0 3 4 0 2 4 2 3 3 3 1 1 1 2 2 2 4 0 1 1 1 3 2 1 0 1 3 0 2 0 3 1 2 3 1 3 4 3 0 2 2 3 3 4 1 3 3 3 0 0 0 0 0 0 0 0 0 0 
4 0 2 3 2 3 3 0 2 1 3 3 3 1 3 1 2 2 2 3 2 0 4 2 0 0 1 3 2 3 2 2 1 4 4 1 2 3 3 2 0 1 2 4 3 0 1 3 2 3 1 4 0 3 4 0 2 3 3 3 4 4 1 1 2 3 1 1 2 1 1 0 0 3 1 1 0 1 3 1 2 1 3 1 2 3 1 3 4 3 1 2 2 3 4 4 1 3 2 4 0 0 0 0 0 0 0 0 0 0 
#TS12
0 0 3 0 0 3 3 1 4 3 4 3 3 2 0 0 2 2 2 3 0 0 0 1 0 0 1 3 2 0 4 0 0 3 0 4 2 3 2 1 0 0 2 4 3 1 1 0 3 4 4 0 0 3 3 2 1 1 0 4 3 3 2 1 1 4 1 2 1 0 1 0 0 0 2 1 2 2 3 1 2 0 3 1 2 2 0 3 4 3 1 2 2 3 3 4 1 3 1 3 0 0 0 0 1 0 0 0 0 0 
0 0 4 0 0 2 2 2 2 3 4 4 3 2 0 0 2 1 3 3 0 0 0 1 0 0 1 3 2 0 4 0 0 3 0 3 3 3 3 2 0 0 2 4 2 1 1 0 3 4 3 0 0 4 3 2 2 0 0 4 3 3 1 1 1 4 1 2 1 1 1 0 0 0 2 1 3 2 3 1 2 1 3 1 2 2 0 3 4 3 1 2 2 3 4 4 1 3 2 3 0 0 0 0 1 0 0 0 0 0 
#TS13
3 0 2 3 3 3 2 1 2 2 2 2 1 1 2 2 3 2 1 4 4 0 4 3 0 0 1 4 1 3 3 3 1 3 4 1 2 3 3 2 0 2 0 4 3 0 2 4 1 2 1 4 1 3 3 0 3 4 3 3 3 3 2 1 1 3 2 2 0 1 1 0 0 2 2 1 0 2 3 1 2 0 3 0 2 4 1 3 4 3 1 2 2 4 4 4 0 3 3 3 0 0 0 0 0 0 0 0 0 0 
3 0 2 3 2 3 4 0 3 2 3 2 1 0 3 2 2 2 1 3 2 0 4 3 0 0 1 3 2 3 3 3 1 2 4 1 2 3 3 2 0 1 2 4 2 0 2 3 1 2 1 4 1 4 4 0 3 4 2 3 3 3 2 1 2 2 1 2 1 0 0 1 0 2 2 1 0 1 3 1 3 0 3 0 2 3 1 3 4 3 1 2 2 3 3 4 1 3 3 3 0 0 0 0 0 0 0 0 0 0 
#TS14
1 4 2 0 3 3 0 4 3 4 3 3 3 3 3 2 4 1 0 1 1 0 4 2 0 0 0 4 1 3 3 3 1 3 1 1 2 3 3 2 0 0 2 2 2 0 1 3 4 3 0 4 0 1 3 2 1 2 1 3 3 3 2 1 0 3 2 2 1 1 1 2 0 3 3 2 0 2 2 3 2 1 3 0 1 3 2 2 1 2 3 2 2 3 4 4 1 2 4 3 0 0 0 0 0 0 0 0 0 0 
2 1 2 0 4 3 2 3 2 3 2 4 3 3 3 2 3 1 0 2 2 0 4 2 0 0 1 3 1 3 3 3 1 3 3 1 1 3 3 2 0 0 3 3 3 0 1 3 3 3 1 4 0 3 3 0 2 4 2 3 3 3 2 1 1 2 2 2 2 1 2 2 1 3 2 1 0 1 2 3 2 1 3 0 1 3 1 3 1 1 2 2 2 3 4 4 2 3 3 3 0 0 0 0 0 0 0 0 0 0 
#TS15
3 0 2 3 2 3 3 0 2 1 3 3 3 1 3 1 2 2 1 3 2 0 4 2 0 0 1 3 2 3 3 3 1 3 4 1 2 3 3 2 0 1 2 4 3 0 1 3 2 3 1 4 0 3 4 0 2 4 2 3 3 3 2 1 1 3 1 2 1 1 1 0 0 2 2 1 0 1 3 1 2 0 3 1 2 3 1 3 4 3 1 2 2 3 4 4 1 3 3 3 0 1 0 0 0 0 0 0 0 0 
3 0 2 3 1 3 4 0 2 1 3 3 3 1 1 0 2 2 1 3 2 0 4 2 0 0 1 3 2 3 2 3 1 3 4 3 2 3 3 2 3 0 3 4 3 0 1 3 2 3 1 4 0 3 4 0 2 3 2 3 3 3 2 0 1 4 1 1 1 1 2 0 0 2 2 1 4 1 3 1 2 0 3 3 2 1 0 3 3 0 1 2 2 3 4 4 1 3 2 3 0 1 0 0 0 0 0 0 0 0 
#TS16
3 0 2 3 2 3 3 0 2 1 3 1 2 0 3 2 2 1 1 2 3 0 4 2 0 0 1 3 2 3 3 2 1 3 4 1 2 3 2 2 0 2 1 4 3 0 2 3 3 3 1 4 2 3 4 0 2 4 2 3 3 2 1 1 1 2 3 3 1 4 1 2 3 4 2 1 0 1 3 1 2 0 3 1 2 3 1 3 4 3 1 2 2 4 4 4 1 3 3 3 0 0 0 0 0 0 0 0 0 0 
3 0 2 3 2 3 3 0 2 0 3 3 3 1 3 2 2 2 2 3 2 0 4 3 0 0 1 2 2 3 3 3 2 3 4 2 2 2 2 1 0 1 1 4 3 0 2 3 2 3 1 4 1 3 4 1 2 3 3 3 3 3 2 1 2 3 2 2 1 3 1 2 2 3 2 1 0 1 3 1 2 0 3 1 2 3 1 3 4 3 1 1 2 3 4 4 1 3 3 3 0 0 0 0 0 0 0 0 0 0 
#TS17
2 0 3 3 0 3 3 1 1 2 3 3 3 2 1 0 1 2 3 3 1 0 4 2 0 0 1 3 2 3 2 2 0 3 2 3 2 3 3 2 4 0 4 4 3 1 0 4 2 3 0 4 0 1 3 0 2 2 2 4 3 3 2 0 1 4 1 2 1 0 3 0 0 2 2 1 4 1 3 1 2 0 3 4 2 1 0 3 3 0 3 2 2 2 4 4 1 3 2 3 0 1 0 0 0 0 0 0 0 0 
2 0 3 3 0 3 3 1 2 2 4 3 3 4 0 0 2 2 2 3 0 0 4 2 0 0 1 3 1 3 3 3 0 3 3 3 2 4 3 2 4 0 4 4 3 1 0 3 2 3 0 4 0 1 4 0 2 1 2 3 3 3 2 0 1 4 1 2 1 1 2 0 0 2 2 1 3 1 3 1 1 0 3 3 2 0 0 3 4 0 3 2 3 3 4 4 1 3 3 3 0 1 0 0 0 0 0 0 0 0 
#TS18
3 0 0 0 0 3 3 1 2 1 4 3 3 1 3 0 0 1 1 3 0 0 3 4 0 0 0 3 2 3 1 3 1 3 2 1 4 3 4 0 0 1 4 4 2 0 0 3 3 3 0 4 0 1 4 1 3 3 3 3 2 3 2 2 1 3 1 0 1 1 1 0 0 1 2 3 0 3 2 1 2 3 3 0 2 0 0 3 4 3 3 2 2 0 3 3 1 3 3 3 0 0 0 0 0 0 1 0 0 0 
2 0 0 0 1 4 3 1 3 1 3 3 3 1 4 0 0 0 3 3 0 0 3 2 0 0 0 3 2 3 2 2 1 3 3 1 3 2 4 0 0 1 3 4 3 0 1 3 3 4 0 4 0 1 3 1 2 2 2 4 3 3 2 3 1 3 1 0 2 1 1 0 0 2 3 4 0 2 3 1 2 2 3 1 2 0 0 3 4 3 2 2 2 0 1 4 1 3 3 3 0 0 0 0 0 0 1 0 0 0 
#TS19
0 0 4 3 0 3 3 2 2 2 4 3 2 0 2 0 2 1 2 3 2 0 2 2 4 0 0 3 2 3 3 2 1 3 4 3 3 3 4 2 0 2 0 2 3 3 0 3 4 0 3 4 3 1 1 2 3 1 1 3 3 3 2 1 1 3 1 2 1 0 3 1 0 2 2 1 0 4 3 1 2 0 3 1 1 3 2 3 4 3 1 2 3 1 3 4 0 3 3 1 0 0 1 0 0 0 0 0 0 0 
0 1 4 3 0 3 2 2 2 3 3 4 4 0 3 0 2 1 1 3 2 0 2 2 4 0 1 3 2 3 3 3 1 3 3 3 4 3 3 1 0 3 0 2 3 3 1 3 3 0 3 4 2 1 1 2 4 1 1 3 3 3 2 1 2 3 1 2 1 0 4 0 0 2 2 1 0 4 3 1 2 0 3 1 2 3 1 3 4 3 1 2 2 1 3 4 1 3 3 0 0 0 1 0 0 0 0 0 0 0 
#TS20
3 0 2 3 2 3 3 0 2 1 3 3 3 1 3 2 2 2 1 3 2 0 4 3 0 0 1 3 3 3 3 3 1 3 4 1 2 3 3 2 0 1 2 4 3 0 1 3 2 3 0 4 0 3 4 0 2 4 2 3 3 3 2 1 1 3 2 2 1 2 1 1 0 2 2 1 0 1 3 1 4 0 3 0 2 3 1 3 4 4 1 1 2 3 3 4 1 4 3 3 0 0 0 0 0 0 0 0 0 0 
3 0 3 2 2 3 2 0 2 1 3 3 3 1 3 1 2 2 1 3 2 0 4 2 0 0 1 3 2 3 3 3 1 3 4 1 2 3 3 2 0 1 2 4 3 0 1 3 3 3 0 4 0 3 4 0 2 3 2 3 3 3 1 1 1 3 2 2 1 1 1 0 0 2 2 1 0 1 3 1 2 0 3 0 2 3 1 3 4 3 1 2 1 4 4 4 1 3 3 3 0 0 0 0 0 0 0 0 0 0 
#TS21
3 0 2 3 2 3 3 0 1 1 3 2 3 1 3 1 2 1 1 3 2 0 3 2 0 0 1 3 2 3 3 2 1 3 4 1 2 3 3 2 0 1 3 4 2 0 1 3 2 3 1 4 1 2 3 0 2 3 2 3 3 3 2 1 1 3 2 2 1 0 2 0 0 1 2 1 0 1 3 2 2 1 3 0 2 3 1 3 2 3 2 2 2 3 4 4 1 3 3 3 0 0 0 0 0 0 0 0 0 0 
2 0 2 3 2 3 3 0 1 1 3 3 2 0 4 1 2 1 1 3 2 0 4 2 0 0 1 3 1 3 3 3 1 3 4 1 2 3 3 2 0 1 3 4 2 0 1 3 2 3 1 4 0 3 4 0 3 4 2 3 3 3 2 1 1 3 1 2 0 1 1 0 0 2 2 1 0 1 3 2 2 0 3 0 2 3 1 3 3 3 2 2 2 3 4 4 1 3 3 3 0 0 0 0 0 0 0 0 0 0 
#TS22
3 0 3 1 0 3 4 0 2 0 3 1 3 1 3 1 2 1 2 3 1 0 4 2 0 0 1 3 2 3 3 3 1 2 4 1 2 3 1 0 0 1 2 4 3 0 1 1 2 4 0 4 0 2 3 1 2 3 2 3 3 3 1 1 0 3 3 0 1 1 1 0 0 2 2 1 0 1 1 1 3 0 3 1 2 3 1 3 4 0 2 2 3 3 4 4 1 1 3 3 0 0 0 0 0 1 0 0 0 0 
1 0 3 0 0 3 4 0 2 1 2 1 3 1 3 1 1 2 2 3 1 0 4 2 0 0 1 3 2 3 3 3 1 2 1 1 2 3 1 0 0 1 2 4 3 0 1 1 4 3 0 4 0 2 4 1 2 2 2 3 3 3 2 1 0 4 4 0 1 1 1 0 0 2 2 1 0 1 2 1 2 0 3 1 2 3 1 3 4 0 1 2 4 3 4 4 0 1 3 3 0 0 0 0 0 1 0 0 0 0 
#TS23
3 0 2 3 2 3 3 0 2 1 3 3 3 1 3 1 2 2 2 4 2 0 4 3 0 0 1 4 2 3 3 3 1 2 4 1 2 3 3 2 0 1 2 4 3 0 1 3 2 3 1 4 0 3 4 0 2 4 2 3 3 3 2 1 2 2 1 2 1 0 1 0 0 2 2 1 0 1 3 1 3 0 3 1 2 3 1 3 4 3 1 2 2 3 4 4 1 3 3 3 0 0 0 0 0 0 0 0 0 0 
3 0 2 3 2 3 3 0 2 1 3 3 3 1 3 1 2 2 2 4 2 0 4 3 0 0 1 4 2 3 3 3 1 2 4 1 2 3 3 2 0 1 2 4 3 0 1 3 2 3 1 4 0 3 4 0 2 4 2 3 3 3 2 1 2 2 1 2 1 0 1 0 0 2 2 1 0 1 3 1 3 0 3 1 2 3 1 3 4 3 1 2 2 3 4 4 1 3 3 3 0 0 0 0 0 0 0 0 0 0 
#TS24
2 0 3 3 0 3 3 1 2 2 4 3 3 4 0 0 2 2 2 3 0 0 4 2 0 0 1 3 1 3 3 3 0 3 3 3 2 4 3 2 4 0 4 4 3 1 0 3 2 3 0 4 0 1 4 0 2 1 2 3 3 3 2 0 1 4 1 2 1 1 2 0 0 2 2 1 3 1 3 1 1 0 3 3 2 0 0 3 4 0 3 2 3 3 4 4 1 3 3 3 0 1 0 0 0 0 0 0 0 0 
2 0 3 3 1 3 3 1 1 2 3 3 3 1 1 0 2 2 3 2 0 0 4 2 0 0 1 3 2 3 2 4 1 3 3 3 2 3 3 2 4 0 4 4 3 1 1 3 2 4 0 4 0 2 4 0 2 2 2 3 3 3 2 0 1 3 1 2 1 1 3 0 0 3 2 1 4 1 3 2 2 0 3 4 2 1 0 3 4 0 4 2 2 3 4 4 0 3 3 3 0 1 0 0 0 0 0 0 0 0 
#TS25
3 0 3 3 2 3 3 0 2 1 3 3 3 1 3 1 2 2 1 3 2 0 4 2 0 0 1 3 2 3 3 1 1 4 4 1 2 3 3 2 0 1 2 4 3 0 1 3 2 3 1 4 0 3 3 0 2 4 2 3 3 3 2 1 1 3 1 2 1 1 1 1 0 2 2 1 0 1 3 1 2 1 3 1 2 3 1 3 4 3 1 2 2 3 4 4 1 3 2 3 0 0 0 0 0 0 0 0 0 0 
3 0 2 3 2 3 3 0 3 1 3 3 3 1 3 2 2 2 1 3 2 0 4 3 0 0 1 3 1 3 3 3 1 3 4 1 2 3 3 2 0 1 2 4 3 0 1 3 2 2 1 4 0 3 3 0 2 4 2 3 3 3 2 1 1 2 2 2 1 1 1 0 0 2 2 1 0 1 3 1 2 0 3 0 2 3 1 3 4 3 1 2 2 3 4 4 1 3 4 3 0 0 0 0 0 0 0 0 0 0 
#TS26
3 0 2 3 2 3 2 0 2 1 3 2 3 0 3 1 2 2 0 3 2 0 3 2 0 0 1 3 1 3 3 1 1 3 4 1 2 3 3 2 0 1 2 4 3 0 1 3 2 2 1 4 1 3 4 0 3 4 2 3 3 3 2 1 1 3 1 2 1 0 1 0 0 2 2 1 0 1 3 1 2 1 3 1 2 3 1 2 4 3 1 2 2 3 4 4 1 3 3 3 0 0 0 0 0 0 0 0 0 0 
2 0 2 3 2 3 3 0 2 1 3 2 2 0 3 2 2 1 1 3 2 0 4 3 0 0 1 3 2 3 3 2 0 3 4 1 2 3 3 2 0 1 2 4 2 0 1 3 2 3 2 4 2 3 4 0 3 4 2 3 3 3 2 1 1 3 1 2 1 0 1 0 0 2 2 1 0 1 3 1 2 0 3 0 2 3 1 3 4 2 1 1 2 3 4 4 1 3 3 3 0 0 0 0 0 0 0 0 0 0 
#TS27
2 0 3 3 2 3 3 0 2 1 3 3 3 2 3 1 2 1 1 3 2 0 4 2 0 0 1 3 2 3 3 3 1 3 4 1 2 4 3 2 0 1 2 4 2 0 1 4 2 3 1 4 0 4 4 1 2 4 1 3 3 3 2 1 1 3 1 2 1 1 1 0 0 2 2 1 0 1 3 1 2 0 3 0 2 3 1 3 4 3 1 2 2 3 3 4 0 3 3 3 0 0 0 0 0 0 0 0 0 0 
3 0 3 3 2 3 3 0 2 1 3 3 2 1 3 1 3 2 1 3 2 0 4 3 0 0 1 3 2 3 3 3 1 3 4 2 2 3 3 2 0 1 3 4 3 0 2 3 2 3 1 4 1 3 4 0 2 4 2 3 3 3 1 1 1 3 1 2 1 1 1 0 0 2 2 1 0 1 3 1 2 0 3 0 2 3 1 3 4 3 1 2 2 4 3 4 0 3 3 3 0 0 0 0 0 0 0 0 0 0 
#TS28
2 0 2 3 2 3 3 0 3 1 3 3 3 1 3 1 2 2 1 3 2 0 4 2 0 0 1 3 2 3 3 2 1 3 4 1 2 3 3 2 0 1 3 4 2 0 2 3 2 3 1 4 0 3 4 0 2 4 2 3 3 3 2 1 1 2 1 1 1 1 1 0 0 1 2 1 0 1 3 1 2 0 3 1 2 2 1 3 4 2 1 2 2 3 4 4 1 3 3 3 0 0 0 0 0 0 0 0 0 0 
3 0 2 2 2 3 3 0 2 1 4 3 3 1 3 1 2 1 1 3 3 0 4 2 0 0 1 3 2 3 3 3 1 3 4 1 2 3 4 2 0 1 2 4 3 0 0 3 2 3 1 4 0 2 4 0 2 3 3 3 3 4 2 1 1 2 1 2 1 1 1 0 0 2 2 1 0 1 3 1 2 0 3 0 2 3 1 3 4 3 1 2 2 4 4 4 1 3 3 3 0 0 0 0 0 0 0 0 0 0 
#TS29
1 1 3 0 0 2 2 4 3 3 3 3 3 2 0 0 3 2 2 3 0 0 0 1 0 0 0 2 3 0 4 1 0 2 1 2 2 3 3 2 0 0 3 4 3 0 1 0 2 4 4 0 0 3 3 1 1 1 1 3 3 3 1 1 1 4 1 2 2 1 1 1 0 0 2 1 3 2 3 1 2 0 3 0 2 2 0 3 4 3 1 2 3 4 3 4 0 4 0 3 0 0 0 0 1 0 0 0 0 0 
2 1 3 0 0 2 3 3 3 3 3 4 3 2 0 0 3 1 2 3 0 0 0 1 0 0 0 3 1 0 4 0 0 2 1 3 2 3 3 2 0 0 3 4 3 0 1 0 3 4 4 0 0 2 2 2 2 1 0 4 4 3 2 1 1 3 1 2 3 1 1 0 0 0 2 1 3 3 3 1 2 0 3 1 2 2 0 3 4 3 1 2 2 3 4 4 1 3 1 3 0 0 0 0 1 0 0 0 0 0 
#TS30
3 0 2 3 2 3 3 0 1 1 3 3 2 1 3 1 2 1 1 3 2 0 4 2 0 0 1 3 2 3 3 1 1 3 4 1 2 3 3 3 0 1 1 4 3 0 2 3 2 3 1 4 1 3 4 0 2 4 2 4 3 3 1 1 1 3 2 2 2 1 1 0 0 3 3 1 0 1 3 1 2 1 3 0 2 3 1 3 4 3 1 2 2 4 4 4 0 3 2 3 0 0 0 0 0 0 0 0 0 0 
3 0 2 3 2 3 4 0 2 1 3 3 2 1 3 1 2 2 2 3 2 0 4 2 0 0 1 3 3 3 3 2 1 4 4 1 2 3 3 2 0 2 2 4 3 0 1 3 2 3 1 4 0 3 4 0 3 4 2 3 3 3 2 1 1 2 1 2 1 0 1 0 0 2 2 1 0 1 3 1 2 1 3 1 2 4 1 3 4 3 1 2 2 3 4 4 1 3 3 3 0 0 0 0 0 0 0 0 0 0 
#TS31
3 0 0 1 1 3 3 1 2 1 3 3 3 1 3 0 0 2 2 3 0 0 3 3 0 0 1 3 2 3 1 3 0 3 4 1 4 3 4 0 0 0 4 4 2 0 1 3 2 3 1 4 0 2 4 1 3 4 2 3 3 3 2 1 1 3 1 1 4 1 1 0 0 1 2 3 0 3 3 1 2 1 3 0 2 1 0 3 4 2 2 2 2 1 4 4 1 3 3 3 0 0 0 0 0 0 1 0 0 0 
3 0 0 0 0 3 3 1 2 1 4 3 3 1 3 0 0 1 1 3 0 0 3 4 0 0 0 3 2 3 1 3 1 3 2 1 4 3 4 0 0 1 4 4 2 0 0 3 3 3 0 4 0 1 4 1 3 3 3 3 2 3 2 2 1 3 1 0 1 1 1 0 0 1 2 3 0 3 2 1 2 3 3 0 2 0 0 3 4 3 3 2 2 0 3 3 1 3 3 3 0 0 0 0 0 0 1 0 0 0 
#TS32
2 0 3 3 0 3 2 4 1 1 1 3 1 1 3 1 0 3 3 2 1 0 4 4 0 0 1 3 2 1 4 2 0 4 3 1 3 2 3 0 0 1 2 4 3 0 1 4 2 1 1 4 1 2 3 1 2 2 1 3 2 3 4 0 1 3 0 2 1 1 0 0 0 2 2 3 0 1 0 1 3 4 3 0 2 3 2 1 1 3 1 1 3 3 4 4 2 0 3 3 0 0 0 1 0 0 0 0 0 0 
1 0 3 3 0 3 2 4 0 1 0 3 1 2 3 1 0 3 3 3 1 0 4 4 0 0 1 3 1 1 4 3 0 3 1 1 3 3 3 0 0 1 2 3 3 0 1 4 2 2 1 4 1 3 2 2 1 1 1 3 2 3 4 0 1 2 0 2 1 0 0 0 0 1 3 3 0 1 0 1 3 3 2 0 2 3 3 1 0 3 0 2 4 3 3 4 1 0 3 3 0 0 0 1 0 0 0 0 0 0 
#TS33
1 1 4 3 0 4 4 3 3 3 3 3 4 0 3 0 2 1 2 3 4 0 1 1 4 0 0 3 2 3 3 4 1 3 4 3 3 4 4 2 0 4 0 3 3 2 1 3 2 0 3 4 3 1 2 2 3 1 1 3 3 4 2 1 1 3 1 2 1 0 3 1 0 2 2 1 0 3 3 1 2 0 3 0 2 2 1 3 4 3 1 2 2 1 3 4 1 3 3 0 0 0 1 0 0 0 0 0 0 0 
0 1 3 3 0 3 4 4 2 3 3 3 3 0 2 0 2 1 2 3 3 0 1 1 4 0 1 3 2 3 3 2 1 3 3 3 4 3 3 2 0 3 0 4 3 2 1 3 2 0 2 4 2 1 2 2 3 2 1 3 2 3 2 1 1 2 1 2 0 0 4 0 0 2 2 1 0 3 3 1 2 1 3 1 2 3 1 2 4 3 1 2 2 1 3 4 1 3 3 1 0 0 0 0 0 0 0 0 0 0 
#TS34
3 0 2 3 2 3 3 0 2 1 3 3 3 1 4 2 2 2 1 3 2 0 4 2 0 0 1 3 2 4 3 3 1 3 4 1 2 3 3 2 0 1 2 4 2 0 2 4 2 3 0 4 0 3 3 0 2 3 1 3 3 3 2 1 0 2 2 2 1 2 1 0 1 3 1 2 0 1 3 1 2 0 3 0 3 3 1 2 4 3 1 2 2 3 4 4 0 3 3 3 0 0 0 0 0 0 0 0 0 0 
3 0 2 3 2 3 3 0 1 1 3 3 3 1 3 1 2 2 1 3 2 0 4 1 0 0 1 3 1 3 3 3 1 4 4 1 2 3 3 2 0 1 2 4 2 0 1 4 2 4 2 4 1 3 4 0 2 4 2 4 3 3 2 1 1 3 2 2 0 1 1 1 1 2 2 1 0 1 3 1 2 0 3 1 3 3 1 3 4 4 1 2 2 3 4 4 2 3 3 4 0 0 0 0 0 0 0 0 0 0 
#TS35
3 0 2 1 1 4 3 4 2 1 3 3 0 1 4 1 1 2 2 3 1 4 2 3 4 0 1 0 4 3 1 3 0 0 4 0 2 1 3 0 0 1 2 4 3 0 2 0 2 3 0 3 0 0 4 0 2 1 1 4 3 4 2 2 1 4 1 0 1 1 0 0 0 2 2 1 0 1 3 0 2 0 3 0 2 3 1 4 4 4 0 1 2 2 4 3 0 0 1 3 0 0 0 0 0 0 0 0 1 0 
3 0 2 0 1 3 2 4 1 1 3 4 0 1 4 1 0 2 2 3 1 3 3 3 3 0 1 0 2 3 1 1 0 1 4 0 2 2 3 0 0 1 2 4 2 1 3 0 2 4 0 2 0 0 4 0 1 1 0 3 3 2 2 2 2 3 1 1 1 2 1 0 0 1 2 1 0 1 3 0 2 1 3 0 2 4 2 3 4 4 1 1 2 2 4 4 1 0 0 3 0 0 0 0 0 0 0 0 1 0 
#TS36
1 0 3 0 0 3 3 0 2 0 3 3 3 1 1 1 0 2 3 3 1 0 4 2 2 1 0 3 2 3 4 2 0 3 2 1 4 3 3 0 0 1 2 4 3 0 1 3 3 3 0 4 3 0 3 1 2 4 2 4 4 3 2 1 1 3 1 2 1 1 1 0 0 2 2 1 1 1 3 1 2 0 3 1 1 3 0 3 4 3 1 2 2 3 4 0 4 3 3 3 0 0 0 0 0 0 0 1 0 0 
2 0 3 0 1 3 3 1 2 1 3 3 3 2 1 1 1 2 3 3 1 0 4 2 1 1 0 4 2 3 3 3 0 3 2 1 4 2 3 0 0 1 3 3 3 0 2 3 3 3 0 4 3 0 4 0 2 4 2 3 4 3 2 1 1 3 1 2 2 0 1 1 0 2 2 1 1 1 4 0 2 0 3 1 2 3 0 3 4 3 1 2 2 4 4 0 3 3 2 3 0 0 0 0 0 0 0 1 0 0 
#TS37
0 4 0 0 0 3 0 0 1 3 3 4 4 3 4 1 4 2 3 0 0 3 4 2 0 3 0 3 1 0 4 2 1 3 0 1 2 3 4 2 0 1 2 0 0 0 2 2 4 4 0 4 0 0 0 3 0 0 0 4 3 3 1 1 1 3 2 2 1 1 0 1 0 3 2 1 0 1 3 0 2 3 3 0 0 3 1 0 1 4 0 0 0 3 4 0 0 3 3 3 1 0 0 0 0 0 0 0 0 0 
0 4 0 0 0 4 0 0 0 3 3 3 4 3 3 1 3 2 3 0 0 3 4 2 0 3 0 3 1 0 3 3 1 2 0 2 2 3 4 2 0 1 2 0 0 0 1 2 3 4 0 4 0 0 0 3 0 0 1 3 4 3 0 1 0 3 1 2 0 1 0 2 0 2 1 1 0 1 2 0 2 3 2 0 0 3 1 0 1 3 0 0 0 3 3 1 0 3 3 3 1 0 0 0 0 0 0 0 0 0 
#TS38
2 0 4 3 0 3 3 0 1 1 3 4 3 1 1 0 0 2 2 3 1 0 4 2 0 0 0 3 2 3 2 3 1 3 3 3 2 3 2 2 4 0 3 4 3 0 1 3 3 4 1 4 0 1 4 1 2 2 2 4 3 3 2 0 1 4 1 1 1 1 3 1 0 2 2 1 4 1 3 1 2 0 2 4 3 0 0 3 4 0 2 2 2 3 4 4 1 3 2 3 0 1 0 0 0 0 0 0 0 0 
2 0 3 3 0 3 2 1 1 2 3 4 4 1 0 0 1 1 3 2 1 1 4 2 0 0 0 3 2 3 3 3 0 3 2 3 2 3 2 2 4 0 4 4 3 1 0 3 2 4 0 4 0 2 4 1 2 1 1 4 3 4 1 0 1 3 1 1 1 0 3 0 0 2 2 1 4 1 3 1 2 0 3 4 2 0 0 4 4 0 2 2 3 3 4 4 1 3 3 3 0 1 0 0 0 0 0 0 0 0 
#TS39
2 0 3 0 0 3 3 1 2 0 3 3 2 1 2 2 2 2 2 3 2 0 4 2 2 2 1 3 3 3 3 3 0 3 4 1 4 3 3 0 0 1 2 4 3 0 1 3 3 4 0 4 4 0 3 0 2 4 2 4 3 3 2 1 1 3 1 2 1 0 1 0 0 2 2 1 1 1 3 1 2 0 3 1 2 3 0 3 4 3 1 1 2 3 4 0 3 3 3 3 0 0 0 0 0 0 0 1 0 0 
2 0 3 0 1 3 3 0 2 0 3 3 3 1 2 1 0 2 3 3 1 0 4 2 2 2 2 4 2 3 3 3 0 3 3 1 4 3 2 0 0 1 2 4 2 0 1 3 2 3 0 3 3 0 3 0 1 4 3 4 3 3 2 1 1 3 1 3 1 1 1 0 0 2 2 1 1 1 3 0 2 1 3 1 2 3 0 3 4 3 0 1 2 3 3 0 3 3 3 4 0 0 0 0 0 0 0 1 0 0 
#TS40
2 0 3 3 0 3 3 0 1 1 3 3 3 1 0 0 1 2 2 3 1 0 4 2 0 0 0 3 2 3 3 3 1 3 4 4 2 3 3 2 4 0 4 4 3 0 1 3 2 3 1 4 0 2 3 0 2 2 2 3 3 3 2 0 1 3 1 2 1 1 2 0 0 2 1 1 4 1 3 1 2 0 3 4 2 1 0 3 3 0 1 2 2 3 3 4 1 4 2 4 0 1 0 0 0 0 0 0 0 0 
2 0 4 3 0 3 3 0 1 1 3 4 3 1 1 0 0 2 2 3 1 0 4 2 0 0 0 3 2 3 2 3 1 3 3 3 2 3 2 2 4 0 3 4 3 0 1 3 3 4 1 4 0 1 4 1 2 2 2 4 3 3 2 0 1 4 1 1 1 1 3 1 0 2 2 1 4 1 3 1 2 0 2 4 3 0 0 3 4 0 2 2 2 3 4 4 1 3 2 3 0 1 0 0 0 0 0 0 0 0 
#TS41
0 0 4 0 0 2 2 2 2 3 4 4 3 2 0 0 2 1 3 3 0 0 0 1 0 0 1 3 2 0 4 0 0 3 0 3 3 3 3 2 0 0 2 4 2 1 1 0 3 4 3 0 0 4 3 2 2 0 0 4 3 3 1 1 1 4 1 2 1 1 1 0 0 0 2 1 3 2 3 1 2 1 3 1 2 2 0 3 4 3 1 2 2 3 4 4 1 3 2 3 0 0 0 0 1 0 0 0 0 0 
1 1 4 0 0 2 2 2 2 4 3 3 4 2 0 0 2 2 2 3 0 0 0 0 0 0 0 3 3 1 4 1 0 3 1 4 2 3 3 2 0 0 3 4 3 1 1 0 4 4 4 0 0 3 3 2 1 0 1 3 3 3 1 1 1 4 1 2 1 1 1 1 0 0 2 1 2 3 3 1 2 0 3 0 2 2 0 3 4 3 1 2 2 4 3 4 0 3 1 3 0 0 0 0 1 0 0 0 0 0 
#TS42
3 1 2 3 3 3 3 1 1 3 2 2 1 1 2 2 2 2 0 3 3 0 4 3 0 0 1 4 2 3 3 2 1 3 4 1 2 3 3 2 0 1 2 4 2 0 2 3 2 2 1 4 2 3 4 0 2 4 2 3 2 3 2 1 1 3 2 2 1 1 1 0 0 3 3 2 0 1 2 3 2 2 3 1 1 2 1 1 1 1 2 2 2 3 3 4 1 3 3 3 0 0 0 0 0 0 0 0 0 0 
3 0 3 3 2 3 3 1 1 1 1 1 1 1 3 1 2 2 1 3 2 0 4 3 0 0 1 3 2 3 3 3 1 3 4 1 2 3 3 1 1 1 2 4 3 0 1 3 2 2 2 4 1 3 3 0 4 4 2 3 4 4 2 1 1 3 2 2 2 1 1 1 0 2 2 1 0 2 2 2 3 2 4 1 1 3 1 3 2 1 2 2 2 4 3 4 1 3 3 3 0 0 0 0 0 0 0 0 0 0 
#TS43
2 0 0 0 0 3 2 1 2 1 3 3 3 1 3 0 0 0 2 3 0 0 3 4 0 1 1 3 2 3 1 2 1 4 2 2 3 3 4 0 0 1 4 3 2 0 1 3 2 4 0 4 0 1 4 1 3 3 1 3 3 4 2 2 1 3 1 0 2 1 1 0 0 2 2 4 0 3 3 1 2 3 3 1 2 0 0 3 4 3 2 2 2 0 0 4 1 3 3 3 0 0 0 0 0 0 1 0 0 0 
3 0 0 0 0 3 3 2 2 1 4 3 3 2 2 0 0 0 2 3 0 0 2 3 0 1 1 3 1 3 2 4 0 3 3 1 3 2 4 0 0 1 3 4 3 0 0 2 2 4 0 4 0 1 4 1 3 3 2 3 3 3 1 1 1 3 1 0 1 1 1 0 0 2 2 4 0 3 3 1 2 3 3 0 2 0 0 3 4 3 2 1 3 0 0 4 0 3 3 3 0 0 0 0 0 0 1 0 0 0 
#TS44
2 0 4 3 0 4 3 1 1 2 3 3 3 2 0 0 1 2 2 3 1 0 4 2 0 0 0 3 1 3 2 3 0 4 3 3 3 3 3 2 4 0 4 4 2 0 1 2 3 4 0 4 0 2 4 0 2 2 1 4 3 3 2 0 1 3 2 1 1 1 3 0 0 2 2 1 4 1 3 1 2 0 3 3 2 1 0 3 4 0 2 1 2 3 4 4 1 3 3 3 0 1 0 0 0 0 0 0 0 0 
2 0 3 3 0 3 3 1 1 2 4 4 3 2 0 0 0 2 3 3 1 0 4 2 0 0 0 3 2 3 2 3 1 3 3 3 2 4 3 1 4 0 4 4 3 0 1 2 2 4 0 4 0 2 3 0 2 2 2 4 3 3 2 0 1 4 1 2 1 1 3 1 0 2 2 1 4 1 3 1 2 1 3 4 2 0 0 3 4 0 4 2 3 2 4 4 0 3 3 3 0 0 0 0 0 0 0 0 0 0 
#TS45
2 0 2 3 2 3 2 0 3 1 3 3 3 1 3 1 2 2 1 3 2 0 4 2 0 0 1 4 2 3 3 3 1 3 4 1 2 3 3 2 0 1 3 4 2 0 1 2 2 3 0 4 0 3 4 0 2 3 3 3 3 4 2 1 1 4 1 2 1 1 1 0 0 2 2 1 0 1 4 1 2 0 3 1 2 3 1 3 4 3 2 2 2 3 4 4 1 3 3 3 0 0 0 0 0 0 0 0 0 0 
3 0 2 3 2 3 3 0 3 2 2 3 3 1 3 1 2 2 1 3 2 0 4 3 0 0 1 3 2 3 3 3 1 4 4 1 2 3 3 2 0 1 2 4 3 0 1 3 2 3 1 4 0 3 4 0 2 4 2 3 3 3 1 1 1 3 1 2 1 1 1 0 0 2 2 1 0 1 3 1 2 1 3 1 2 3 1 2 4 3 2 1 2 4 4 4 1 3 3 3 0 0 0 0 0 0 0 0 0 0 
#TS46
3 0 0 3 1 3 2 0 2 1 3 3 3 1 3 1 4 2 2 3 1 2 4 2 0 0 0 3 3 0 3 2 0 3 4 1 2 3 4 2 0 1 2 4 4 0 1 2 2 3 0 4 0 2 3 0 2 4 2 4 3 3 2 1 0 4 1 2 1 1 0 0 0 1 2 1 0 1 2 0 2 2 3 0 0 3 0 2 4 3 0 1 2 3 4 1 0 3 3 3 1 0 0 0 0 0 0 0 0 0 
3 0 1 0 0 4 2 0 1 1 3 3 3 1 3 0 2 1 3 3 0 4 3 2 0 0 0 3 2 0 4 3 0 3 3 1 2 3 4 2 0 1 1 4 2 0 1 2 2 3 1 4 0 1 2 1 2 2 1 3 3 3 2 1 1 3 1 2 1 0 0 0 0 1 2 1 0 1 2 0 3 3 3 0 0 2 0 3 4 3 1 1 2 3 4 1 0 3 3 3 1 0 0 0 0 0 0 0 0 0 
#TS47
3 0 2 3 2 3 3 0 3 2 2 3 3 1 3 1 2 2 1 3 2 0 4 3 0 0 1 3 2 3 3 3 1 4 4 1 2 3 3 2 0 1 2 4 3 0 1 3 2 3 1 4 0 3 4 0 2 4 2 3 3 3 1 1 1 3 1 2 1 1 1 0 0 2 2 1 0 1 3 1 2 1 3 1 2 3 1 2 4 3 2 1 2 4 4 4 1 3 3 3 0 0 0 0 0 0 0 0 0 0 
3 0 2 3 2 3 4 0 3 1 3 3 2 1 3 1 3 2 1 3 2 0 4 2 0 0 1 2 2 3 3 2 1 3 4 1 2 3 3 3 0 1 2 4 3 0 1 3 2 2 1 4 0 3 4 0 3 3 2 3 3 3 1 1 2 3 1 2 1 0 1 0 0 2 2 1 0 1 3 1 2 1 3 1 1 3 1 3 4 3 1 2 2 3 3 4 1 3 3 4 0 0 0 0 0 0 0 0 0 0 
#TS48
2 0 3 3 1 3 3 1 1 2 3 3 3 1 1 0 2 2 3 2 0 0 4 2 0 0 1 3 2 3 2 4 1 3 3 3 2 3 3 2 4 0 4 4 3 1 1 3 2 4 0 4 0 2 4 0 2 2 2 3 3 3 2 0 1 3 1 2 1 1 3 0 0 3 2 1 4 1 3 2 2 0 3 4 2 1 0 3 4 0 4 2 2 3 4 4 0 3 3 3 0 1 0 0 0 0 0 0 0 0 
2 0 4 3 0 4 3 1 1 2 3 3 3 2 0 0 1 2 2 3 1 0 4 2 0 0 0 3 1 3 2 3 0 4 3 3 3 3 3 2 4 0 4 4 2 0 1 2 3 4 0 4 0 2 4 0 2 2 1 4 3 3 2 0 1 3 2 1 1 1 3 0 0 2 2 1 4 1 3 1 2 0 3 3 2 1 0 3 4 0 2 1 2 3 4 4 1 3 3 3 0 1 0 0 0 0 0 0 0 0 
#TS49
2 0 3 0 0 3 3 0 2 1 3 3 2 1 1 0 1 2 3 3 0 0 0 2 0 0 1 3 2 0 3 0 0 2 2 3 2 3 3 2 0 0 2 4 3 0 1 0 2 4 4 0 0 3 3 1 1 2 1 4 3 3 2 1 0 3 1 2 1 1 1 0 0 0 2 1 2 3 3 1 3 0 3 1 2 2 0 3 4 3 1 2 2 3 4 4 1 3 1 3 0 0 0 0 1 0 0 0 0 0 
1 0 3 0 0 3 2 0 2 2 3 3 3 1 0 0 1 1 3 3 0 0 0 1 0 0 0 3 2 0 4 2 0 2 1 3 2 3 3 1 0 0 2 4 3 1 1 0 2 4 4 0 0 3 3 2 2 1 2 4 4 3 1 1 1 4 1 2 1 0 1 0 0 0 2 1 2 4 3 1 2 0 3 1 2 2 0 3 4 3 0 2 3 3 4 4 1 3 1 3 0 0 0 0 1 0 0 0 0 0 
#TS50
3 0 2 3 4 3 3 1 2 2 2 1 2 1 2 2 4 1 0 3 4 1 4 2 0 0 1 4 2 3 3 3 1 2 4 1 2 3 3 2 0 2 2 4 2 0 1 3 2 2 2 4 3 3 4 0 2 4 2 3 3 4 2 1 1 2 1 2 1 1 1 0 0 2 1 1 0 1 3 1 2 0 3 0 2 3 1 3 4 3 1 2 2 3 3 4 1 3 2 3 0 0 0 0 0 0 0 0 0 0 
3 0 2 3 3 3 3 1 2 2 2 1 2 1 2 1 2 2 1 3 3 1 4 1 0 0 1 3 2 3 3 3 1 2 4 1 2 3 4 2 0 1 2 4 2 0 1 3 2 3 1 4 1 4 4 0 3 4 1 3 3 3 2 1 1 3 1 2 2 1 1 1 0 2 2 1 0 1 3 1 2 0 3 1 2 3 1 3 4 3 2 2 3 4 4 4 1 3 3 3 0 0 0 0 0 0 0 0 0 0 
#TS51
3 0 2 3 2 3 3 0 1 1 3 3 3 1 3 1 2 2 1 3 2 0 4 2 0 0 1 3 2 3 3 3 1 3 4 1 3 3 4 3 0 1 1 4 3 0 2 3 2 3 1 4 0 3 4 0 2 4 2 3 3 3 2 1 1 4 1 2 1 1 1 0 0 2 2 1 0 1 3 1 2 0 3 1 2 3 1 3 4 3 1 2 1 3 4 4 0 3 3 2 0 0 0 0 0 0 0 0 0 0 
3 0 2 3 2 3 3 0 2 1 3 2 2 1 3 1 2 1 1 4 2 0 4 1 0 0 1 3 2 3 3 3 1 3 4 2 2 3 3 2 0 1 1 4 3 0 1 4 3 3 1 4 1 3 4 0 2 4 2 3 2 3 2 1 1 4 1 2 1 1 1 0 0 2 2 1 0 1 4 1 2 1 3 0 2 3 1 3 4 3 1 2 2 3 4 4 0 3 3 3 0 0 0 0 0 0 0 0 0 0 
#TS52
1 0 1 0 0 3 1 0 1 1 3 3 3 2 3 1 2 2 3 3 0 3 4 2 0 2 0 3 2 0 4 3 1 3 1 1 2 4 4 2 0 1 1 4 2 0 1 2 2 4 0 4 0 0 2 2 1 1 0 4 4 3 1 1 1 3 1 2 1 0 0 0 0 1 2 1 0 1 3 0 2 3 3 0 0 3 1 3 3 4 1 0 2 3 4 1 0 3 3 3 1 0 0 0 0 0 0 0 0 0 
0 0 1 0 0 3 1 0 0 2 3 3 3 3 3 0 2 2 4 3 0 3 4 2 0 2 0 3 2 0 4 3 1 3 1 2 2 3 4 2 0 1 2 2 1 0 1 2 3 4 1 4 0 0 1 2 0 1 1 3 3 3 0 1 1 3 1 2 1 1 0 0 0 2 2 1 0 1 2 0 1 3 2 0 0 3 0 1 2 4 1 0 1 3 4 1 0 2 3 3 1 0 0 0 0 0 0 0 0 0 
#TS53
3 0 1 4 2 3 3 1 2 1 3 2 3 1 3 1 2 2 1 3 3 0 4 3 0 0 1 3 2 3 3 4 1 4 4 1 2 3 4 2 0 1 2 4 3 0 1 3 2 2 1 4 1 3 3 0 3 4 2 3 3 3 2 1 1 3 2 2 3 0 1 0 0 1 2 1 0 1 3 2 2 2 3 1 1 3 1 3 2 1 2 3 3 4 4 4 1 3 3 3 0 0 0 0 0 0 0 0 0 0 
3 0 2 3 2 3 4 0 2 1 3 1 3 0 3 1 3 2 1 3 2 0 4 2 0 0 1 3 2 3 3 2 0 3 4 1 2 3 3 1 0 0 2 4 2 0 1 3 2 2 1 4 1 3 4 0 2 4 2 3 3 3 1 1 1 3 1 2 1 1 1 0 0 2 2 1 0 1 2 2 2 1 3 0 2 2 1 2 2 1 2 2 2 3 4 4 1 3 4 3 0 0 0 0 0 0 0 0 0 0 
#TS54
2 0 3 0 1 3 3 0 2 0 3 3 3 1 2 1 0 2 3 3 1 0 4 2 2 2 2 4 2 3 3 3 0 3 3 1 4 3 2 0 0 1 2 4 2 0 1 3 2 3 0 3 3 0 3 0 1 4 3 4 3 3 2 1 1 3 1 3 1 1 1 0 0 2 2 1 1 1 3 0 2 1 3 1 2 3 0 3 4 3 0 1 2 3 3 0 3 3 3 4 0 0 0 0 0 0 0 1 0 0 
2 0 3 0 0 3 3 0 2 1 3 3 3 2 2 1 0 2 2 4 1 0 4 2 2 2 1 3 2 3 4 3 0 3 3 1 4 3 3 0 0 1 1 4 2 0 1 3 2 4 0 4 3 0 4 1 2 4 2 3 3 3 1 1 1 3 1 2 1 1 1 0 0 2 2 1 1 1 3 1 2 0 3 1 2 2 0 3 4 3 0 2 2 3 4 0 4 3 3 3 0 0 0 0 0 0 0 1 0 0 
#TS55
3 0 2 3 2 3 3 0 2 0 3 3 3 1 3 2 2 2 2 3 2 0 4 3 0 0 1 2 2 3 3 3 2 3 4 2 2 2 2 1 0 1 1 4 3 0 2 3 2 3 1 4 1 3 4 1 2 3 3 3 3 3 2 1 2 3 2 2 1 3 1 2 2 3 2 1 0 1 3 1 2 0 3 1 2 3 1 3 4 3 1 1 2 3 4 4 1 3 3 3 0 0 0 0 0 0 0 0 0 0 
3 0 2 3 2 3 3 0 2 1 3 3 3 1 3 2 2 2 1 3 2 0 4 3 0 0 1 3 3 3 3 3 1 3 4 1 2 3 3 2 0 1 2 4 3 0 1 3 2 3 0 4 0 3 4 0 2 4 2 3 3 3 2 1 1 3 2 2 1 2 1 1 0 2 2 1 0 1 3 1 4 0 3 0 2 3 1 3 4 4 1 1 2 3 3 4 1 4 3 3 0 0 0 0 0 0 0 0 0 0 
#TS56
3 0 2 3 2 3 3 0 2 1 3 3 2 1 4 1 2 2 1 3 2 0 4 2 0 0 1 3 2 3 3 3 1 3 4 1 2 4 4 2 0 1 2 4 3 0 1 3 2 2 1 4 1 3 4 0 2 4 2 3 3 3 1 1 1 3 1 2 1 1 1 0 0 2 2 1 0 1 3 1 3 1 3 1 2 3 2 3 4 3 1 1 2 3 4 4 1 3 3 3 0 0 0 0 0 0 0 0 0 0 
3 0 3 2 1 3 3 0 2 1 3 3 2 1 4 1 2 2 1 3 2 0 4 2 0 0 1 3 2 3 3 3 1 3 4 2 2 3 3 2 0 1 1 4 3 0 1 3 2 3 1 4 1 3 3 0 2 4 2 3 3 3 2 1 1 2 1 2 1 1 1 0 0 2 2 1 0 1 3 1 2 0 3 1 2 3 1 3 4 3 1 2 2 4 4 4 1 3 3 3 0 0 0 0 0 0 0 0 0 0 
#TS57
3 0 2 3 2 3 3 0 2 1 3 2 2 0 3 1 2 2 1 3 3 0 4 2 0 0 1 3 2 3 2 3 1 3 4 1 2 2 3 2 0 1 3 4 2 0 1 3 2 2 2 4 0 3 4 0 3 3 3 3 3 3 2 1 1 3 2 1 1 1 1 1 0 2 2 1 0 1 3 1 2 1 3 1 1 2 1 3 3 2 1 2 2 3 4 4 1 3 3 3 0 0 0 0 0 0 0 0 0 0 
3 0 2 3 2 3 3 0 2 1 3 2 2 0 3 1 2 2 1 3 3 0 4 2 0 0 1 3 2 3 2 3 1 3 4 1 2 2 3 2 0 1 3 4 2 0 1 3 2 2 2 4 0 3 4 0 3 3 3 3 3 3 2 1 1 3 2 1 1 1 1 1 0 2 2 1 0 1 3 1 2 1 3 1 1 2 1 3 3 2 1 2 2 3 4 4 1 3 3 3 0 0 0 0 0 0 0 0 0 0 
#TS58
3 1 2 3 3 3 4 1 2 2 2 3 2 2 3 2 4 2 1 3 3 0 3 2 0 0 1 4 2 3 3 3 1 3 4 1 2 3 4 2 0 2 1 4 3 0 2 4 1 2 2 4 0 4 4 0 3 4 2 3 3 3 1 1 1 2 1 2 1 1 1 0 0 2 3 1 0 1 3 1 3 1 3 1 2 3 1 3 4 3 1 1 1 3 4 4 0 3 3 3 0 0 0 0 0 0 0 0 0 0 
3 0 2 3 3 3 2 1 2 2 2 2 1 1 2 2 3 2 1 4 4 0 4 3 0 0 1 4 1 3 3 3 1 3 4 1 2 3 3 2 0 2 0 4 3 0 2 4 1 2 1 4 1 3 3 0 3 4 3 3 3 3 2 1 1 3 2 2 0 1 1 0 0 2 2 1 0 2 3 1 2 0 3 0 2 4 1 3 4 3 1 2 2 4 4 4 0 3 3 3 0 0 0 0 0 0 0 0 0 0 
#TS59
3 1 2 2 4 3 2 2 2 4 2 2 3 1 3 2 4 2 0 3 2 0 4 2 0 0 1 3 2 3 3 2 1 3 4 2 2 3 4 2 0 1 2 4 3 0 2 4 1 1 0 4 1 3 3 0 2 4 2 3 3 3 2 1 1 3 1 2 1 0 1 1 0 2 2 1 0 2 2 3 2 1 3 0 1 3 2 3 0 3 2 2 4 3 4 4 2 3 2 3 0 0 0 0 0 0 0 0 0 0 
3 1 2 3 3 3 3 1 1 3 2 2 1 1 2 2 2 2 0 3 3 0 4 3 0 0 1 4 2 3 3 2 1 3 4 1 2 3 3 2 0 1 2 4 2 0 2 3 2 2 1 4 2 3 4 0 2 4 2 3 2 3 2 1 1 3 2 2 1 1 1 0 0 3 3 2 0 1 2 3 2 2 3 1 1 2 1 1 1 1 2 2 2 3 3 4 1 3 3 3 0 0 0 0 0 0 0 0 0 0 
#TS60
0 0 4 4 0 3 3 1 2 1 4 3 3 0 2 0 0 1 2 2 2 0 1 2 4 0 1 3 1 3 3 3 1 4 4 3 3 4 3 2 0 1 0 3 2 3 1 3 3 0 4 4 2 1 1 2 3 1 1 3 3 2 2 1 1 2 1 2 1 0 2 0 0 2 2 1 0 4 3 0 3 0 3 1 2 3 1 3 4 3 1 2 2 1 3 4 1 3 3 0 0 0 1 0 0 0 0 0 0 0 
0 0 4 3 0 3 3 2 2 2 4 3 2 0 2 0 2 1 2 3 2 0 2 2 4 0 0 3 2 3 3 2 1 3 4 3 3 3 4 2 0 2 0 2 3 3 0 3 4 0 3 4 3 1 1 2 3 1 1 3 3 3 2 1 1 3 1 2 1 0 3 1 0 2 2 1 0 4 3 1 2 0 3 1 1 3 2 3 4 3 1 2 3 1 3 4 0 3 3 1 0 0 1 0 0 0 0 0 0 0 
#TS61
3 0 3 0 1 3 3 3 0 2 4 3 0 2 3 2 0 2 2 3 0 3 2 2 3 0 1 0 2 3 2 3 0 0 4 0 2 1 3 0 0 1 2 4 2 3 4 0 3 3 0 2 0 0 4 0 1 2 0 3 3 2 1 3 1 4 1 0 1 2 0 0 0 2 2 0 0 1 4 0 2 1 3 0 3 4 1 4 2 3 1 1 2 2 3 4 1 0 0 4 0 0 0 0 0 0 0 0 1 0 
3 0 3 1 2 4 3 4 0 1 3 3 0 2 3 2 1 2 3 3 1 4 2 2 3 0 1 0 2 3 2 3 0 0 4 0 2 1 3 0 0 1 2 4 2 2 3 0 2 3 0 2 0 0 4 0 2 2 1 3 3 1 1 1 1 3 1 0 1 2 0 0 0 2 2 0 0 1 3 0 4 0 2 0 2 3 2 3 2 3 1 1 3 2 4 4 0 0 0 2 0 0 0 0 0 0 0 0 0 0 
#TS62
3 0 2 3 2 3 3 0 2 0 3 3 3 1 3 1 2 2 1 3 2 0 4 2 0 0 1 3 2 3 3 3 1 4 4 1 3 3 3 2 0 1 1 4 3 0 2 4 3 3 0 4 0 3 3 0 2 4 2 3 3 3 2 1 1 3 1 2 1 1 1 0 0 2 2 1 0 1 3 0 2 0 2 0 2 3 1 3 4 3 0 2 2 3 4 4 0 3 3 3 0 0 0 0 0 0 0 0 0 0 
3 0 2 3 2 3 3 0 2 0 3 3 3 1 3 1 2 2 1 3 2 0 4 2 0 0 1 3 2 3 3 3 1 4 4 1 3 3 3 2 0 1 1 4 3 0 2 4 3 3 0 4 0 3 3 0 2 4 2 3 3 3 2 1 1 3 1 2 1 1 1 0 0 2 2 1 0 1 3 0 2 0 2 0 2 3 1 3 4 3 0 2 2 3 4 4 0 3 3 3 0 0 0 0 0 0 0 0 0 0 
#TS63
3 0 2 3 2 3 3 1 2 2 3 3 3 1 2 1 2 2 0 3 2 0 3 3 0 0 1 2 2 3 3 3 0 3 4 1 2 3 3 2 0 1 2 4 3 0 1 3 2 3 0 4 0 2 3 0 2 3 2 3 3 3 2 1 1 2 1 2 1 1 1 0 0 2 2 1 0 1 3 1 2 1 3 1 2 2 1 3 4 2 2 2 2 3 4 4 1 3 4 3 0 0 0 0 0 0 0 0 0 0 
2 0 3 3 2 3 3 0 2 1 3 3 3 2 3 1 2 1 1 3 2 0 4 2 0 0 1 3 2 3 3 3 1 3 4 1 2 4 3 2 0 1 2 4 2 0 1 4 2 3 1 4 0 4 4 1 2 4 1 3 3 3 2 1 1 3 1 2 1 1 1 0 0 2 2 1 0 1 3 1 2 0 3 0 2 3 1 3 4 3 1 2 2 3 3 4 0 3 3 3 0 0 0 0 0 0 0 0 0 0 
#TS64
1 0 3 0 0 3 3 1 1 1 1 2 3 2 3 2 2 2 2 3 1 0 4 2 0 0 1 2 2 3 3 3 1 1 1 1 3 3 0 0 0 1 3 3 3 0 0 0 3 4 0 4 0 1 3 3 1 0 1 3 2 3 2 1 0 3 4 0 1 1 1 0 0 2 2 1 0 1 2 2 2 0 3 0 2 3 1 2 4 0 1 2 4 3 4 4 0 1 3 3 0 0 0 0 0 1 0 0 0 0 
0 1 2 0 0 3 2 2 1 2 3 1 3 4 3 2 4 2 1 3 0 0 4 3 0 0 1 2 1 3 3 3 1 1 0 0 2 3 0 0 0 1 2 1 3 0 0 1 3 4 0 4 0 1 2 3 1 0 1 3 2 3 2 1 0 3 3 0 2 1 1 1 0 1 3 1 0 1 1 2 2 0 3 0 1 3 1 2 4 0 2 3 4 3 4 4 0 0 3 3 0 0 0 0 0 1 0 0 0 0 
#TS65
3 0 2 3 2 3 4 0 2 1 3 2 2 1 2 1 2 2 1 4 2 0 4 3 0 0 1 2 2 3 3 3 1 3 4 1 2 3 4 2 0 1 3 4 3 0 1 3 2 2 2 4 1 3 4 0 2 4 2 3 3 3 1 1 1 3 1 2 1 1 1 0 0 2 2 1 0 1 3 1 3 1 3 1 2 3 1 3 4 3 1 2 2 3 4 4 1 3 3 3 0 0 0 0 0 0 0 0 0 0 
3 0 2 3 2 3 3 0 2 1 3 3 2 1 4 1 2 2 1 3 2 0 4 2 0 0 1 3 2 3 3 3 1 3 4 1 2 4 4 2 0 1 2 4 3 0 1 3 2 2 1 4 1 3 4 0 2 4 2 3 3 3 1 1 1 3 1 2 1 1 1 0 0 2 2 1 0 1 3 1 3 1 3 1 2 3 2 3 4 3 1 1 2 3 4 4 1 3 3 3 0 0 0 0 0 0 0 0 0 0 
#TS66
3 0 2 3 2 3 3 0 2 1 3 2 2 1 3 1 2 1 1 4 2 0 4 1 0 0 1 3 2 3 3 3 1 3 4 2 2 3 3 2 0 1 1 4 3 0 1 4 3 3 1 4 1 3 4 0 2 4 2 3 2 3 2 1 1 4 1 2 1 1 1 0 0 2 2 1 0 1 4 1 2 1 3 0 2 3 1 3 4 3 1 2 2 3 4 4 0 3 3 3 0 0 0 0 0 0 0 0 0 0 
3 0 2 3 2 3 3 0 2 1 3 2 3 1 3 1 2 2 1 3 3 0 4 2 0 0 1 3 3 3 3 3 1 3 4 1 2 3 3 2 0 1 2 4 3 0 2 3 3 3 1 4 1 3 3 0 2 4 3 3 3 3 2 1 1 3 1 2 2 1 1 1 0 2 1 1 0 1 3 1 3 0 3 1 2 3 1 3 4 3 1 2 2 3 4 4 1 3 3 4 0 0 0 0 0 0 0 0 0 0 
#TS67
0 4 0 0 0 4 0 0 0 3 3 3 4 3 3 1 3 2 3 0 0 3 4 2 0 3 0 3 1 0 3 3 1 2 0 2 2 3 4 2 0 1 2 0 0 0 1 2 3 4 0 4 0 0 0 3 0 0 1 3 4 3 0 1 0 3 1 2 0 1 0 2 0 2 1 1 0 1 2 0 2 3 2 0 0 3 1 0 1 3 0 0 0 3 3 1 0 3 3 3 1 0 0 0 0 0 0 0 0 0 
0 4 0 0 0 3 0 0 0 4 4 3 3 4 3 1 4 2 3 0 0 2 4 2 0 3 0 3 1 0 4 3 1 3 0 1 2 3 4 2 0 1 2 1 0 0 2 3 2 4 0 4 0 0 0 3 0 0 0 3 3 3 0 1 1 3 2 2 1 1 0 1 0 3 2 1 0 1 3 0 2 4 3 0 0 3 0 0 1 3 0 0 0 3 4 1 0 3 3 3 0 0 0 0 0 0 0 0 0 0 
#TS68
2 2 3 1 3 3 2 3 2 4 2 3 4 1 3 2 2 2 1 3 3 0 3 3 0 0 0 4 2 3 3 2 0 4 3 2 2 3 4 2 0 2 2 4 3 0 1 4 2 2 0 4 1 3 2 1 0 2 1 3 1 3 2 1 1 3 0 2 1 1 1 1 0 2 3 2 0 1 2 4 1 2 2 0 2 2 3 1 0 3 0 2 2 3 4 4 2 3 2 3 0 0 0 0 0 0 0 0 0 0 
3 1 2 2 4 3 2 2 2 4 2 2 3 1 3 2 4 2 0 3 2 0 4 2 0 0 1 3 2 3 3 2 1 3 4 2 2 3 4 2 0 1 2 4 3 0 2 4 1 1 0 4 1 3 3 0 2 4 2 3 3 3 2 1 1 3 1 2 1 0 1 1 0 2 2 1 0 2 2 3 2 1 3 0 1 3 2 3 0 3 2 2 4 3 4 4 2 3 2 3 0 0 0 0 0 0 0 0 0 0 
#TS69
3 0 2 2 1 3 3 0 2 1 3 3 3 1 1 0 2 2 2 3 0 0 2 2 0 0 1 3 2 1 3 2 0 3 4 2 2 3 3 2 0 0 2 4 2 0 1 1 4 3 1 1 0 3 4 0 2 4 2 4 3 4 2 1 1 3 2 2 1 1 0 0 0 1 2 1 2 3 3 1 2 0 3 1 2 2 0 2 4 3 1 2 3 3 4 4 1 3 2 3 0 0 0 0 1 0 0 0 0 0 
2 0 3 0 0 3 3 0 2 1 3 3 2 1 1 0 1 2 3 3 0 0 0 2 0 0 1 3 2 0 3 0 0 2 2 3 2 3 3 2 0 0 2 4 3 0 1 0 2 4 4 0 0 3 3 1 1 2 1 4 3 3 2 1 0 3 1 2 1 1 1 0 0 0 2 1 2 3 3 1 3 0 3 1 2 2 0 3 4 3 1 2 2 3 4 4 1 3 1 3 0 0 0 0 1 0 0 0 0 0 
#TS70
2 0 3 3 0 3 3 1 1 2 4 4 3 2 0 0 0 2 3 3 1 0 4 2 0 0 0 3 2 3 2 3 1 3 3 3 2 4 3 1 4 0 4 4 3 0 1 2 2 4 0 4 0 2 3 0 2 2 2 4 3 3 2 0 1 4 1 2 1 1 3 1 0 2 2 1 4 1 3 1 2 1 3 4 2 0 0 3 4 0 4 2 3 2 4 4 0 3 3 3 0 0 0 0 0 0 0 0 0 0 
3 0 2 1 2 3 3 0 2 2 4 3 3 1 3 1 1 2 1 3 2 0 4 2 0 0 1 2 2 3 3 3 0 3 4 1 2 3 3 2 1 0 3 4 3 0 0 2 2 3 0 4 0 2 4 0 2 2 2 3 3 4 1 0 1 3 1 2 1 1 1 0 0 2 1 1 0 1 3 1 2 1 3 1 1 3 1 3 4 2 2 2 2 4 3 3 1 3 3 3 0 0 0 0 0 0 0 0 0 0 
#TS71
3 0 3 0 1 3 3 3 1 1 4 3 0 2 2 2 0 3 2 3 1 4 2 2 4 0 1 0 3 3 1 3 0 0 4 0 2 1 3 0 0 1 2 4 2 2 4 0 3 4 0 2 0 0 4 0 1 1 0 3 3 0 2 2 1 4 1 0 1 1 1 0 0 2 2 1 0 1 3 0 2 1 3 0 3 3 1 4 3 4 1 1 2 2 4 4 1 0 1 4 0 0 0 0 0 0 0 0 1 0 
3 0 3 0 1 4 3 4 0 1 3 3 0 2 3 3 0 2 2 3 1 4 2 3 3 0 1 0 2 3 1 3 0 0 4 0 2 1 3 0 0 1 1 4 3 3 3 0 3 4 0 2 0 0 4 0 1 2 0 3 4 0 2 3 1 3 1 0 0 4 0 0 0 2 1 0 0 1 4 0 2 1 3 0 3 2 2 4 2 3 0 0 2 2 4 4 1 0 0 3 0 0 0 0 0 0 0 0 1 0 
#TS72
0 3 2 0 0 3 0 2 3 3 3 1 3 4 3 2 3 2 1 2 1 0 4 2 0 0 1 2 1 3 3 3 1 2 0 1 2 2 0 0 0 1 3 0 3 0 0 1 4 4 0 4 0 1 2 4 1 0 0 3 3 3 2 1 0 3 3 0 3 1 1 0 0 2 3 1 0 1 2 2 2 1 3 0 2 3 1 2 4 0 4 4 4 3 4 4 1 1 3 3 0 0 0 0 0 1 0 0 0 0 
0 3 2 0 0 3 0 4 3 3 3 1 3 4 2 3 4 1 1 1 1 0 4 1 0 0 1 2 1 3 3 4 1 1 0 1 2 3 0 0 0 0 3 0 3 0 0 0 4 4 0 4 0 0 2 4 0 0 0 3 2 3 2 1 0 2 4 0 1 1 1 1 0 2 3 1 0 2 1 2 1 0 3 0 2 2 1 2 4 0 2 3 4 3 4 4 1 1 3 3 0 0 0 0 0 1 0 0 0 0 
#TS73
3 0 2 3 2 3 2 0 2 1 3 3 2 1 3 2 2 2 2 3 2 0 4 1 0 0 1 3 2 3 2 4 1 3 4 1 2 3 3 2 0 1 2 4 2 0 3 4 1 3 1 4 0 3 4 0 4 4 2 3 3 3 2 1 1 2 3 2 0 2 1 2 1 2 2 1 0 1 3 0 2 0 3 0 2 3 1 4 4 3 1 1 1 3 4 4 1 3 3 3 0 0 0 0 0 0 0 0 0 0 
3 0 2 3 2 3 3 0 2 1 3 3 3 1 4 2 2 2 1 3 2 0 4 2 0 0 1 3 2 4 3 3 1 3 4 1 2 3 3 2 0 1 2 4 2 0 2 4 2 3 0 4 0 3 3 0 2 3 1 3 3 3 2 1 0 2 2 2 1 2 1 0 1 3 1 2 0 1 3 1 2 0 3 0 3 3 1 2 4 3 1 2 2 3 4 4 0 3 3 3 0 0 0 0 0 0 0 0 0 0 
#TS74
3 0 2 3 2 3 3 0 2 1 3 3 3 1 3 1 2 2 1 3 2 0 4 2 0 0 1 3 2 3 3 3 1 3 4 1 2 3 3 2 0 1 2 4 3 0 1 3 2 3 1 4 0 3 4 0 2 4 2 3 3 3 2 1 1 3 1 2 1 1 1 0 0 2 2 1 0 1 3 1 2 0 3 1 2 3 1 3 4 3 1 2 2 3 4 4 1 3 3 3 0 0 1 0 0 0 0 0 0 0 
3 0 2 3 0 3 3 0 3 0 3 2 3 0 2 0 2 2 1 3 2 0 2 2 3 0 1 3 2 3 3 3 1 3 4 4 2 3 4 3 0 1 1 4 3 1 1 2 3 1 2 4 0 2 2 0 2 3 1 3 3 3 1 1 2 3 1 2 1 0 3 0 0 2 2 1 0 3 3 1 2 0 3 1 1 3 1 3 4 3 1 2 2 2 4 4 1 3 4 1 0 0 1 0 0 0 0 0 0 0 
#TS75
3 0 2 2 2 3 2 1 0 1 3 3 2 1 3 2 1 2 2 3 1 0 3 2 0 0 1 2 0 3 2 2 1 3 3 0 1 1 3 2 0 1 2 4 2 1 4 4 2 3 0 4 0 3 3 0 2 3 0 3 3 2 2 1 1 3 1 1 1 3 0 0 0 2 2 0 0 1 3 0 3 0 3 0 2 3 2 3 2 3 1 0 1 2 4 4 1 2 2 3 0 0 0 0 0 0 0 0 0 0 
3 0 2 3 2 3 3 0 0 1 3 3 3 1 3 2 3 2 1 3 2 0 4 2 0 0 1 3 1 3 3 4 0 3 4 1 2 3 3 2 0 1 2 4 2 0 3 4 2 3 1 4 0 2 4 0 2 4 1 3 3 3 1 1 1 3 1 2 1 2 1 1 0 2 2 1 0 1 3 1 3 0 3 0 2 3 1 3 3 3 0 1 2 4 4 4 1 3 4 4 0 0 0 0 0 0 0 0 0 0 
#TS76
1 4 2 0 3 3 0 0 0 4 3 3 3 4 3 2 4 1 1 1 2 0 4 2 0 2 1 2 2 2 4 4 1 3 2 1 2 3 3 2 0 1 2 3 1 0 4 4 2 4 0 4 0 2 2 2 2 2 1 3 1 3 1 0 1 3 1 2 1 1 1 0 0 2 2 1 0 1 3 0 2 0 3 0 2 3 1 2 2 4 1 0 0 3 4 4 0 3 3 3 0 0 0 0 0 0 0 0 0 0 
3 2 3 1 4 3 2 0 1 3 3 3 3 2 3 2 4 2 0 3 3 0 4 2 0 1 1 3 1 3 4 3 1 3 4 1 2 3 4 2 0 1 2 4 2 0 3 3 1 3 0 4 0 3 4 0 2 4 2 3 1 3 1 0 0 3 1 3 1 1 1 0 0 2 2 1 0 1 4 1 2 1 2 0 2 3 1 3 3 3 0 1 0 3 4 4 0 3 3 3 0 0 0 0 0 0 0 0 0 0 
#TS77
3 0 2 3 2 3 4 0 3 2 3 2 1 0 3 2 2 2 1 3 2 0 4 3 0 0 1 3 2 3 3 3 1 2 4 1 2 3 3 2 0 1 2 4 2 0 2 3 1 2 1 4 1 4 4 0 3 4 2 3 3 3 2 1 2 2 1 2 1 0 0 1 0 2 2 1 0 1 3 1 3 0 3 0 2 3 1 3 4 3 1 2 2 3 3 4 1 3 3 3 0 0 0 0 0 0 0 0 0 0 
3 0 2 3 2 3 3 0 1 1 3 3 2 1 3 1 2 1 1 3 2 0 4 2 0 0 1 3 2 3 3 1 1 3 4 1 2 3 3 3 0 1 1 4 3 0 2 3 2 3 1 4 1 3 4 0 2 4 2 4 3 3 1 1 1 3 2 2 2 1 1 0 0 3 3 1 0 1 3 1 2 1 3 0 2 3 1 3 4 3 1 2 2 4 4 4 0 3 2 3 0 0 0 0 0 0 0 0 0 0 
#TS78
3 0 2 3 2 3 3 0 4 1 3 3 3 1 3 1 2 2 1 3 2 0 4 2 0 0 1 3 2 3 3 2 1 2 4 1 2 2 4 2 0 1 2 4 3 0 1 3 2 3 1 4 1 3 4 0 2 4 2 3 3 3 2 1 2 3 1 2 2 0 1 0 0 2 2 1 0 1 4 1 3 0 3 1 2 3 1 3 4 3 1 2 2 3 4 4 1 3 3 4 0 0 0 0 0 0 0 0 0 0 
3 0 2 3 2 3 3 0 2 1 3 3 3 1 3 1 2 2 2 4 2 0 4 3 0 0 1 4 2 3 3 3 1 2 4 1 2 3 3 2 0 1 2 4 3 0 1 3 2 3 1 4 0 3 4 0 2 4 2 3 3 3 2 1 2 2 1 2 1 0 1 0 0 2 2 1 0 1 3 1 3 0 3 1 2 3 1 3 4 3 1 2 2 3 4 4 1 3 3 3 0 0 0 0 0 0 0 0 0 0 
#TS79
3 0 3 2 1 3 3 0 2 1 3 3 2 1 4 1 2 2 1 3 2 0 4 2 0 0 1 3 2 3 3 3 1 3 4 2 2 3 3 2 0 1 1 4 3 0 1 3 2 3 1 4 1 3 3 0 2 4 2 3 3 3 2 1 1 2 1 2 1 1 1 0 0 2 2 1 0 1 3 1 2 0 3 1 2 3 1 3 4 3 1 2 2 4 4 4 1 3 3 3 0 0 0 0 0 0 0 0 0 0 
3 0 2 1 2 3 3 0 2 1 3 3 3 1 3 1 1 3 1 3 1 0 4 2 0 0 1 2 2 3 3 3 1 3 4 1 2 3 3 2 0 1 2 4 3 0 1 4 2 3 1 4 0 2 4 0 2 3 1 3 3 3 2 1 1 3 1 1 1 1 1 0 0 2 2 1 0 1 3 1 2 0 3 1 2 2 2 3 4 3 1 2 2 3 4 4 1 3 3 3 0 0 0 0 0 0 0 0 0 0 
#TS80
1 1 3 0 0 2 2 2 2 4 3 3 3 2 0 0 3 2 2 3 0 0 0 1 0 0 0 3 2 0 3 0 0 3 0 3 2 3 3 2 0 0 3 3 3 1 0 0 2 4 4 0 0 2 4 1 2 1 0 4 3 4 2 1 1 3 1 2 1 1 1 0 0 0 2 1 3 4 3 1 2 1 3 0 2 1 0 3 3 3 1 2 2 3 4 4 1 3 1 3 0 0 0 0 0 0 0 0 0 0 
2 1 3 0 3 3 2 3 3 4 3 3 4 3 3 1 3 2 1 3 2 0 3 1 0 0 0 3 1 2 3 1 1 2 3 1 2 3 3 2 0 0 4 4 3 1 1 2 2 3 1 3 0 3 3 0 2 3 2 3 3 3 2 1 0 3 1 2 1 1 1 0 0 1 2 1 0 1 3 1 2 1 3 0 2 3 1 3 4 2 1 2 4 3 4 4 1 3 3 3 0 0 0 0 0 0 0 0 0 0 
#TS81
3 0 2 3 2 3 3 0 2 1 3 3 3 1 3 1 2 2 1 3 2 0 4 2 0 0 1 3 2 3 3 3 1 3 4 1 2 2 4 2 0 1 2 4 2 0 1 3 2 2 1 4 1 3 4 0 2 4 2 3 3 3 2 1 1 3 1 2 1 1 1 0 0 2 2 1 0 1 3 1 2 1 3 1 2 2 1 3 4 2 1 2 2 3 4 4 1 3 3 3 0 0 0 0 0 0 0 0 0 0 
3 0 2 3 2 3 3 0 2 1 3 2 2 0 3 1 2 2 1 3 3 0 4 2 0 0 1 3 2 3 2 3 1 3 4 1 2 2 3 2 0 1 3 4 2 0 1 3 2 2 2 4 0 3 4 0 3 3 3 3 3 3 2 1 1 3 2 1 1 1 1 1 0 2 2 1 0 1 3 1 2 1 3 1 1 2 1 3 3 2 1 2 2 3 4 4 1 3 3 3 0 0 0 0 0 0 0 0 0 0 
#TS82
0 4 0 0 0 3 0 0 0 4 4 3 3 4 3 1 4 2 3 0 0 2 4 2 0 3 0 3 1 0 4 3 1 3 0 1 2 3 4 2 0 1 2 1 0 0 2 3 2 4 0 4 0 0 0 3 0 0 0 3 3 3 0 1 1 3 2 2 1 1 0 1 0 3 2 1 0 1 3 0 2 4 3 0 0 3 0 0 1 3 0 0 0 3 4 1 0 3 3 3 0 0 0 0 0 0 0 0 0 0 
1 4 2 0 3 3 0 0 0 4 3 3 3 4 3 2 4 1 1 1 2 0 4 2 0 2 1 2 2 2 4 4 1 3 2 1 2 3 3 2 0 1 2 3 1 0 4 4 2 4 0 4 0 2 2 2 2 2 1 3 1 3 1 0 1 3 1 2 1 1 1 0 0 2 2 1 0 1 3 0 2 0 3 0 2 3 1 2 2 4 1 0 0 3 4 4 0 3 3 3 0 0 0 0 0 0 0 0 0 0 
#TS83
3 0 3 0 0 3 3 4 0 1 3 4 0 2 2 2 0 2 2 3 0 4 2 3 3 0 1 0 2 3 1 3 0 0 4 0 2 1 3 0 0 1 2 4 2 3 3 0 2 4 0 2 0 0 4 0 2 1 0 4 3 1 1 2 1 4 1 0 1 3 1 0 0 4 2 0 0 1 3 0 2 2 3 0 2 3 2 4 3 3 0 1 2 2 4 4 0 0 0 3 0 0 0 0 0 0 0 0 1 0 
3 0 3 0 0 3 3 4 0 1 3 3 0 2 3 2 0 2 2 3 1 4 1 2 3 0 1 0 3 3 2 3 0 0 4 0 2 1 3 0 0 1 2 4 3 3 4 0 2 3 0 4 0 0 3 0 1 1 0 3 3 1 1 1 1 3 1 0 1 3 0 0 0 2 2 0 0 1 3 0 2 0 3 0 2 3 1 3 1 3 1 0 2 3 3 4 1 0 0 3 0 0 0 0 0 0 0 0 1 0 
#TS84
3 0 2 3 3 3 3 0 2 1 3 2 3 1 3 1 2 2 1 3 3 0 4 2 0 0 1 3 2 3 3 2 1 2 4 1 2 3 4 2 0 1 3 4 3 0 1 2 2 2 2 4 1 3 4 0 2 4 2 3 2 3 2 1 1 3 1 2 1 0 1 0 0 3 2 1 0 1 3 1 2 0 3 1 2 3 1 2 4 2 2 2 2 3 4 4 1 3 3 3 0 0 0 0 0 0 0 0 0 0 
3 0 2 3 2 3 3 0 1 1 3 3 3 0 3 1 2 2 1 3 2 0 4 2 0 0 1 2 1 3 3 3 1 3 4 1 2 3 4 2 0 1 2 4 3 0 1 3 2 3 1 4 1 3 4 0 3 4 2 3 3 3 2 1 1 3 1 2 1 1 1 0 0 2 2 1 0 1 3 1 2 0 3 1 2 3 1 2 4 2 2 2 2 3 4 4 0 3 3 3 0 0 0 0 0 0 0 0 0 0 
#TS85
3 0 2 3 2 3 3 0 2 1 3 2 3 1 3 1 2 2 1 3 3 0 4 2 0 0 1 3 3 3 3 3 1 3 4 1 2 3 3 2 0 1 2 4 3 0 2 3 3 3 1 4 1 3 3 0 2 4 3 3 3 3 2 1 1 3 1 2 2 1 1 1 0 2 1 1 0 1 3 1 3 0 3 1 2 3 1 3 4 3 1 2 2 3 4 4 1 3 3 4 0 0 0 0 0 0 0 0 0 0 
3 0 2 3 2 3 3 0 4 1 3 2 2 1 3 1 3 2 1 3 2 0 4 2 0 0 1 3 2 3 3 2 1 3 4 1 2 3 3 2 0 1 1 4 3 0 1 3 2 3 1 4 0 4 3 0 2 4 2 3 2 3 2 1 1 3 1 2 2 1 1 0 0 2 2 1 0 1 3 1 3 0 3 1 2 3 1 3 4 3 1 2 2 3 4 4 0 3 3 3 0 0 0 0 0 0 0 0 0 0 
#TS86
3 0 2 3 2 3 3 0 2 1 3 3 3 1 3 2 3 1 1 3 2 0 4 2 0 0 1 3 2 3 3 4 1 3 4 1 2 3 3 2 0 0 3 4 2 0 1 2 2 3 1 4 0 3 4 0 2 4 3 3 3 3 2 1 2 3 1 2 1 1 1 0 0 2 2 1 0 2 3 2 2 0 3 0 2 3 1 2 4 2 3 2 2 3 4 4 1 3 3 3 0 0 0 0 0 0 0 0 0 0 
3 0 2 3 2 3 3 0 1 1 3 3 3 1 3 1 2 2 1 3 2 0 4 3 0 0 0 2 2 3 2 2 1 3 4 1 2 3 3 2 0 0 3 4 3 0 1 2 2 3 2 4 0 3 4 0 2 4 3 3 3 3 2 1 1 4 1 2 1 1 1 0 0 1 2 0 0 1 3 1 2 1 3 1 2 3 1 4 4 3 1 2 2 3 4 4 1 3 3 3 0 0 0 0 0 0 0 0 0 0 
#TS87
1 0 3 3 0 3 2 4 0 1 0 3 1 2 3 1 0 3 3 3 1 0 4 4 0 0 1 3 1 1 4 3 0 3 1 1 3 3 3 0 0 1 2 3 3 0 1 4 2 2 1 4 1 3 2 2 1 1 1 3 2 3 4 0 1 2 0 2 1 0 0 0 0 1 3 3 0 1 0 1 3 3 2 0 2 3 3 1 0 3 0 2 4 3 3 4 1 0 3 3 0 0 0 1 0 0 0 0 0 0 
0 0 2 3 0 3 1 3 0 1 0 3 1 3 3 1 1 3 2 3 1 0 4 4 0 0 1 3 3 1 4 3 0 3 1 1 3 3 3 0 0 2 3 2 3 0 1 4 3 1 1 4 2 3 1 3 0 0 0 3 2 3 3 0 1 2 0 2 1 0 0 0 1 3 3 3 0 1 0 2 4 4 1 0 2 3 3 1 0 3 0 2 4 3 4 4 2 0 3 3 0 0 0 1 0 0 0 0 0 0 
#TS88
3 0 0 0 1 3 3 2 2 1 3 3 3 2 3 0 0 0 2 3 0 0 2 3 0 0 1 3 1 3 1 3 1 3 3 1 4 3 3 0 0 1 3 4 3 0 1 3 3 4 0 4 0 1 4 1 3 2 1 3 3 3 1 1 1 3 0 0 1 1 1 0 0 3 1 4 0 2 3 1 2 2 3 0 2 0 0 3 4 2 2 2 2 0 0 3 0 3 3 3 0 0 0 0 0 0 1 0 0 0 
3 0 0 0 1 3 3 1 2 1 3 3 3 1 3 0 0 0 2 3 0 0 1 3 0 0 1 3 3 3 1 3 1 3 3 1 4 3 4 0 0 0 4 4 2 0 1 3 2 4 1 4 0 2 4 1 3 3 2 3 3 3 1 3 2 3 0 0 1 1 1 0 0 2 2 4 0 3 3 1 2 2 3 1 3 0 0 3 3 2 2 2 2 0 0 3 1 3 3 3 0 0 0 0 0 0 1 0 0 0 
#TS89
3 0 3 3 2 3 3 1 1 1 1 1 1 1 3 1 2 2 1 3 2 0 4 3 0 0 1 3 2 3 3 3 1 3 4 1 2 3 3 1 1 1 2 4 3 0 1 3 2 2 2 4 1 3 3 0 4 4 2 3 4 4 2 1 1 3 2 2 2 1 1 1 0 2 2 1 0 2 2 2 3 2 4 1 1 3 1 3 2 1 2 2 2 4 3 4 1 3 3 3 0 0 0 0 0 0 0 0 0 0 
3 0 1 4 2 3 3 1 2 1 3 2 3 1 3 1 2 2 1 3 3 0 4 3 0 0 1 3 2 3 3 4 1 4 4 1 2 3 4 2 0 1 2 4 3 0 1 3 2 2 1 4 1 3 3 0 3 4 2 3 3 3 2 1 1 3 2 2 3 0 1 0 0 1 2 1 0 1 3 2 2 2 3 1 1 3 1 3 2 1 2 3 3 4 4 4 1 3 3 3 0 0 0 0 0 0 0 0 0 0 
#TS90
3 0 2 3 2 3 3 0 2 1 3 3 3 1 3 1 2 2 1 3 2 0 4 2 0 0 1 3 2 3 3 3 1 3 4 1 2 3 3 2 0 1 2 4 3 0 1 3 2 3 1 4 0 3 4 0 2 4 2 3 3 3 2 1 1 3 1 2 1 1 1 0 0 2 2 1 0 1 3 1 2 0 3 1 2 3 1 3 4 3 1 2 2 3 4 4 1 3 3 3 0 0 0 1 0 0 0 0 0 0 
3 0 2 3 0 3 2 3 1 1 1 3 1 1 3 1 2 3 2 2 2 0 4 4 0 0 1 3 1 2 3 2 0 3 4 1 2 3 4 0 0 1 2 4 3 0 1 3 1 1 1 4 0 3 4 0 2 3 2 3 3 3 3 0 1 3 1 2 1 1 0 0 0 2 2 3 0 1 0 1 4 3 3 0 2 3 2 3 4 3 1 2 3 4 3 4 1 1 3 2 0 0 0 1 0 0 0 0 0 0 
#TS91
1 1 4 0 0 2 2 2 2 4 3 3 4 2 0 0 2 2 2 3 0 0 0 0 0 0 0 3 3 1 4 1 0 3 1 4 2 3 3 2 0 0 3 4 3 1 1 0 4 4 4 0 0 3 3 2 1 0 1 3 3 3 1 1 1 4 1 2 1 1 1 1 0 0 2 1 2 3 3 1 2 0 3 0 2 2 0 3 4 3 1 2 2 4 3 4 0 3 1 3 0 0 0 0 1 0 0 0 0 0 
1 1 3 0 0 2 2 4 3 3 3 3 3 2 0 0 3 2 2 3 0 0 0 1 0 0 0 2 3 0 4 1 0 2 1 2 2 3 3 2 0 0 3 4 3 0 1 0 2 4 4 0 0 3 3 1 1 1 1 3 3 3 1 1 1 4 1 2 2 1 1 1 0 0 2 1 3 2 3 1 2 0 3 0 2 2 0 3 4 3 1 2 3 4 3 4 0 4 0 3 0 0 0 0 1 0 0 0 0 0 
#TS92
0 1 4 3 0 3 2 3 2 3 3 3 3 0 2 0 2 1 1 2 3 0 1 2 4 0 1 3 2 3 3 3 0 4 3 3 3 3 3 2 0 3 1 3 3 3 1 3 3 0 4 4 3 1 1 2 3 1 1 3 3 3 2 1 1 3 1 2 1 0 4 0 0 2 2 1 0 2 3 1 2 1 3 1 1 2 1 4 4 3 1 2 2 1 3 4 2 3 4 0 0 0 1 0 0 0 0 0 0 0 
0 2 3 4 0 3 3 3 2 3 4 3 4 0 2 0 2 2 1 3 4 0 3 2 4 0 1 3 2 3 3 3 1 3 4 4 3 4 3 2 0 4 0 3 3 4 1 4 3 0 4 4 4 1 1 2 4 1 1 3 3 3 1 1 0 4 1 2 1 0 4 0 0 2 1 1 0 3 3 1 2 0 3 1 1 3 1 3 4 3 1 2 2 0 3 4 1 3 2 0 0 0 1 0 0 0 0 0 0 0 
#TS93
2 1 2 0 4 3 2 3 2 3 2 4 3 3 3 2 3 1 0 2 2 0 4 2 0 0 1 3 1 3 3 3 1 3 3 1 1 3 3 2 0 0 3 3 3 0 1 3 3 3 1 4 0 3 3 0 2 4 2 3 3 3 2 1 1 2 2 2 2 1 2 2 1 3 2 1 0 1 2 3 2 1 3 0 1 3 1 3 1 1 2 2 2 3 4 4 2 3 3 3 0 0 0 0 0 0 0 0 0 0 
3 1 2 3 4 3 3 2 2 3 2 3 2 2 3 1 3 2 0 3 4 0 4 2 0 0 0 3 2 3 3 3 1 3 4 1 2 3 3 2 0 1 2 3 3 0 1 3 2 2 1 4 0 3 3 0 2 4 2 3 3 3 2 1 1 3 2 2 1 1 1 1 1 3 2 2 0 2 2 2 2 1 4 1 1 3 1 2 3 2 3 2 3 4 4 4 1 3 3 3 0 0 0 0 0 0 0 0 0 0 
#TS94
3 0 2 3 2 0 3 0 2 0 3 0 1 0 2 3 2 2 1 3 4 1 4 3 0 0 1 1 0 3 1 3 1 0 1 0 1 2 2 0 1 2 2 4 3 0 3 0 2 0 1 0 4 3 4 0 2 4 2 3 3 0 2 0 1 2 3 3 0 4 1 3 1 3 0 3 0 1 3 2 3 0 3 1 3 3 1 3 4 3 1 2 2 4 4 4 2 3 3 3 0 0 0 0 0 0 0 0 0 0 
3 0 2 3 2 2 3 0 2 1 3 0 2 0 3 2 3 2 1 3 3 0 4 3 0 0 1 2 1 3 1 3 1 2 2 0 1 2 2 1 0 2 2 4 3 0 3 3 3 2 1 4 3 3 4 0 2 3 3 3 3 0 2 1 1 3 3 2 1 4 1 3 3 4 1 1 0 1 3 0 3 0 3 0 2 3 1 3 4 3 1 2 2 3 4 4 2 3 3 3 0 0 0 0 0 0 0 0 0 0 
#TS95
3 0 3 3 2 3 3 0 2 1 3 3 2 1 3 1 3 2 1 3 2 0 4 3 0 0 1 3 2 3 3 3 1 3 4 2 2 3 3 2 0 1 3 4 3 0 2 3 2 3 1 4 1 3 4 0 2 4 2 3 3 3 1 1 1 3 1 2 1 1 1 0 0 2 2 1 0 1 3 1 2 0 3 0 2 3 1 3 4 3 1 2 2 4 3 4 0 3 3 3 0 0 0 0 0 0 0 0 0 0 
3 0 2 3 2 3 3 0 2 1 3 3 3 1 3 2 3 2 0 3 2 0 4 2 0 0 1 3 3 3 3 3 2 3 4 1 2 3 3 2 0 1 1 4 3 0 1 3 2 3 1 4 0 3 4 0 2 4 2 3 3 3 2 1 1 2 1 2 1 1 1 0 0 2 2 1 0 1 3 1 2 2 3 0 2 3 1 3 4 2 1 2 2 4 4 4 0 3 3 3 0 0 0 0 0 0 0 0 0 0 
#TS96
2 0 2 1 2 3 3 1 2 1 3 3 3 1 2 2 1 2 1 3 1 0 4 2 0 2 1 3 2 3 3 3 0 3 3 1 2 3 3 2 0 1 2 4 3 0 2 3 4 4 0 4 0 2 4 1 2 3 2 4 3 3 0 1 1 2 1 2 1 1 1 0 0 2 2 1 0 1 3 1 2 0 3 1 2 3 1 3 4 3 1 1 2 3 4 4 0 3 3 3 0 0 0 0 0 0 0 0 0 0 
3 0 2 3 2 3 3 0 2 1 3 3 3 1 3 1 2 2 1 3 2 0 4 2 0 1 1 4 2 3 3 3 1 3 4 1 2 3 3 2 0 1 2 3 2 0 1 3 2 2 0 4 1 3 4 0 2 4 2 3 3 3 1 1 1 2 1 2 1 0 1 0 0 2 2 0 0 1 3 0 2 1 2 1 3 3 1 3 4 3 1 1 1 3 4 4 0 3 3 3 0 0 0 0 0 0 0 0 0 0 
#TS97
2 1 3 0 3 3 2 3 3 4 3 3 4 3 3 1 3 2 1 3 2 0 3 1 0 0 0 3 1 2 3 1 1 2 3 1 2 3 3 2 0 0 4 4 3 1 1 2 2 3 1 3 0 3 3 0 2 3 2 3 3 3 2 1 0 3 1 2 1 1 1 0 0 1 2 1 0 1 3 1 2 1 3 0 2 3 1 3 4 2 1 2 4 3 4 4 1 3 3 3 0 0 0 0 0 0 0 0 0 0 
3 0 3 3 4 3 2 1 2 3 2 3 2 2 2 2 2 2 1 3 2 0 3 1 0 0 0 3 2 3 3 3 1 3 4 1 2 3 3 2 0 1 2 4 2 0 0 3 4 2 1 4 1 3 4 0 2 4 2 3 3 3 2 1 1 3 2 2 1 0 1 0 0 2 2 1 0 1 3 2 2 0 3 1 1 3 1 3 4 2 1 2 3 3 3 4 1 3 3 3 0 0 0 0 0 0 0 0 0 0 
#TS98
2 2 4 1 3 3 2 4 2 3 3 2 3 0 2 2 2 1 1 3 2 0 3 1 0 0 1 3 2 3 3 3 1 3 4 1 4 3 3 2 0 3 2 4 2 2 1 3 2 3 2 4 3 1 4 0 2 3 2 3 3 3 2 1 1 3 1 2 1 0 1 0 0 2 2 1 0 1 3 1 2 0 3 1 2 2 1 3 4 3 1 2 2 3 3 3 1 3 3 2 0 0 0 0 0 0 0 0 0 0 
2 1 2 1 4 3 2 2 2 3 3 2 2 1 3 2 4 2 0 3 3 0 4 2 0 0 1 4 2 3 3 3 1 3 4 1 2 3 4 2 0 3 1 4 3 0 1 3 3 2 1 4 2 3 4 0 3 4 3 3 3 2 2 1 1 3 1 2 1 1 1 0 0 2 2 1 0 1 3 1 2 1 3 1 2 2 1 3 4 3 2 2 2 3 4 4 1 3 2 3 0 0 0 0 0 0 0 0 0 0 
#TS99
0 0 1 0 0 3 1 0 0 3 3 4 4 2 3 1 4 1 4 3 0 2 4 2 0 2 0 3 2 0 4 2 1 3 0 2 2 3 4 2 0 1 2 1 0 0 2 2 3 4 0 4 0 0 0 3 0 0 0 3 4 3 1 1 2 3 1 1 1 1 0 0 0 3 2 1 0 1 3 0 1 3 2 0 0 3 0 0 2 3 1 0 0 3 4 1 0 3 3 3 1 0 0 0 0 0 0 0 0 0 
0 2 0 0 0 3 0 0 0 3 3 4 3 2 3 1 4 1 3 3 0 3 4 2 0 3 0 3 2 0 4 2 1 3 0 1 2 3 4 2 0 1 1 1 0 0 2 2 4 4 0 4 0 0 0 3 0 0 0 4 4 3 0 1 1 2 1 2 1 1 0 0 0 2 2 1 0 1 2 0 2 3 3 0 0 3 1 0 1 4 1 0 0 3 4 1 0 3 3 3 1 0 0 0 0 0 0 0 0 0 
#TS100
3 0 2 3 2 3 3 0 2 1 3 3 3 1 3 1 2 2 1 3 2 0 4 2 0 0 1 3 2 3 3 3 1 3 4 1 2 3 3 2 0 1 2 4 3 0 1 3 2 3 1 4 0 3 4 0 2 4 2 3 3 3 2 1 1 3 1 2 1 1 1 0 0 2 2 1 0 1 3 1 2 0 3 1 2 3 1 3 4 3 1 2 2 3 4 4 1 3 3 3 1 0 0 0 0 0 0 0 0 0 
3 0 0 3 1 3 2 0 2 1 3 3 3 1 3 1 4 2 2 3 1 2 4 2 0 0 0 3 3 0 3 2 0 3 4 1 2 3 4 2 0 1 2 4 4 0 1 2 2 3 0 4 0 2 3 0 2 4 2 4 3 3 2 1 0 4 1 2 1 1 0 0 0 1 2 1 0 1 2 0 2 2 3 0 0 3 0 2 4 3 0 1 2 3 4 1 0 3 3 3 1 0 0 0 0 0 0 0 0 0 
#TS101
3 0 2 1 2 3 3 0 2 1 3 3 3 1 3 1 1 3 1 3 1 0 4 2 0 0 1 2 2 3 3 3 1 3 4 1 2 3 3 2 0 1 2 4 3 0 1 4 2 3 1 4 0 2 4 0 2 3 1 3 3 3 2 1 1 3 1 1 1 1 1 0 0 2 2 1 0 1 3 1 2 0 3 1 2 2 2 3 4 3 1 2 2 3 4 4 1 3 3 3 0 0 0 0 0 0 0 0 0 0 
3 0 2 3 2 3 3 0 4 1 3 3 3 1 3 1 2 2 1 3 2 0 4 2 0 0 1 3 2 3 3 2 1 2 4 1 2 2 4 2 0 1 2 4 3 0 1 3 2 3 1 4 1 3 4 0 2 4 2 3 3 3 2 1 2 3 1 2 2 0 1 0 0 2 2 1 0 1 4 1 3 0 3 1 2 3 1 3 4 3 1 2 2 3 4 4 1 3 3 4 0 0 0 0 0 0 0 0 0 0 
#TS102
3 0 2 3 3 3 4 1 3 2 2 2 2 1 2 1 3 1 0 3 3 0 4 2 0 0 1 3 2 3 3 3 1 3 4 2 2 3 3 2 0 1 2 4 2 0 1 3 2 2 2 4 0 3 4 0 3 4 2 3 3 4 2 1 1 3 1 2 2 1 1 1 0 2 2 1 0 1 3 2 2 1 3 0 2 3 1 3 4 3 2 2 3 3 4 4 2 3 2 3 0 0 0 0 0 0 0 0 0 0 
3 0 2 3 3 3 3 1 2 1 3 2 2 1 2 2 3 1 1 3 3 0 4 2 0 0 1 2 2 3 3 4 1 3 4 1 3 3 3 2 0 1 2 4 3 0 2 3 2 2 3 4 1 3 4 0 2 3 2 3 3 4 2 1 1 3 1 3 2 1 1 1 0 3 2 1 0 1 3 2 2 0 3 0 1 4 1 3 4 3 1 1 2 4 3 4 1 3 3 3 0 0 0 0 0 0 0 0 0 0 
#TS103
3 0 2 3 2 3 3 0 2 1 3 3 3 1 3 2 2 1 1 4 2 0 4 2 0 0 1 3 2 3 3 3 2 3 4 1 2 3 3 1 0 1 2 4 2 0 1 3 2 4 1 4 0 3 3 0 3 4 2 3 3 3 2 1 1 3 1 2 1 0 1 1 0 2 1 1 0 1 3 1 3 1 3 0 2 3 1 3 4 3 1 2 2 4 4 4 1 3 2 3 0 0 0 0 0 0 0 0 0 0 
3 0 2 3 2 3 3 0 2 1 3 3 3 1 3 2 2 1 1 4 2 0 4 2 0 0 1 3 2 3 3 3 2 3 4 1 2 3 3 1 0 1 2 4 2 0 1 3 2 4 1 4 0 3 3 0 3 4 2 3 3 3 2 1 1 3 1 2 1 0 1 1 0 2 1 1 0 1 3 1 3 1 3 0 2 3 1 3 4 3 1 2 2 4 4 4 1 3 2 3 0 0 0 0 0 0 0 0 0 0 
#TS104
2 0 0 0 0 3 3 2 3 1 3 3 3 1 4 0 0 0 3 3 0 0 3 3 0 0 1 2 2 3 1 3 0 4 3 1 4 3 4 0 0 1 3 4 2 0 1 3 3 4 1 4 0 1 4 1 3 3 2 3 3 3 1 1 1 3 1 0 1 1 1 0 0 2 2 3 0 3 3 1 2 2 3 1 1 0 0 3 4 3 3 2 2 0 0 4 1 3 3 3 0 0 0 0 0 0 0 0 0 0 
3 0 2 1 2 3 3 1 2 1 3 3 3 2 3 1 0 1 2 3 1 0 4 2 0 0 1 3 2 3 3 3 1 3 3 1 2 3 3 2 0 1 3 4 3 0 1 3 2 4 0 4 0 2 3 1 2 3 2 3 3 3 2 1 1 3 1 2 1 1 1 0 0 2 2 2 0 1 3 1 2 0 3 1 2 2 1 3 4 3 1 1 2 2 2 4 1 3 4 3 0 0 0 0 0 0 0 0 0 0 
#TS105
3 0 3 1 1 3 3 4 2 1 3 3 0 1 3 2 1 2 2 3 1 4 3 2 3 0 1 1 2 3 1 3 0 0 4 0 3 2 3 0 0 1 2 4 3 0 1 0 2 3 0 2 0 1 3 0 2 4 2 4 3 3 2 2 2 4 1 1 1 1 1 0 0 2 1 1 0 1 3 0 2 1 3 0 2 3 1 4 4 3 1 1 2 2 3 4 0 0 0 3 0 0 0 0 0 0 0 0 1 0 
3 0 2 1 1 4 3 4 2 1 3 3 0 1 4 1 1 2 2 3 1 4 2 3 4 0 1 0 4 3 1 3 0 0 4 0 2 1 3 0 0 1 2 4 3 0 2 0 2 3 0 3 0 0 4 0 2 1 1 4 3 4 2 2 1 4 1 0 1 1 0 0 0 2 2 1 0 1 3 0 2 0 3 0 2 3 1 4 4 4 0 1 2 2 4 3 0 0 1 3 0 0 0 0 0 0 0 0 1 0 
#TS106
3 0 2 3 2 3 3 0 2 1 3 3 2 1 3 1 2 2 1 3 3 0 4 2 0 0 1 3 2 3 2 3 1 3 4 2 2 3 3 2 0 1 2 4 2 0 1 3 1 2 0 4 0 3 4 0 3 4 2 3 3 3 2 1 1 3 1 2 1 1 1 0 0 2 2 1 0 1 3 1 2 0 3 1 2 3 1 3 4 3 1 2 2 3 4 4 1 3 3 3 0 0 0 0 0 0 0 0 0 0 
3 0 2 3 2 3 3 0 2 1 3 3 2 1 3 1 2 2 1 3 3 0 4 2 0 0 1 3 2 3 2 3 1 3 4 2 2 3 3 2 0 1 2 4 2 0 1 3 1 2 0 4 0 3 4 0 3 4 2 3 3 3 2 1 1 3 1 2 1 1 1 0 0 2 2 1 0 1 3 1 2 0 3 1 2 3 1 3 4 3 1 2 2 3 4 4 1 3 3 3 0 0 0 0 0 0 0 0 0 0 
#TS107
1 1 3 0 0 2 2 2 3 3 4 3 3 2 0 0 2 2 1 3 0 0 0 0 0 0 0 3 2 0 4 0 0 3 0 3 2 3 3 3 0 0 3 4 3 1 1 0 2 4 4 0 0 2 2 1 2 1 1 4 3 3 2 1 1 3 1 2 1 1 1 0 0 0 2 1 3 3 2 1 2 1 3 1 2 2 0 2 4 3 1 2 2 3 3 4 1 4 1 2 0 0 0 0 1 0 0 0 0 0 
1 1 3 0 0 2 2 2 2 4 3 3 3 2 0 0 3 2 2 3 0 0 0 1 0 0 0 3 2 0 3 0 0 3 0 3 2 3 3 2 0 0 3 3 3 1 0 0 2 4 4 0 0 2 4 1 2 1 0 4 3 4 2 1 1 3 1 2 1 1 1 0 0 0 2 1 3 4 3 1 2 1 3 0 2 1 0 3 3 3 1 2 2 3 4 4 1 3 1 3 0 0 0 0 0 0 0 0 0 0 
#TS108
1 0 3 0 0 3 2 0 2 2 3 3 3 1 0 0 1 1 3 3 0 0 0 1 0 0 0 3 2 0 4 2 0 2 1 3 2 3 3 1 0 0 2 4 3 1 1 0 2 4 4 0 0 3 3 2 2 1 2 4 4 3 1 1 1 4 1 2 1 0 1 0 0 0 2 1 2 4 3 1 2 0 3 1 2 2 0 3 4 3 0 2 3 3 4 4 1 3 1 3 0 0 0 0 1 0 0 0 0 0 
0 0 3 0 0 3 3 1 4 3 4 3 3 2 0 0 2 2 2 3 0 0 0 1 0 0 1 3 2 0 4 0 0 3 0 4 2 3 2 1 0 0 2 4 3 1 1 0 3 4 4 0 0 3 3 2 1 1 0 4 3 3 2 1 1 4 1 2 1 0 1 0 0 0 2 1 2 2 3 1 2 0 3 1 2 2 0 3 4 3 1 2 2 3 3 4 1 3 1 3 0 0 0 0 1 0 0 0 0 0 
#TS109
0 0 2 3 0 3 1 3 0 1 0 3 1 3 3 1 1 3 2 3 1 0 4 4 0 0 1 3 3 1 4 3 0 3 1 1 3 3 3 0 0 2 3 2 3 0 1 4 3 1 1 4 2 3 1 3 0 0 0 3 2 3 3 0 1 2 0 2 1 0 0 0 1 3 3 3 0 1 0 2 4 4 1 0 2 3 3 1 0 3 0 2 4 3 4 4 2 0 3 3 0 0 0 1 0 0 0 0 0 0 
0 0 3 3 0 3 1 4 1 2 0 4 2 3 3 2 2 4 2 3 1 0 4 4 0 0 1 3 2 1 4 3 0 3 0 1 2 3 3 0 0 2 2 3 3 0 0 4 3 1 1 4 3 3 1 2 1 0 1 3 3 4 3 0 1 2 0 2 1 1 0 0 0 2 2 3 0 1 0 1 3 3 1 0 2 3 4 1 0 4 0 2 3 3 3 4 2 0 3 3 0 0 0 1 0 0 0 0 0 0 
#TS110
3 0 2 4 2 2 3 0 2 1 2 1 1 0 3 1 2 2 0 3 3 0 4 2 0 0 1 3 2 3 3 3 1 3 4 2 2 3 3 2 0 1 2 4 4 0 1 3 2 2 2 4 1 3 2 0 3 4 2 3 4 3 2 1 1 3 1 1 1 1 1 0 0 2 2 1 0 0 3 1 2 0 3 0 2 3 1 3 4 3 1 2 2 3 4 4 1 3 4 3 0 0 0 0 0 0 0 0 0 0 
3 0 2 3 3 3 3 0 2 1 3 2 3 1 3 1 2 2 1 3 3 0 4 2 0 0 1 3 2 3 3 2 1 2 4 1 2 3 4 2 0 1 3 4 3 0 1 2 2 2 2 4 1 3 4 0 2 4 2 3 2 3 2 1 1 3 1 2 1 0 1 0 0 3 2 1 0 1 3 1 2 0 3 1 2 3 1 2 4 2 2 2 2 3 4 4 1 3 3 3 0 0 0 0 0 0 0 0 0 0 
#TS111
3 0 2 3 2 3 3 0 2 1 3 0 3 1 3 1 2 2 1 3 2 1 4 3 0 0 1 2 2 3 2 3 1 1 4 1 2 3 3 0 1 1 3 4 2 0 3 1 1 1 2 1 0 3 4 0 2 4 2 3 3 3 1 1 1 3 1 2 1 1 0 1 0 2 1 3 0 1 3 1 2 1 3 1 2 3 1 3 4 2 1 2 2 4 4 4 2 3 3 3 0 0 0 0 0 0 0 0 0 1 
3 0 2 3 2 3 3 0 3 1 3 0 2 0 3 1 2 2 0 3 2 1 4 4 0 0 1 0 2 3 4 3 1 0 3 0 2 3 3 0 1 0 2 4 3 0 2 0 2 0 2 0 1 3 4 0 2 4 2 3 3 4 2 1 0 2 2 2 1 1 0 1 0 3 0 3 0 1 3 2 2 1 3 1 2 3 1 3 4 3 1 2 2 3 4 4 1 3 3 3 0 0 0 0 0 0 0 0 0 1 
#TS112
3 0 2 3 2 3 3 0 1 1 3 3 3 0 3 1 2 2 1 3 2 0 4 2 0 0 1 2 1 3 3 3 1 3 4 1 2 3 4 2 0 1 2 4 3 0 1 3 2 3 1 4 1 3 4 0 3 4 2 3 3 3 2 1 1 3 1 2 1 1 1 0 0 2 2 1 0 1 3 1 2 0 3 1 2 3 1 2 4 2 2 2 2 3 4 4 0 3 3 3 0 0 0 0 0 0 0 0 0 0 
3 0 2 3 2 3 3 0 2 1 3 2 3 1 2 1 2 2 1 3 3 0 4 2 0 0 1 3 2 3 3 3 0 3 4 1 2 2 3 2 0 1 2 4 3 0 1 3 2 2 2 4 1 3 3 0 2 4 2 4 2 3 2 1 2 3 1 2 1 1 1 0 0 2 2 1 0 2 3 1 2 0 4 1 2 3 1 3 4 2 1 2 2 3 4 4 1 3 4 3 0 0 0 0 0 0 0 0 0 0 
#TS113
2 0 4 3 0 3 3 1 1 2 3 3 3 2 1 0 1 2 2 3 0 0 4 2 0 0 0 3 2 3 3 3 0 3 3 3 2 3 2 2 3 0 4 3 3 1 1 3 2 4 0 4 0 2 4 0 2 2 1 4 4 3 2 0 1 4 1 2 1 0 2 0 0 3 2 1 4 1 3 1 2 0 3 4 2 1 0 3 4 0 3 2 2 3 4 4 0 3 4 3 0 1 0 0 0 0 0 0 0 0 
2 0 3 3 0 3 3 1 1 2 3 3 3 2 1 0 1 2 3 3 1 0 4 2 0 0 1 3 2 3 2 2 0 3 2 3 2 3 3 2 4 0 4 4 3 1 0 4 2 3 0 4 0 1 3 0 2 2 2 4 3 3 2 0 1 4 1 2 1 0 3 0 0 2 2 1 4 1 3 1 2 0 3 4 2 1 0 3 3 0 3 2 2 2 4 4 1 3 2 3 0 1 0 0 0 0 0 0 0 0 
#TS114
3 0 2 3 2 3 3 0 2 1 3 2 3 1 3 1 2 2 1 3 3 0 4 2 0 0 0 3 3 3 3 3 1 3 4 1 2 4 3 1 0 0 3 4 2 0 0 2 2 3 1 4 1 3 4 0 3 4 2 3 3 3 2 1 1 3 1 2 3 1 1 1 0 2 1 1 0 1 3 2 2 1 3 1 2 3 1 3 3 2 3 2 2 4 3 4 1 3 3 3 0 0 0 0 0 0 0 0 0 0 
3 0 2 3 2 3 3 0 2 1 3 3 3 1 3 2 3 1 1 3 2 0 4 2 0 0 1 3 2 3 3 4 1 3 4 1 2 3 3 2 0 0 3 4 2 0 1 2 2 3 1 4 0 3 4 0 2 4 3 3 3 3 2 1 2 3 1 2 1 1 1 0 0 2 2 1 0 2 3 2 2 0 3 0 2 3 1 2 4 2 3 2 2 3 4 4 1 3 3 3 0 0 0 0 0 0 0 0 0 0 
#TS115
2 0 3 0 0 3 3 0 2 0 3 3 3 1 1 1 0 2 3 3 1 0 4 2 1 0 1 3 2 3 4 2 0 4 3 1 3 3 3 0 0 1 3 4 3 0 1 3 2 3 1 4 2 0 4 0 2 4 2 4 3 3 3 1 2 3 1 2 1 0 1 0 0 2 2 1 2 1 3 1 2 0 3 1 2 3 0 2 4 3 2 1 2 3 4 0 3 3 4 3 0 0 0 0 0 0 0 1 0 0 
1 0 3 0 0 3 3 0 2 0 3 3 3 1 1 1 0 2 3 3 1 0 4 2 2 1 0 3 2 3 4 2 0 3 2 1 4 3 3 0 0 1 2 4 3 0 1 3 3 3 0 4 3 0 3 1 2 4 2 4 4 3 2 1 1 3 1 2 1 1 1 0 0 2 2 1 1 1 3 1 2 0 3 1 1 3 0 3 4 3 1 2 2 3 4 0 4 3 3 3 0 0 0 0 0 0 0 1 0 0 
#TS116
3 0 2 0 1 3 2 4 1 1 3 4 0 1 4 1 0 2 2 3 1 3 3 3 3 0 1 0 2 3 1 1 0 1 4 0 2 2 3 0 0 1 2 4 2 1 3 0 2 4 0 2 0 0 4 0 1 1 0 3 3 2 2 2 2 3 1 1 1 2 1 0 0 1 2 1 0 1 3 0 2 1 3 0 2 4 2 3 4 4 1 1 2 2 4 4 1 0 0 3 0 0 0 0 0 0 0 0 1 0 
3 0 3 0 1 3 3 3 1 1 4 3 0 2 2 2 0 3 2 3 1 4 2 2 4 0 1 0 3 3 1 3 0 0 4 0 2 1 3 0 0 1 2 4 2 2 4 0 3 4 0 2 0 0 4 0 1 1 0 3 3 0 2 2 1 4 1 0 1 1 1 0 0 2 2 1 0 1 3 0 2 1 3 0 3 3 1 4 3 4 1 1 2 2 4 4 1 0 1 4 0 0 0 0 0 0 0 0 1 0 
#TS117
3 0 2 3 0 3 3 0 3 0 3 2 3 0 2 0 2 2 1 3 2 0 2 2 3 0 1 3 2 3 3 3 1 3 4 4 2 3 4 3 0 1 1 4 3 1 1 2 3 1 2 4 0 2 2 0 2 3 1 3 3 3 1 1 2 3 1 2 1 0 3 0 0 2 2 1 0 3 3 1 2 0 3 1 1 3 1 3 4 3 1 2 2 2 4 4 1 3 4 1 0 0 1 0 0 0 0 0 0 0 
2 0 3 4 0 3 3 0 2 1 3 2 2 0 3 0 0 1 2 3 1 0 1 3 4 0 1 3 2 3 3 2 1 3 4 3 2 3 4 2 0 1 0 4 3 2 0 3 2 0 3 4 1 2 2 2 4 1 2 3 3 3 2 1 1 2 1 2 1 0 4 0 0 2 2 1 0 3 3 1 2 1 3 1 2 3 1 3 4 3 2 2 2 1 3 4 0 2 3 0 0 0 1 0 0 0 0 0 0 0 
#TS118
3 0 2 3 2 3 3 0 1 1 3 3 3 1 3 1 2 2 1 3 2 0 4 1 0 0 1 3 1 3 3 3 1 4 4 1 2 3 3 2 0 1 2 4 2 0 1 4 2 4 2 4 1 3 4 0 2 4 2 4 3 3 2 1 1 3 2 2 0 1 1 1 1 2 2 1 0 1 3 1 2 0 3 1 3 3 1 3 4 4 1 2 2 3 4 4 2 3 3 4 0 0 0 0 0 0 0 0 0 0 
3 0 2 3 2 3 3 0 2 1 3 3 3 2 3 1 2 2 1 4 2 0 4 2 0 0 1 3 2 3 3 3 0 3 4 1 2 3 3 2 0 1 1 4 3 0 2 3 2 3 1 4 0 3 4 0 2 4 1 3 3 3 1 1 1 3 1 2 1 1 1 0 0 1 2 1 0 1 3 1 3 1 3 1 2 3 1 3 4 3 1 1 2 4 4 4 1 4 4 4 0 0 0 0 0 0 0 0 0 0 
#TS119
0 4 2 0 0 3 1 4 4 4 2 1 3 3 3 3 4 1 1 0 1 0 4 2 0 0 1 2 1 4 3 2 1 1 0 0 2 2 0 0 0 0 3 0 3 0 0 0 4 4 0 4 0 0 3 4 0 0 0 4 3 3 2 1 0 3 3 0 2 1 1 2 0 2 2 2 0 2 2 2 1 0 3 0 2 3 1 1 4 0 3 3 3 3 3 4 1 1 3 3 0 0 0 0 0 1 0 0 0 0 
0 3 2 0 0 3 0 3 2 4 2 1 3 3 3 4 3 2 1 0 1 0 3 2 0 0 1 1 0 3 3 3 1 1 0 0 1 3 0 0 0 0 2 0 2 0 0 0 4 4 0 4 0 0 3 4 0 1 0 4 2 4 2 1 0 2 4 0 1 1 1 2 0 2 3 2 0 2 1 3 1 1 3 0 2 3 1 1 4 0 3 3 4 4 4 4 1 1 3 3 0 0 0 0 0 1 0 0 0 0 
#TS120
2 0 3 0 0 3 3 0 2 0 3 3 3 2 1 1 0 2 3 3 1 0 4 2 2 1 2 3 2 3 4 3 0 4 2 1 4 2 3 0 0 1 1 4 3 0 1 3 2 3 0 3 3 0 4 0 2 4 2 4 3 3 1 1 0 3 1 3 1 1 1 0 0 2 2 1 1 1 3 1 2 1 3 1 2 3 0 3 4 3 1 1 2 3 3 0 3 3 3 3 0 0 0 0 0 0 0 0 0 0 
2 0 2 1 2 3 3 1 2 1 3 3 3 1 2 2 1 2 1 3 1 0 4 2 0 2 1 3 2 3 3 3 0 3 3 1 2 3 3 2 0 1 2 4 3 0 2 3 4 4 0 4 0 2 4 1 2 3 2 4 3 3 0 1 1 2 1 2 1 1 1 0 0 2 2 1 0 1 3 1 2 0 3 1 2 3 1 3 4 3 1 1 2 3 4 4 0 3 3 3 0 0 0 0 0 0 0 0 0 0 
#TS121
3 0 2 3 2 3 3 0 2 1 3 3 3 2 3 1 2 2 1 4 2 0 4 2 0 0 1 3 2 3 3 3 0 3 4 1 2 3 3 2 0 1 1 4 3 0 2 3 2 3 1 4 0 3 4 0 2 4 1 3 3 3 1 1 1 3 1 2 1 1 1 0 0 1 2 1 0 1 3 1 3 1 3 1 2 3 1 3 4 3 1 1 2 4 4 4 1 4 4 4 0 0 0 0 0 0 0 0 0 0 
3 0 2 3 2 3 3 0 2 1 4 3 2 1 3 1 2 2 1 3 2 0 3 2 0 0 1 3 3 3 3 2 1 3 4 1 2 3 3 2 0 1 2 3 3 0 2 3 2 3 1 4 1 4 4 0 2 4 2 3 3 3 2 1 1 3 2 2 1 2 1 0 0 2 2 1 0 1 3 1 3 0 3 1 2 3 1 3 4 3 1 1 2 3 4 4 1 3 3 4 0 0 0 0 0 0 0 0 0 0 
#TS122
3 0 2 1 2 3 3 1 2 1 3 3 3 2 3 1 0 1 2 3 1 0 4 2 0 0 1 3 2 3 3 3 1 3 3 1 2 3 3 2 0 1 3 4 3 0 1 3 2 4 0 4 0 2 3 1 2 3 2 3 3 3 2 1 1 3 1 2 1 1 1 0 0 2 2 2 0 1 3 1 2 0 3 1 2 2 1 3 4 3 1 1 2 2 2 4 1 3 4 3 0 0 0 0 0 0 0 0 0 0 
2 0 2 3 2 3 2 0 3 1 3 3 3 1 3 1 2 2 1 3 2 0 4 2 0 0 1 4 2 3 3 3 1 3 4 1 2 3 3 2 0 1 3 4 2 0 1 2 2 3 0 4 0 3 4 0 2 3 3 3 3 4 2 1 1 4 1 2 1 1 1 0 0 2 2 1 0 1 4 1 2 0 3 1 2 3 1 3 4 3 2 2 2 3 4 4 1 3 3 3 0 0 0 0 0 0 0 0 0 0 
#TS123
0 1 4 3 0 3 2 2 2 3 3 4 4 0 3 0 2 1 1 3 2 0 2 2 4 0 1 3 2 3 3 3 1 3 3 3 4 3 3 1 0 3 0 2 3 3 1 3 3 0 3 4 2 1 1 2 4 1 1 3 3 3 2 1 2 3 1 2 1 0 4 0 0 2 2 1 0 4 3 1 2 0 3 1 2 3 1 3 4 3 1 2 2 1 3 4 1 3 3 0 0 0 1 0 0 0 0 0 0 0 
0 1 4 3 0 3 2 3 2 3 3 3 3 0 2 0 2 1 1 2 3 0 1 2 4 0 1 3 2 3 3 3 0 4 3 3 3 3 3 2 0 3 1 3 3 3 1 3 3 0 4 4 3 1 1 2 3 1 1 3 3 3 2 1 1 3 1 2 1 0 4 0 0 2 2 1 0 2 3 1 2 1 3 1 1 2 1 4 4 3 1 2 2 1 3 4 2 3 4 0 0 0 1 0 0 0 0 0 0 0 
#TS124
3 0 2 3 2 3 4 0 2 1 3 3 2 1 3 1 2 2 2 3 2 0 4 2 0 0 1 3 3 3 3 2 1 4 4 1 2 3 3 2 0 2 2 4 3 0 1 3 2 3 1 4 0 3 4 0 3 4 2 3 3 3 2 1 1 2 1 2 1 0 1 0 0 2 2 1 0 1 3 1 2 1 3 1 2 4 1 3 4 3 1 2 2 3 4 4 1 3 3 3 0 0 0 0 0 0 0 0 0 0 
3 0 3 3 2 3 3 0 2 1 3 3 3 1 3 1 2 2 1 3 2 0 4 2 0 0 1 3 2 3 3 1 1 4 4 1 2 3 3 2 0 1 2 4 3 0 1 3 2 3 1 4 0 3 3 0 2 4 2 3 3 3 2 1 1 3 1 2 1 1 1 1 0 2 2 1 0 1 3 1 2 1 3 1 2 3 1 3 4 3 1 2 2 3 4 4 1 3 2 3 0 0 0 0 0 0 0 0 0 0 
#TS125
3 0 3 1 2 4 3 4 0 1 3 3 0 2 3 2 1 2 3 3 1 4 2 2 3 0 1 0 2 3 2 3 0 0 4 0 2 1 3 0 0 1 2 4 2 2 3 0 2 3 0 2 0 0 4 0 2 2 1 3 3 1 1 1 1 3 1 0 1 2 0 0 0 2 2 0 0 1 3 0 4 0 2 0 2 3 2 3 2 3 1 1 3 2 4 4 0 0 0 2 0 0 0 0 0 0 0 0 0 0 
3 0 2 2 2 3 2 1 0 1 3 3 2 1 3 2 1 2 2 3 1 0 3 2 0 0 1 2 0 3 2 2 1 3 3 0 1 1 3 2 0 1 2 4 2 1 4 4 2 3 0 4 0 3 3 0 2 3 0 3 3 2 2 1 1 3 1 1 1 3 0 0 0 2 2 0 0 1 3 0 3 0 3 0 2 3 2 3 2 3 1 0 1 2 4 4 1 2 2 3 0 0 0 0 0 0 0 0 0 0 
#TS126
0 2 0 0 0 3 0 0 0 3 3 4 3 2 3 1 4 1 3 3 0 3 4 2 0 3 0 3 2 0 4 2 1 3 0 1 2 3 4 2 0 1 1 1 0 0 2 2 4 4 0 4 0 0 0 3 0 0 0 4 4 3 0 1 1 2 1 2 1 1 0 0 0 2 2 1 0 1 2 0 2 3 3 0 0 3 1 0 1 4 1 0 0 3 4 1 0 3 3 3 1 0 0 0 0 0 0 0 0 0 
0 3 0 0 0 3 0 0 0 4 3 4 4 4 3 0 4 1 3 2 0 3 4 3 0 2 0 3 2 0 4 2 1 3 0 1 2 3 4 2 0 1 2 0 0 0 2 3 3 3 0 4 0 0 0 3 0 0 1 4 3 2 0 1 0 3 2 2 1 1 0 0 0 2 2 1 0 1 3 0 2 3 1 0 0 3 1 0 1 3 1 0 0 4 3 1 0 3 2 3 1 0 0 0 0 0 0 0 0 0 
#TS127
3 0 2 3 2 3 3 0 2 1 3 3 3 1 3 1 2 1 0 3 2 0 4 3 0 0 1 3 2 3 3 3 1 3 4 1 2 3 3 2 0 1 2 4 3 0 1 3 3 3 1 4 0 3 3 0 2 3 2 3 2 3 2 1 1 3 3 1 1 1 1 0 0 2 2 1 0 1 3 1 2 1 3 1 2 3 1 3 4 3 1 2 2 3 3 4 1 3 3 3 0 0 0 0 0 0 0 0 0 0 
4 0 2 3 2 3 3 0 3 1 3 3 3 1 3 1 2 2 1 3 2 0 4 2 0 0 1 4 2 3 3 3 0 2 4 1 2 3 3 3 0 1 3 4 2 0 1 3 2 3 1 4 0 3 4 0 2 4 2 2 3 3 2 1 1 3 1 2 1 1 1 0 0 2 2 1 0 1 3 1 3 0 3 1 2 3 2 2 4 3 1 2 2 3 4 4 1 3 3 3 0 0 0 0 0 0 0 0 0 0 
#TS128
3 0 3 3 4 3 2 1 2 3 2 3 2 2 2 2 2 2 1 3 2 0 3 1 0 0 0 3 2 3 3 3 1 3 4 1 2 3 3 2 0 1 2 4 2 0 0 3 4 2 1 4 1 3 4 0 2 4 2 3 3 3 2 1 1 3 2 2 1 0 1 0 0 2 2 1 0 1 3 2 2 0 3 1 1 3 1 3 4 2 1 2 3 3 3 4 1 3 3 3 0 0 0 0 0 0 0 0 0 0 
3 0 2 3 3 3 4 1 3 2 2 2 2 1 2 1 3 1 0 3 3 0 4 2 0 0 1 3 2 3 3 3 1 3 4 2 2 3 3 2 0 1 2 4 2 0 1 3 2 2 2 4 0 3 4 0 3 4 2 3 3 4 2 1 1 3 1 2 2 1 1 1 0 2 2 1 0 1 3 2 2 1 3 0 2 3 1 3 4 3 2 2 3 3 4 4 2 3 2 3 0 0 0 0 0 0 0 0 0 0 
#TS129
0 1 2 0 0 3 1 3 2 3 3 2 3 3 3 3 3 2 1 3 0 0 4 3 0 0 1 2 2 3 3 3 1 1 0 1 2 3 1 0 0 1 4 0 3 0 0 0 4 4 0 4 0 1 2 3 1 1 0 3 3 3 2 1 0 3 3 0 1 1 1 0 0 2 2 1 0 1 1 2 2 0 3 0 2 3 1 2 4 0 4 4 4 4 4 4 1 0 3 3 0 0 0 0 0 1 0 0 0 0 
0 3 2 0 0 3 0 2 3 3 3 1 3 4 3 2 3 2 1 2 1 0 4 2 0 0 1 2 1 3 3 3 1 2 0 1 2 2 0 0 0 1 3 0 3 0 0 1 4 4 0 4 0 1 2 4 1 0 0 3 3 3 2 1 0 3 3 0 3 1 1 0 0 2 3 1 0 1 2 2 2 1 3 0 2 3 1 2 4 0 4 4 4 3 4 4 1 1 3 3 0 0 0 0 0 1 0 0 0 0 
#TS130
3 0 2 3 2 3 3 0 2 0 3 0 3 0 3 2 2 2 2 3 2 1 4 3 0 0 1 1 1 3 3 3 1 0 2 0 2 2 3 0 0 1 2 4 3 0 3 1 2 0 1 0 3 2 4 0 2 4 2 3 3 3 2 1 1 3 1 2 1 1 0 2 0 2 0 4 0 1 3 1 2 0 3 1 2 2 1 3 4 3 1 2 2 3 4 4 2 3 3 3 0 0 0 0 0 0 0 0 0 1 
3 0 2 3 2 3 3 0 2 0 3 0 2 0 3 0 2 2 1 3 3 1 4 3 0 0 1 1 0 3 3 3 1 0 1 0 2 2 3 0 1 1 2 4 3 0 3 0 2 0 2 1 4 3 4 0 2 4 3 3 3 3 1 0 1 3 2 2 1 1 0 2 0 3 0 4 0 2 3 1 3 1 3 1 2 3 1 3 4 3 1 2 2 3 4 4 1 3 3 3 0 0 0 0 0 0 0 0 0 1 
#TS131
3 0 2 3 2 3 4 0 2 1 3 1 3 0 3 1 3 2 1 3 2 0 4 2 0 0 1 3 2 3 3 2 0 3 4 1 2 3 3 1 0 0 2 4 2 0 1 3 2 2 1 4 1 3 4 0 2 4 2 3 3 3 1 1 1 3 1 2 1 1 1 0 0 2 2 1 0 1 2 2 2 1 3 0 2 2 1 2 2 1 2 2 2 3 4 4 1 3 4 3 0 0 0 0 0 0 0 0 0 0 
3 0 2 3 2 3 3 0 1 1 3 2 3 1 3 1 2 1 1 3 2 0 3 2 0 0 1 3 2 3 3 2 1 3 4 1 2 3 3 2 0 1 3 4 2 0 1 3 2 3 1 4 1 2 3 0 2 3 2 3 3 3 2 1 1 3 2 2 1 0 2 0 0 1 2 1 0 1 3 2 2 1 3 0 2 3 1 3 2 3 2 2 2 3 4 4 1 3 3 3 0 0 0 0 0 0 0 0 0 0 
#TS132
3 0 3 2 2 3 2 0 2 1 3 3 3 1 3 1 2 2 1 3 2 0 4 2 0 0 1 3 2 3 3 3 1 3 4 1 2 3 3 2 0 1 2 4 3 0 1 3 3 3 0 4 0 3 4 0 2 3 2 3 3 3 1 1 1 3 2 2 1 1 1 0 0 2 2 1 0 1 3 1 2 0 3 0 2 3 1 3 4 3 1 2 1 4 4 4 1 3 3 3 0 0 0 0 0 0 0 0 0 0 
3 0 2 3 2 3 3 0 2 1 3 4 3 1 3 1 2 2 1 4 2 0 4 2 0 0 1 3 2 3 3 3 1 3 4 1 2 3 3 2 0 1 1 4 3 0 1 3 2 3 0 4 0 3 4 0 2 3 1 3 3 3 2 1 1 3 1 2 1 1 1 0 0 2 2 1 0 1 3 1 2 0 3 0 3 3 1 3 4 3 2 2 2 3 3 4 1 2 3 3 0 0 0 0 0 0 0 0 0 0 
#TS133
0 2 4 3 0 3 0 4 2 2 0 3 2 3 4 2 2 2 1 2 1 0 4 4 0 0 1 3 1 1 4 3 0 4 0 1 2 3 3 0 0 3 2 1 2 0 0 4 3 1 0 4 2 3 1 2 1 1 0 3 2 3 4 0 1 3 0 1 0 1 0 0 0 2 3 3 0 1 0 2 4 4 0 0 2 3 4 1 0 3 0 2 4 3 4 4 2 0 2 3 0 0 0 1 0 0 0 0 0 0 
0 2 3 2 0 3 0 3 2 2 1 3 3 4 3 2 2 4 1 1 2 0 4 4 0 0 1 3 1 1 3 2 0 4 0 1 2 3 3 0 0 2 2 2 3 0 0 4 2 1 0 4 2 3 1 1 0 0 1 3 2 3 4 0 1 2 0 2 1 1 0 0 0 2 4 3 0 1 0 1 3 3 0 0 2 3 4 1 0 3 0 2 4 3 4 4 2 0 3 3 0 0 0 1 0 0 0 0 0 0 
#TS134
3 0 2 3 2 3 3 0 0 1 3 3 3 1 3 2 3 2 1 3 2 0 4 2 0 0 1 3 1 3 3 4 0 3 4 1 2 3 3 2 0 1 2 4 2 0 3 4 2 3 1 4 0 2 4 0 2 4 1 3 3 3 1 1 1 3 1 2 1 2 1 1 0 2 2 1 0 1 3 1 3 0 3 0 2 3 1 3 3 3 0 1 2 4 4 4 1 3 4 4 0 0 0 0 0 0 0 0 0 0 
3 0 2 3 2 3 2 0 2 1 3 3 2 1 3 2 2 2 2 3 2 0 4 1 0 0 1 3 2 3 2 4 1 3 4 1 2 3 3 2 0 1 2 4 2 0 3 4 1 3 1 4 0 3 4 0 4 4 2 3 3 3 2 1 1 2 3 2 0 2 1 2 1 2 2 1 0 1 3 0 2 0 3 0 2 3 1 4 4 3 1 1 1 3 4 4 1 3 3 3 0 0 0 0 0 0 0 0 0 0 
#TS135
3 0 3 0 0 3 3 4 0 1 3 3 0 2 3 2 0 2 2 3 1 4 1 2 3 0 1 0 3 3 2 3 0 0 4 0 2 1 3 0 0 1 2 4 3 3 4 0 2 3 0 4 0 0 3 0 1 1 0 3 3 1 1 1 1 3 1 0 1 3 0 0 0 2 2 0 0 1 3 0 2 0 3 0 2 3 1 3 1 3 1 0 2 3 3 4 1 0 0 3 0 0 0 0 0 0 0 0 1 0 
3 0 3 0 1 3 3 3 0 2 4 3 0 2 3 2 0 2 2 3 0 3 2 2 3 0 1 0 2 3 2 3 0 0 4 0 2 1 3 0 0 1 2 4 2 3 4 0 3 3 0 2 0 0 4 0 1 2 0 3 3 2 1 3 1 4 1 0 1 2 0 0 0 2 2 0 0 1 4 0 2 1 3 0 3 4 1 4 2 3 1 1 2 2 3 4 1 0 0 4 0 0 0 0 0 0 0 0 1 0 
#TS136
3 0 2 3 2 3 3 0 2 1 3 3 3 1 3 2 2 2 1 3 2 0 4 3 0 0 1 2 2 3 3 3 1 3 4 1 2 3 3 2 0 1 2 4 2 0 1 3 2 3 1 4 0 3 4 0 2 4 2 3 3 3 1 1 2 3 1 2 1 1 1 0 0 2 2 1 0 1 3 1 2 0 3 1 2 3 1 3 4 4 1 1 2 3 4 4 1 3 3 4 0 0 0 0 0 0 0 0 0 0 
4 0 2 3 2 3 3 0 2 1 2 3 3 1 3 1 2 2 2 3 2 0 4 2 0 0 1 3 2 3 3 4 1 3 4 1 2 3 3 2 0 1 1 4 3 0 1 4 2 3 1 4 0 3 3 0 2 4 2 3 3 4 1 1 1 3 1 2 1 1 1 0 0 1 2 1 0 2 3 1 2 0 3 0 2 3 1 3 4 3 1 1 2 3 4 4 1 3 3 3 0 0 0 0 0 0 0 0 0 0 
#TS137
3 0 2 3 2 3 3 0 2 1 3 3 3 1 3 1 2 2 1 3 2 0 4 2 0 0 1 3 2 3 3 3 1 3 4 1 2 3 3 2 0 1 2 4 3 0 1 3 2 3 1 4 0 3 4 0 2 4 2 3 3 3 2 1 1 3 1 2 1 1 1 0 0 2 2 1 0 1 3 1 2 0 3 1 2 3 1 3 4 3 1 2 2 3 4 4 1 3 3 3 0 0 0 0 0 0 0 0 0 1 
3 0 2 3 2 3 3 0 2 1 3 0 3 1 3 1 2 2 1 3 2 1 4 3 0 0 1 2 2 3 2 3 1 1 4 1 2 3 3 0 1 1 3 4 2 0 3 1 1 1 2 1 0 3 4 0 2 4 2 3 3 3 1 1 1 3 1 2 1 1 0 1 0 2 1 3 0 1 3 1 2 1 3 1 2 3 1 3 4 2 1 2 2 4 4 4 2 3 3 3 0 0 0 0 0 0 0 0 0 1 
#TS138
2 0 3 3 0 3 2 1 1 2 3 4 4 1 0 0 1 1 3 2 1 1 4 2 0 0 0 3 2 3 3 3 0 3 2 3 2 3 2 2 4 0 4 4 3 1 0 3 2 4 0 4 0 2 4 1 2 1 1 4 3 4 1 0 1 3 1 1 1 0 3 0 0 2 2 1 4 1 3 1 2 0 3 4 2 0 0 4 4 0 2 2 3 3 4 4 1 3 3 3 0 1 0 0 0 0 0 0 0 0 
2 0 4 3 0 3 3 1 1 2 3 3 3 2 1 0 1 2 2 3 0 0 4 2 0 0 0 3 2 3 3 3 0 3 3 3 2 3 2 2 3 0 4 3 3 1 1 3 2 4 0 4 0 2 4 0 2 2 1 4 4 3 2 0 1 4 1 2 1 0 2 0 0 3 2 1 4 1 3 1 2 0 3 4 2 1 0 3 4 0 3 2 2 3 4 4 0 3 4 3 0 1 0 0 0 0 0 0 0 0 
#TS139
3 0 2 3 2 3 3 0 4 1 3 2 2 1 3 1 3 2 1 3 2 0 4 2 0 0 1 3 2 3 3 2 1 3 4 1 2 3 3 2 0 1 1 4 3 0 1 3 2 3 1 4 0 4 3 0 2 4 2 3 2 3 2 1 1 3 1 2 2 1 1 0 0 2 2 1 0 1 3 1 3 0 3 1 2 3 1 3 4 3 1 2 2 3 4 4 0 3 3 3 0 0 0 0 0 0 0 0 0 0 
3 0 2 3 2 3 3 0 2 1 3 2 3 1 3 1 2 2 1 3 2 0 3 2 0 0 1 3 2 3 3 3 1 4 4 1 2 3 3 2 0 1 2 4 3 0 1 3 3 2 2 4 1 3 4 0 2 4 3 3 3 4 2 1 1 3 2 2 1 1 1 1 0 2 2 2 0 1 3 0 2 1 3 1 2 4 1 3 4 3 1 2 2 3 4 4 0 3 3 4 0 0 0 0 0 0 0 0 0 0 
#TS140
3 0 2 1 2 3 3 0 2 2 4 3 3 1 3 1 1 2 1 3 2 0 4 2 0 0 1 2 2 3 3 3 0 3 4 1 2 3 3 2 1 0 3 4 3 0 0 2 2 3 0 4 0 2 4 0 2 2 2 3 3 4 1 0 1 3 1 2 1 1 1 0 0 2 1 1 0 1 3 1 2 1 3 1 1 3 1 3 4 2 2 2 2 4 3 3 1 3 3 3 0 0 0 0 0 0 0 0 0 0 
3 0 2 3 2 3 3 1 2 2 3 3 3 1 2 1 2 2 0 3 2 0 3 3 0 0 1 2 2 3 3 3 0 3 4 1 2 3 3 2 0 1 2 4 3 0 1 3 2 3 0 4 0 2 3 0 2 3 2 3 3 3 2 1 1 2 1 2 1 1 1 0 0 2 2 1 0 1 3 1 2 1 3 1 2 2 1 3 4 2 2 2 2 3 4 4 1 3 4 3 0 0 0 0 0 0 0 0 0 0 
#TS141
2 1 2 1 4 3 2 2 2 3 3 2 2 1 3 2 4 2 0 3 3 0 4 2 0 0 1 4 2 3 3 3 1 3 4 1 2 3 4 2 0 3 1 4 3 0 1 3 3 2 1 4 2 3 4 0 3 4 3 3 3 2 2 1 1 3 1 2 1 1 1 0 0 2 2 1 0 1 3 1 2 1 3 1 2 2 1 3 4 3 2 2 2 3 4 4 1 3 2 3 0 0 0 0 0 0 0 0 0 0 
3 0 2 3 4 3 3 1 2 2 2 1 2 1 2 2 4 1 0 3 4 1 4 2 0 0 1 4 2 3 3 3 1 2 4 1 2 3 3 2 0 2 2 4 2 0 1 3 2 2 2 4 3 3 4 0 2 4 2 3 3 4 2 1 1 2 1 2 1 1 1 0 0 2 1 1 0 1 3 1 2 0 3 0 2 3 1 3 4 3 1 2 2 3 3 4 1 3 2 3 0 0 0 0 0 0 0 0 0 0 
#TS142
3 0 2 3 2 3 3 0 2 1 4 3 2 1 3 1 2 2 1 3 2 0 3 2 0 0 1 3 3 3 3 2 1 3 4 1 2 3 3 2 0 1 2 3 3 0 2 3 2 3 1 4 1 4 4 0 2 4 2 3 3 3 2 1 1 3 2 2 1 2 1 0 0 2 2 1 0 1 3 1 3 0 3 1 2 3 1 3 4 3 1 1 2 3 4 4 1 3 3 4 0 0 0 0 0 0 0 0 0 0 
3 0 2 3 2 3 3 0 2 1 3 3 3 1 3 2 2 2 1 3 2 0 4 3 0 0 1 2 2 3 3 3 1 3 4 1 2 3 3 2 0 1 2 4 2 0 1 3 2 3 1 4 0 3 4 0 2 4 2 3 3 3 1 1 2 3 1 2 1 1 1 0 0 2 2 1 0 1 3 1 2 0 3 1 2 3 1 3 4 4 1 1 2 3 4 4 1 3 3 4 0 0 0 0 0 0 0 0 0 0 
#TS143
3 0 2 3 2 3 3 0 2 1 3 2 3 1 3 1 2 2 1 3 2 0 3 2 0 0 1 3 2 3 3 3 1 4 4 1 2 3 3 2 0 1 2 4 3 0 1 3 3 2 2 4 1 3 4 0 2 4 3 3 3 4 2 1 1 3 2 2 1 1 1 1 0 2 2 2 0 1 3 0 2 1 3 1 2 4 1 3 4 3 1 2 2 3 4 4 0 3 3 4 0 0 0 0 0 0 0 0 0 0 
3 0 3 3 2 3 3 0 1 1 3 3 3 1 3 1 2 1 1 3 2 0 4 2 0 0 1 3 2 3 3 3 1 3 4 1 2 3 3 2 0 1 2 4 3 0 1 3 2 2 2 4 0 3 4 0 2 4 2 3 3 3 1 1 1 2 2 2 4 0 1 1 1 3 2 1 0 1 3 0 2 0 3 1 2 3 1 3 4 3 0 2 2 3 3 4 1 3 3 3 0 0 0 0 0 0 0 0 0 0 
#TS144
3 0 2 3 2 3 3 0 1 1 3 3 3 1 3 1 2 2 1 3 2 0 4 3 0 0 0 2 2 3 2 2 1 3 4 1 2 3 3 2 0 0 3 4 3 0 1 2 2 3 2 4 0 3 4 0 2 4 3 3 3 3 2 1 1 4 1 2 1 1 1 0 0 1 2 0 0 1 3 1 2 1 3 1 2 3 1 4 4 3 1 2 2 3 4 4 1 3 3 3 0 0 0 0 0 0 0 0 0 0 
2 0 2 3 2 3 3 0 3 1 3 3 3 1 3 1 2 2 1 3 2 0 4 2 0 0 1 3 2 3 3 2 1 3 4 1 2 3 3 2 0 1 3 4 2 0 2 3 2 3 1 4 0 3 4 0 2 4 2 3 3 3 2 1 1 2 1 1 1 1 1 0 0 1 2 1 0 1 3 1 2 0 3 1 2 2 1 3 4 2 1 2 2 3 4 4 1 3 3 3 0 0 0 0 0 0 0 0 0 0 
#TS145
2 0 0 0 1 4 3 1 3 1 3 3 3 1 4 0 0 0 3 3 0 0 3 2 0 0 0 3 2 3 2 2 1 3 3 1 3 2 4 0 0 1 3 4 3 0 1 3 3 4 0 4 0 1 3 1 2 2 2 4 3 3 2 3 1 3 1 0 2 1 1 0 0 2 3 4 0 2 3 1 2 2 3 1 2 0 0 3 4 3 2 2 2 0 1 4 1 3 3 3 0 0 0 0 0 0 1 0 0 0 
2 0 0 0 0 4 3 1 2 2 3 3 2 1 3 0 0 0 2 3 0 0 2 3 0 0 1 3 2 3 2 3 1 3 2 1 3 3 4 0 0 1 3 4 3 0 1 3 2 3 0 4 0 2 4 2 2 2 1 3 3 3 2 2 0 3 1 0 1 0 1 0 0 1 2 3 0 2 3 1 2 3 3 1 2 0 0 3 4 3 2 2 2 0 0 4 1 2 3 3 0 0 0 0 0 0 1 0 0 0 
#TS146
3 0 2 3 2 3 3 0 2 0 3 4 3 1 3 1 2 1 1 3 2 0 4 2 0 0 1 3 2 3 3 2 1 3 4 1 2 3 3 2 0 1 3 3 2 0 1 3 2 3 1 4 1 3 4 0 2 4 2 3 3 3 1 1 1 3 1 2 2 1 1 0 0 2 2 0 0 2 3 1 2 0 3 1 2 3 1 3 4 2 1 2 2 3 3 4 1 3 3 3 0 0 0 0 0 0 0 0 0 0 
3 0 2 3 2 3 3 0 2 0 3 4 3 1 3 1 2 1 1 3 2 0 4 2 0 0 1 3 2 3 3 2 1 3 4 1 2 3 3 2 0 1 3 3 2 0 1 3 2 3 1 4 1 3 4 0 2 4 2 3 3 3 1 1 1 3 1 2 2 1 1 0 0 2 2 0 0 2 3 1 2 0 3 1 2 3 1 3 4 2 1 2 2 3 3 4 1 3 3 3 0 0 0 0 0 0 0 0 0 0 
#TS147
4 0 3 3 2 3 3 0 3 1 3 3 3 1 3 1 2 2 1 3 1 0 4 3 0 0 1 3 2 3 3 3 1 3 4 1 2 3 3 3 0 1 2 4 3 0 1 3 1 4 1 4 0 4 4 0 2 4 3 3 3 3 2 1 1 3 1 1 1 0 1 0 0 1 2 0 0 1 3 1 2 0 3 1 2 3 1 3 3 3 1 1 2 3 3 4 0 3 2 2 0 0 0 0 0 0 0 0 0 0 
4 0 3 3 2 3 3 0 3 1 3 3 3 1 3 1 2 2 1 3 1 0 4 3 0 0 1 3 2 3 3 3 1 3 4 1 2 3 3 3 0 1 2 4 3 0 1 3 1 4 1 4 0 4 4 0 2 4 3 3 3 3 2 1 1 3 1 1 1 0 1 0 0 1 2 0 0 1 3 1 2 0 3 1 2 3 1 3 3 3 1 1 2 3 3 4 0 3 2 2 0 0 0 0 0 0 0 0 0 0 
#TS148
0 3 2 0 0 3 0 3 2 4 2 1 3 3 3 4 3 2 1 0 1 0 3 2 0 0 1 1 0 3 3 3 1 1 0 0 1 3 0 0 0 0 2 0 2 0 0 0 4 4 0 4 0 0 3 4 0 1 0 4 2 4 2 1 0 2 4 0 1 1 1 2 0 2 3 2 0 2 1 3 1 1 3 0 2 3 1 1 4 0 3 3 4 4 4 4 1 1 3 3 0 0 0 0 0 1 0 0 0 0 
0 4 2 0 0 3 0 4 3 4 2 1 4 3 3 3 3 1 1 0 1 0 3 2 0 0 1 2 0 3 3 3 1 2 0 0 2 3 0 0 0 0 3 0 3 0 0 0 4 4 0 4 0 1 3 4 1 0 0 3 2 3 3 1 0 3 4 0 1 1 1 2 0 2 3 2 0 2 1 3 2 2 3 0 2 3 1 2 4 0 3 3 3 3 4 4 1 1 2 4 0 0 0 0 0 0 0 0 0 0 
#TS149
3 0 2 3 2 3 3 0 2 1 3 3 3 1 3 1 2 2 1 3 2 0 4 2 0 0 1 3 2 3 3 3 1 3 4 1 2 3 3 2 0 1 2 4 3 0 1 3 2 3 1 4 0 3 4 0 2 4 2 3 3 3 2 1 1 3 1 2 1 1 1 0 0 2 2 1 0 1 3 1 2 0 3 1 2 3 1 3 4 3 1 2 2 3 4 4 1 3 3 3 0 0 0 0 0 0 0 1 0 0 
3 0 3 1 1 3 3 0 2 0 3 3 3 1 2 1 1 2 1 3 1 0 4 3 1 0 1 3 2 3 4 3 0 3 4 1 3 3 3 0 0 1 2 3 3 0 1 2 2 3 1 4 2 1 4 0 2 4 2 4 3 3 2 1 1 3 1 2 2 1 1 0 0 1 2 1 1 1 3 0 2 0 3 1 2 3 0 3 4 3 1 2 2 3 4 0 4 3 3 3 0 0 0 0 0 0 0 1 0 0 
#TS150
2 0 0 0 0 4 3 1 2 2 3 3 2 1 3 0 0 0 2 3 0 0 2 3 0 0 1 3 2 3 2 3 1 3 2 1 3 3 4 0 0 1 3 4 3 0 1 3 2 3 0 4 0 2 4 2 2 2 1 3 3 3 2 2 0 3 1 0 1 0 1 0 0 1 2 3 0 2 3 1 2 3 3 1 2 0 0 3 4 3 2 2 2 0 0 4 1 2 3 3 0 0 0 0 0 0 1 0 0 0 
2 0 0 0 0 3 2 1 2 1 3 3 3 1 3 0 0 0 2 3 0 0 3 4 0 1 1 3 2 3 1 2 1 4 2 2 3 3 4 0 0 1 4 3 2 0 1 3 2 4 0 4 0 1 4 1 3 3 1 3 3 4 2 2 1 3 1 0 2 1 1 0 0 2 2 4 0 3 3 1 2 3 3 1 2 0 0 3 4 3 2 2 2 0 0 4 1 3 3 3 0 0 0 0 0 0 1 0 0 0 
#TS151
3 0 2 3 2 3 3 0 2 0 3 0 2 0 3 0 2 2 1 3 3 1 4 3 0 0 1 1 0 3 3 3 1 0 1 0 2 2 3 0 1 1 2 4 3 0 3 0 2 0 2 1 4 3 4 0 2 4 3 3 3 3 1 0 1 3 2 2 1 1 0 2 0 3 0 4 0 2 3 1 3 1 3 1 2 3 1 3 4 3 1 2 2 3 4 4 1 3 3 3 0 0 0 0 0 0 0 0 0 1 
3 0 2 3 2 2 3 0 4 1 3 0 2 0 3 1 2 2 1 3 3 1 4 4 0 0 1 0 0 3 3 3 1 0 1 0 1 1 3 0 1 1 2 4 2 0 3 0 2 0 1 2 4 3 3 0 2 4 2 3 2 1 2 0 1 3 2 2 2 2 1 3 0 3 0 4 0 1 3 1 2 1 3 1 2 3 1 3 4 3 1 2 2 2 4 4 1 3 4 3 0 0 0 0 0 0 0 0 0 1 
#TS152
3 0 2 3 2 3 3 0 2 1 3 3 3 1 3 1 2 2 1 3 2 0 4 2 0 0 1 3 2 3 3 3 1 3 4 1 2 3 3 2 0 1 2 4 3 0 1 3 2 3 1 4 0 3 4 0 2 4 2 3 3 3 2 1 1 3 1 2 1 1 1 0 0 2 2 1 0 1 3 1 2 0 3 1 2 3 1 3 4 3 1 2 2 3 4 4 1 3 3 3 0 0 0 0 0 0 0 0 0 0 
3 0 2 3 2 3 3 0 2 1 3 3 3 1 3 1 2 2 1 3 2 0 4 2 0 0 1 3 2 3 3 3 1 3 4 1 2 3 3 2 0 1 2 4 3 0 1 3 2 3 1 4 0 3 4 0 2 4 2 3 3 3 2 1 1 3 1 2 1 1 1 0 0 2 2 1 0 1 3 1 2 0 3 1 2 3 1 3 4 3 1 2 2 3 4 4 1 3 3 3 0 0 0 0 0 0 0 0 0 0 
#TS153
0 1 3 3 0 3 4 4 2 3 3 3 3 0 2 0 2 1 2 3 3 0 1 1 4 0 1 3 2 3 3 2 1 3 3 3 4 3 3 2 0 3 0 4 3 2 1 3 2 0 2 4 2 1 2 2 3 2 1 3 2 3 2 1 1 2 1 2 0 0 4 0 0 2 2 1 0 3 3 1 2 1 3 1 2 3 1 2 4 3 1 2 2 1 3 4 1 3 3 1 0 0 0 0 0 0 0 0 0 0 
2 2 4 1 3 3 2 4 2 3 3 2 3 0 2 2 2 1 1 3 2 0 3 1 0 0 1 3 2 3 3 3 1 3 4 1 4 3 3 2 0 3 2 4 2 2 1 3 2 3 2 4 3 1 4 0 2 3 2 3 3 3 2 1 1 3 1 2 1 0 1 0 0 2 2 1 0 1 3 1 2 0 3 1 2 2 1 3 4 3 1 2 2 3 3 3 1 3 3 2 0 0 0 0 0 0 0 0 0 0 
#TS154
3 0 2 3 2 3 3 0 2 1 3 3 3 1 3 1 2 2 1 3 2 0 4 2 0 0 1 3 2 3 3 3 1 3 4 1 2 3 3 2 0 1 2 4 3 0 1 3 2 3 1 4 0 3 4 0 2 4 2 3 3 3 2 1 1 3 1 2 1 1 1 0 0 2 2 1 0 1 3 1 2 0 3 1 2 3 1 3 4 3 1 2 2 3 4 4 1 3 3 3 0 0 0 0 1 0 0 0 0 0 
3 0 2 2 1 3 3 0 2 1 3 3 3 1 1 0 2 2 2 3 0 0 2 2 0 0 1 3 2 1 3 2 0 3 4 2 2 3 3 2 0 0 2 4 2 0 1 1 4 3 1 1 0 3 4 0 2 4 2 4 3 4 2 1 1 3 2 2 1 1 0 0 0 1 2 1 2 3 3 1 2 0 3 1 2 2 0 2 4 3 1 2 3 3 4 4 1 3 2 3 0 0 0 0 1 0 0 0 0 0 
#TS155
3 0 2 3 2 3 3 0 3 1 3 3 3 1 3 2 2 2 1 3 2 0 4 2 0 0 1 2 2 3 3 3 1 3 4 1 2 3 3 2 0 1 3 4 3 0 1 3 2 3 2 4 0 3 4 0 2 3 2 3 3 4 2 1 1 2 1 2 1 1 1 0 0 2 2 1 0 1 3 1 2 1 3 0 2 3 1 3 4 3 1 2 2 3 4 4 1 2 3 3 0 0 0 0 0 0 0 0 0 0 
3 0 2 3 2 3 3 0 2 1 3 3 3 1 3 1 2 1 1 3 2 0 4 1 0 0 1 3 2 3 3 3 1 3 4 1 2 3 3 2 0 1 2 4 3 0 2 3 2 3 2 4 0 3 4 0 2 4 2 3 3 3 1 1 1 3 1 2 2 0 1 0 0 2 2 1 0 1 3 1 2 1 4 1 2 3 1 3 4 3 1 2 3 4 4 4 1 3 3 3 0 0 0 0 0 0 0 0 0 0 
#TS156
2 0 3 0 1 3 3 0 2 0 3 3 3 2 2 1 1 1 1 3 0 0 3 2 1 2 1 3 2 2 4 2 0 3 3 1 4 3 3 0 0 1 3 4 4 0 1 3 2 3 0 4 3 0 4 0 1 4 2 4 3 3 1 1 1 3 2 2 1 0 1 0 0 2 2 0 1 1 3 0 2 0 3 1 2 3 0 3 4 3 1 1 1 3 4 0 3 3 3 3 0 0 0 0 0 0 0 1 0 0 
2 0 3 0 0 3 3 1 2 0 3 3 2 1 2 2 2 2 2 3 2 0 4 2 2 2 1 3 3 3 3 3 0 3 4 1 4 3 3 0 0 1 2 4 3 0 1 3 3 4 0 4 4 0 3 0 2 4 2 4 3 3 2 1 1 3 1 2 1 0 1 0 0 2 2 1 1 1 3 1 2 0 3 1 2 3 0 3 4 3 1 1 2 3 4 0 3 3 3 3 0 0 0 0 0 0 0 1 0 0 
#TS157
4 0 2 3 2 1 3 0 1 0 3 0 2 0 2 1 2 2 1 3 4 1 4 3 0 0 1 0 0 3 3 3 1 0 1 0 1 1 3 0 0 2 2 4 2 0 3 0 2 0 2 0 4 3 4 0 2 4 2 3 3 0 2 1 1 2 3 2 2 2 1 3 1 3 0 4 0 1 3 1 3 0 4 0 2 3 1 2 4 3 1 2 2 3 4 4 2 3 3 3 0 0 0 0 0 0 0 0 0 1 
4 0 2 3 1 1 3 0 2 0 3 0 2 0 2 2 2 1 1 3 4 1 4 3 0 0 1 0 0 3 3 4 1 0 1 0 2 1 3 0 1 3 2 4 3 0 3 0 2 0 1 1 4 3 4 0 2 4 2 3 3 0 2 0 2 2 2 4 1 3 1 3 1 3 0 4 0 1 3 1 2 1 3 1 2 3 1 3 4 2 1 2 2 3 3 3 1 3 4 3 0 0 0 0 0 0 0 0 0 1 
#TS158
3 1 2 3 2 3 3 1 2 2 3 3 2 1 3 1 3 2 0 3 3 0 3 2 0 0 1 3 2 3 3 2 1 3 4 1 2 3 3 3 0 1 2 4 3 0 1 3 2 2 1 4 1 2 4 0 3 4 2 3 2 3 2 1 1 4 2 2 1 1 1 1 0 2 2 1 0 1 3 2 2 2 3 1 1 3 1 3 2 2 3 2 3 3 4 4 2 3 4 3 0 0 0 0 0 0 0 0 0 0 
3 0 2 3 2 3 3 0 2 1 3 2 3 1 3 1 2 2 1 3 3 0 4 2 0 0 0 3 3 3 3 3 1 3 4 1 2 4 3 1 0 0 3 4 2 0 0 2 2 3 1 4 1 3 4 0 3 4 2 3 3 3 2 1 1 3 1 2 3 1 1 1 0 2 1 1 0 1 3 2 2 1 3 1 2 3 1 3 3 2 3 2 2 4 3 4 1 3 3 3 0 0 0 0 0 0 0 0 0 0 
#TS159
3 0 2 3 2 3 3 0 3 1 3 0 2 0 3 1 2 2 0 3 2 1 4 4 0 0 1 0 2 3 4 3 1 0 3 0 2 3 3 0 1 0 2 4 3 0 2 0 2 0 2 0 1 3 4 0 2 4 2 3 3 4 2 1 0 2 2 2 1 1 0 1 0 3 0 3 0 1 3 2 2 1 3 1 2 3 1 3 4 3 1 2 2 3 4 4 1 3 3 3 0 0 0 0 0 0 0 0 0 1 
3 0 2 3 2 3 3 0 2 0 3 0 3 0 3 2 2 2 2 3 2 1 4 3 0 0 1 1 1 3 3 3 1 0 2 0 2 2 3 0 0 1 2 4 3 0 3 1 2 0 1 0 3 2 4 0 2 4 2 3 3 3 2 1 1 3 1 2 1 1 0 2 0 2 0 4 0 1 3 1 2 0 3 1 2 2 1 3 4 3 1 2 2 3 4 4 2 3 3 3 0 0 0 0 0 0 0 0 0 1 
#TS160
3 0 2 3 2 3 3 0 2 1 3 1 2 0 2 1 2 2 1 3 4 0 4 2 0 0 0 3 2 3 3 3 1 3 4 2 3 2 4 2 0 1 2 4 2 0 1 3 1 2 1 4 1 3 4 0 2 4 2 4 3 3 2 1 1 3 1 2 3 1 1 0 0 2 1 1 0 1 3 1 2 0 3 1 2 3 1 2 3 2 1 2 2 3 4 4 0 3 3 3 0 0 0 0 0 0 0 0 0 0 
3 0 2 3 2 3 3 0 2 2 3 2 2 0 2 1 3 2 1 4 3 0 4 2 0 0 1 2 2 3 3 3 1 3 4 1 2 3 4 3 0 2 1 4 2 0 1 2 2 2 1 4 2 3 3 0 2 4 2 3 3 3 2 1 1 3 2 2 2 1 1 0 0 2 2 1 0 1 3 1 2 0 3 0 2 3 1 3 4 3 1 2 2 4 4 4 2 2 3 4 0 0 0 0 0 0 0 0 0 0 
#TS161
3 0 2 3 0 3 2 3 1 1 1 3 1 1 3 1 2 3 2 2 2 0 4 4 0 0 1 3 1 2 3 2 0 3 4 1 2 3 4 0 0 1 2 4 3 0 1 3 1 1 1 4 0 3 4 0 2 3 2 3 3 3 3 0 1 3 1 2 1 1 0 0 0 2 2 3 0 1 0 1 4 3 3 0 2 3 2 3 4 3 1 2 3 4 3 4 1 1 3 2 0 0 0 1 0 0 0 0 0 0 
2 0 3 3 0 3 2 4 1 1 1 3 1 1 3 1 0 3 3 2 1 0 4 4 0 0 1 3 2 1 4 2 0 4 3 1 3 2 3 0 0 1 2 4 3 0 1 4 2 1 1 4 1 2 3 1 2 2 1 3 2 3 4 0 1 3 0 2 1 1 0 0 0 2 2 3 0 1 0 1 3 4 3 0 2 3 2 1 1 3 1 1 3 3 4 4 2 0 3 3 0 0 0 1 0 0 0 0 0 0 
#TS162
3 0 2 3 2 3 3 0 2 2 3 2 2 0 2 1 3 2 1 4 3 0 4 2 0 0 1 2 2 3 3 3 1 3 4 1 2 3 4 3 0 2 1 4 2 0 1 2 2 2 1 4 2 3 3 0 2 4 2 3 3 3 2 1 1 3 2 2 2 1 1 0 0 2 2 1 0 1 3 1 2 0 3 0 2 3 1 3 4 3 1 2 2 4 4 4 2 2 3 4 0 0 0 0 0 0 0 0 0 0 
3 0 2 3 2 3 2 0 2 1 3 2 3 0 3 1 2 2 0 3 2 0 3 2 0 0 1 3 1 3 3 1 1 3 4 1 2 3 3 2 0 1 2 4 3 0 1 3 2 2 1 4 1 3 4 0 3 4 2 3 3 3 2 1 1 3 1 2 1 0 1 0 0 2 2 1 0 1 3 1 2 1 3 1 2 3 1 2 4 3 1 2 2 3 4 4 1 3 3 3 0 0 0 0 0 0 0 0 0 0 
#TS163
3 0 2 3 2 3 4 0 2 0 3 3 3 1 3 1 2 3 1 3 3 0 4 2 0 0 1 3 2 3 3 3 1 3 4 1 2 3 3 2 0 1 3 4 3 0 1 2 2 4 1 4 0 3 4 1 2 4 2 3 3 3 1 1 1 3 1 2 1 1 1 0 0 2 2 0 0 1 3 1 2 1 4 0 2 3 1 2 4 2 1 2 2 4 4 4 1 3 3 3 0 0 0 0 0 0 0 0 0 0 
3 0 2 3 2 3 3 0 2 0 3 4 3 1 3 1 2 1 1 3 2 0 4 2 0 0 1 3 2 3 3 2 1 3 4 1 2 3 3 2 0 1 3 3 2 0 1 3 2 3 1 4 1 3 4 0 2 4 2 3 3 3 1 1 1 3 1 2 2 1 1 0 0 2 2 0 0 2 3 1 2 0 3 1 2 3 1 3 4 2 1 2 2 3 3 4 1 3 3 3 0 0 0 0 0 0 0 0 0 0 
#TS164
0 2 3 2 0 3 0 3 2 2 1 3 3 4 3 2 2 4 1 1 2 0 4 4 0 0 1 3 1 1 3 2 0 4 0 1 2 3 3 0 0 2 2 2 3 0 0 4 2 1 0 4 2 3 1 1 0 0 1 3 2 3 4 0 1 2 0 2 1 1 0 0 0 2 4 3 0 1 0 1 3 3 0 0 2 3 4 1 0 3 0 2 4 3 4 4 2 0 3 3 0 0 0 1 0 0 0 0 0 0 
0 2 3 3 0 3 1 4 2 2 0 3 3 3 3 2 2 4 1 2 1 0 3 4 0 0 1 3 2 1 3 4 0 3 0 1 2 3 3 0 0 2 3 3 3 0 0 4 3 2 1 4 1 3 1 2 1 1 1 3 3 2 4 0 1 3 0 1 1 1 0 0 1 2 3 4 0 0 0 2 3 4 0 0 2 3 4 1 0 3 0 2 4 3 4 3 1 0 3 3 0 0 0 1 0 0 0 0 0 0 
#TS165
0 3 0 0 0 3 0 0 0 4 3 4 4 4 3 0 4 1 3 2 0 3 4 3 0 2 0 3 2 0 4 2 1 3 0 1 2 3 4 2 0 1 2 0 0 0 2 3 3 3 0 4 0 0 0 3 0 0 1 4 3 2 0 1 0 3 2 2 1 1 0 0 0 2 2 1 0 1 3 0 2 3 1 0 0 3 1 0 1 3 1 0 0 4 3 1 0 3 2 3 1 0 0 0 0 0 0 0 0 0 
0 4 0 0 0 3 0 0 1 3 3 4 4 3 4 1 4 2 3 0 0 3 4 2 0 3 0 3 1 0 4 2 1 3 0 1 2 3 4 2 0 1 2 0 0 0 2 2 4 4 0 4 0 0 0 3 0 0 0 4 3 3 1 1 1 3 2 2 1 1 0 1 0 3 2 1 0 1 3 0 2 3 3 0 0 3 1 0 1 4 0 0 0 3 4 0 0 3 3 3 1 0 0 0 0 0 0 0 0 0 
#TS166
1 0 3 0 0 3 4 0 2 1 2 1 3 1 3 1 1 2 2 3 1 0 4 2 0 0 1 3 2 3 3 3 1 2 1 1 2 3 1 0 0 1 2 4 3 0 1 1 4 3 0 4 0 2 4 1 2 2 2 3 3 3 2 1 0 4 4 0 1 1 1 0 0 2 2 1 0 1 2 1 2 0 3 1 2 3 1 3 4 0 1 2 4 3 4 4 0 1 3 3 0 0 0 0 0 1 0 0 0 0 
1 0 3 0 0 3 3 1 1 1 1 2 3 2 3 2 2 2 2 3 1 0 4 2 0 0 1 2 2 3 3 3 1 1 1 1 3 3 0 0 0 1 3 3 3 0 0 0 3 4 0 4 0 1 3 3 1 0 1 3 2 3 2 1 0 3 4 0 1 1 1 0 0 2 2 1 0 1 2 2 2 0 3 0 2 3 1 2 4 0 1 2 4 3 4 4 0 1 3 3 0 0 0 0 0 1 0 0 0 0 
#TS167
3 0 2 3 2 3 3 0 2 1 3 3 3 1 2 1 2 2 1 3 2 0 4 2 0 0 1 3 2 3 3 3 1 4 4 1 2 3 3 1 0 1 2 4 3 0 1 3 2 3 1 4 0 3 4 0 2 3 2 3 3 3 2 1 1 3 1 2 0 1 1 0 0 2 2 1 0 1 3 1 2 1 3 1 2 3 1 3 4 2 1 2 2 3 3 4 1 3 3 3 0 0 0 0 0 0 0 0 0 0 
3 0 2 3 2 3 3 0 3 1 3 3 3 1 3 2 2 2 1 3 2 0 4 2 0 0 1 2 2 3 3 3 1 3 4 1 2 3 3 2 0 1 3 4 3 0 1 3 2 3 2 4 0 3 4 0 2 3 2 3 3 4 2 1 1 2 1 2 1 1 1 0 0 2 2 1 0 1 3 1 2 1 3 0 2 3 1 3 4 3 1 2 2 3 4 4 1 2 3 3 0 0 0 0 0 0 0 0 0 0 
#TS168
3 0 2 3 2 3 3 0 2 1 3 3 3 1 3 1 2 2 1 3 2 0 4 2 0 0 1 3 2 3 3 3 1 3 4 1 2 3 3 2 0 1 2 4 3 0 1 3 2 3 1 4 0 3 4 0 2 4 2 3 3 3 2 1 1 3 1 2 1 1 1 0 0 2 2 1 0 1 3 1 2 0 3 1 2 3 1 3 4 3 1 2 2 3 4 4 1 3 3 3 0 0 0 0 0 1 0 0 0 0 
3 0 3 1 0 3 4 0 2 0 3 1 3 1 3 1 2 1 2 3 1 0 4 2 0 0 1 3 2 3 3 3 1 2 4 1 2 3 1 0 0 1 2 4 3 0 1 1 2 4 0 4 0 2 3 1 2 3 2 3 3 3 1 1 0 3 3 0 1 1 1 0 0 2 2 1 0 1 1 1 3 0 3 1 2 3 1 3 4 0 2 2 3 3 4 4 1 1 3 3 0 0 0 0 0 1 0 0 0 0 
#TS169
0 1 2 0 0 3 2 2 1 2 3 1 3 4 3 2 4 2 1 3 0 0 4 3 0 0 1 2 1 3 3 3 1 1 0 0 2 3 0 0 0 1 2 1 3 0 0 1 3 4 0 4 0 1 2 3 1 0 1 3 2 3 2 1 0 3 3 0 2 1 1 1 0 1 3 1 0 1 1 2 2 0 3 0 1 3 1 2 4 0 2 3 4 3 4 4 0 0 3 3 0 0 0 0 0 1 0 0 0 0 
0 1 2 0 0 3 1 3 2 3 3 2 3 3 3 3 3 2 1 3 0 0 4 3 0 0 1 2 2 3 3 3 1 1 0 1 2 3 1 0 0 1 4 0 3 0 0 0 4 4 0 4 0 1 2 3 1 1 0 3 3 3 2 1 0 3 3 0 1 1 1 0 0 2 2 1 0 1 1 2 2 0 3 0 2 3 1 2 4 0 4 4 4 4 4 4 1 0 3 3 0 0 0 0 0 1 0 0 0 0 
#TS170
0 2 3 2 0 4 0 4 1 2 0 3 2 4 3 2 2 3 1 2 2 0 4 4 0 0 1 3 1 1 4 2 0 3 0 1 2 3 3 0 0 2 2 4 3 0 0 4 3 1 0 4 2 3 1 2 0 1 1 3 1 3 3 0 1 3 0 2 1 1 0 0 0 3 3 3 0 0 0 2 4 4 0 0 2 3 3 1 0 3 0 1 3 3 4 4 1 0 3 3 0 0 0 0 0 0 0 0 0 0 
2 2 3 1 3 3 2 3 2 4 2 3 4 1 3 2 2 2 1 3 3 0 3 3 0 0 0 4 2 3 3 2 0 4 3 2 2 3 4 2 0 2 2 4 3 0 1 4 2 2 0 4 1 3 2 1 0 2 1 3 1 3 2 1 1 3 0 2 1 1 1 1 0 2 3 2 0 1 2 4 1 2 2 0 2 2 3 1 0 3 0 2 2 3 4 4 2 3 2 3 0 0 0 0 0 0 0 0 0 0 
#TS171
3 0 2 3 2 3 3 0 2 1 3 3 3 1 3 1 2 2 1 3 2 0 4 2 0 0 1 3 2 3 3 3 1 3 4 1 2 3 3 2 0 1 2 4 3 0 1 3 2 3 1 4 0 3 4 0 2 4 2 3 3 3 2 1 1 3 1 2 1 1 1 0 0 2 2 1 0 1 3 1 2 0 3 1 2 3 1 3 4 3 1 2 2 3 4 4 1 3 3 3 0 0 0 0 0 0 0 0 1 0 
3 0 2 3 1 3 3 2 2 1 3 3 0 1 3 1 2 2 1 3 2 3 2 2 3 0 1 1 3 3 2 3 0 1 4 1 2 3 3 1 0 1 2 4 4 0 1 1 2 4 1 3 0 1 4 0 2 4 2 3 3 3 2 2 1 3 1 2 1 0 1 0 0 1 2 1 0 2 3 0 2 1 3 0 2 3 1 3 4 3 1 2 2 2 4 4 1 0 1 3 0 0 0 0 0 0 0 0 1 0 
#TS172
2 0 2 3 2 3 3 0 2 1 3 2 2 0 3 2 2 1 1 3 2 0 4 3 0 0 1 3 2 3 3 2 0 3 4 1 2 3 3 2 0 1 2 4 2 0 1 3 2 3 2 4 2 3 4 0 3 4 2 3 3 3 2 1 1 3 1 2 1 0 1 0 0 2 2 1 0 1 3 1 2 0 3 0 2 3 1 3 4 2 1 1 2 3 4 4 1 3 3 3 0 0 0 0 0 0 0 0 0 0 
3 0 2 3 2 3 3 0 2 1 3 3 2 1 3 1 3 2 1 3 2 0 4 2 0 0 1 3 2 3 2 3 1 3 4 1 2 3 3 2 0 1 2 4 3 0 1 3 2 3 1 4 1 3 4 0 3 4 2 3 4 3 2 1 1 2 1 2 1 0 1 0 0 2 2 1 0 1 3 1 2 1 3 1 2 3 1 2 3 3 1 2 2 3 3 4 1 3 3 3 0 0 0 0 0 0 0 0 0 0 
#TS173
4 0 2 3 2 3 3 0 2 1 2 3 3 1 3 1 2 2 2 3 2 0 4 2 0 0 1 3 2 3 3 4 1 3 4 1 2 3 3 2 0 1 1 4 3 0 1 4 2 3 1 4 0 3 3 0 2 4 2 3 3 4 1 1 1 3 1 2 1 1 1 0 0 1 2 1 0 2 3 1 2 0 3 0 2 3 1 3 4 3 1 1 2 3 4 4 1 3 3 3 0 0 0 0 0 0 0 0 0 0 
3 0 2 3 2 3 3 0 2 0 3 3 3 1 3 1 2 2 1 3 2 0 4 2 0 0 1 3 2 3 3 3 1 4 4 1 3 3 3 2 0 1 1 4 3 0 2 4 3 3 0 4 0 3 3 0 2 4 2 3 3 3 2 1 1 3 1 2 1 1 1 0 0 2 2 1 0 1 3 0 2 0 2 0 2 3 1 3 4 3 0 2 2 3 4 4 0 3 3 3 0 0 0 0 0 0 0 0 0 0 
#TS174
3 0 0 0 1 3 3 1 2 1 3 3 3 1 3 0 0 0 2 3 0 0 1 3 0 0 1 3 3 3 1 3 1 3 3 1 4 3 4 0 0 0 4 4 2 0 1 3 2 4 1 4 0 2 4 1 3 3 2 3 3 3 1 3 2 3 0 0 1 1 1 0 0 2 2 4 0 3 3 1 2 2 3 1 3 0 0 3 3 2 2 2 2 0 0 3 1 3 3 3 0 0 0 0 0 0 1 0 0 0 
2 0 0 0 0 3 3 2 3 1 3 3 3 1 4 0 0 0 3 3 0 0 3 3 0 0 1 2 2 3 1 3 0 4 3 1 4 3 4 0 0 1 3 4 2 0 1 3 3 4 1 4 0 1 4 1 3 3 2 3 3 3 1 1 1 3 1 0 1 1 1 0 0 2 2 3 0 3 3 1 2 2 3 1 1 0 0 3 4 3 3 2 2 0 0 4 1 3 3 3 0 0 0 0 0 0 0 0 0 0 
#TS175
2 0 3 0 0 3 3 0 2 1 3 3 3 2 2 1 0 2 2 4 1 0 4 2 2 2 1 3 2 3 4 3 0 3 3 1 4 3 3 0 0 1 1 4 2 0 1 3 2 4 0 4 3 0 4 1 2 4 2 3 3 3 1 1 1 3 1 2 1 1 1 0 0 2 2 1 1 1 3 1 2 0 3 1 2 2 0 3 4 3 0 2 2 3 4 0 4 3 3 3 0 0 0 0 0 0 0 1 0 0 
2 0 3 0 0 3 3 0 2 0 3 3 3 2 1 1 0 2 3 3 1 0 4 2 2 1 2 3 2 3 4 3 0 4 2 1 4 2 3 0 0 1 1 4 3 0 1 3 2 3 0 3 3 0 4 0 2 4 2 4 3 3 1 1 0 3 1 3 1 1 1 0 0 2 2 1 1 1 3 1 2 1 3 1 2 3 0 3 4 3 1 1 2 3 3 0 3 3 3 3 0 0 0 0 0 0 0 0 0 0 
#TS176
0 3 2 0 0 3 0 4 3 3 3 1 3 4 2 3 4 1 1 1 1 0 4 1 0 0 1 2 1 3 3 4 1 1 0 1 2 3 0 0 0 0 3 0 3 0 0 0 4 4 0 4 0 0 2 4 0 0 0 3 2 3 2 1 0 2 4 0 1 1 1 1 0 2 3 1 0 2 1 2 1 0 3 0 2 2 1 2 4 0 2 3 4 3 4 4 1 1 3 3 0 0 0 0 0 1 0 0 0 0 
0 4 2 0 0 3 1 4 4 4 2 1 3 3 3 3 4 1 1 0 1 0 4 2 0 0 1 2 1 4 3 2 1 1 0 0 2 2 0 0 0 0 3 0 3 0 0 0 4 4 0 4 0 0 3 4 0 0 0 4 3 3 2 1 0 3 3 0 2 1 1 2 0 2 2 2 0 2 2 2 1 0 3 0 2 3 1 1 4 0 3 3 3 3 3 4 1 1 3 3 0 0 0 0 0 1 0 0 0 0 
#TS177
0 2 3 3 0 3 3 3 2 4 3 3 4 0 2 0 2 1 2 3 3 0 1 2 4 0 1 3 2 3 3 2 1 4 3 3 4 3 4 2 0 3 0 4 3 2 1 3 3 0 4 4 4 0 2 1 3 2 0 3 3 3 2 1 1 3 1 2 3 0 4 1 0 2 2 1 0 3 3 1 2 0 3 1 2 3 1 3 4 3 1 2 2 1 3 4 1 3 3 0 0 0 1 0 0 0 0 0 0 0 
1 1 4 3 0 4 4 3 3 3 3 3 4 0 3 0 2 1 2 3 4 0 1 1 4 0 0 3 2 3 3 4 1 3 4 3 3 4 4 2 0 4 0 3 3 2 1 3 2 0 3 4 3 1 2 2 3 1 1 3 3 4 2 1 1 3 1 2 1 0 3 1 0 2 2 1 0 3 3 1 2 0 3 0 2 2 1 3 4 3 1 2 2 1 3 4 1 3 3 0 0 0 1 0 0 0 0 0 0 0 
#TS178
3 1 2 3 4 3 3 2 2 3 2 3 2 2 3 1 3 2 0 3 4 0 4 2 0 0 0 3 2 3 3 3 1 3 4 1 2 3 3 2 0 1 2 3 3 0 1 3 2 2 1 4 0 3 3 0 2 4 2 3 3 3 2 1 1 3 2 2 1 1 1 1 1 3 2 2 0 2 2 2 2 1 4 1 1 3 1 2 3 2 3 2 3 4 4 4 1 3 3 3 0 0 0 0 0 0 0 0 0 0 
3 1 2 3 2 3 3 1 2 2 3 3 2 1 3 1 3 2 0 3 3 0 3 2 0 0 1 3 2 3 3 2 1 3 4 1 2 3 3 3 0 1 2 4 3 0 1 3 2 2 1 4 1 2 4 0 3 4 2 3 2 3 2 1 1 4 2 2 1 1 1 1 0 2 2 1 0 1 3 2 2 2 3 1 1 3 1 3 2 2 3 2 3 3 4 4 2 3 4 3 0 0 0 0 0 0 0 0 0 0 
#TS179
3 0 2 3 2 3 3 0 2 2 3 3 3 1 3 1 2 2 1 3 2 0 4 2 0 0 1 3 2 3 2 3 1 3 4 1 2 3 3 2 0 1 2 4 3 0 1 3 2 3 1 4 0 3 3 0 2 4 2 3 2 3 2 1 1 3 1 2 1 0 1 0 0 2 2 0 0 1 3 1 2 0 3 0 3 3 1 3 4 3 1 2 2 3 3 4 1 3 3 3 0 0 0 0 0 0 0 0 0 0 
4 0 3 3 2 3 3 0 3 1 3 3 3 1 3 1 2 2 1 3 1 0 4 3 0 0 1 3 2 3 3 3 1 3 4 1 2 3 3 3 0 1 2 4 3 0 1 3 1 4 1 4 0 4 4 0 2 4 3 3 3 3 2 1 1 3 1 1 1 0 1 0 0 1 2 0 0 1 3 1 2 0 3 1 2 3 1 3 3 3 1 1 2 3 3 4 0 3 2 2 0 0 0 0 0 0 0 0 0 0 
#TS180
3 0 2 2 2 3 3 0 2 1 4 3 3 1 3 1 2 1 1 3 3 0 4 2 0 0 1 3 2 3 3 3 1 3 4 1 2 3 4 2 0 1 2 4 3 0 0 3 2 3 1 4 0 2 4 0 2 3 3 3 3 4 2 1 1 2 1 2 1 1 1 0 0 2 2 1 0 1 3 1 2 0 3 0 2 3 1 3 4 3 1 2 2 4 4 4 1 3 3 3 0 0 0 0 0 0 0 0 0 0 
3 0 2 2 2 3 3 0 2 2 3 3 2 1 3 1 2 2 1 3 2 0 4 2 0 0 1 3 2 3 3 4 1 4 4 1 2 3 3 2 0 0 2 4 3 0 1 2 2 3 1 4 0 2 4 0 2 4 2 3 3 3 2 1 1 2 1 2 1 0 1 0 0 2 2 1 0 2 3 1 4 1 3 1 2 3 1 3 4 3 1 2 2 3 4 4 1 3 3 3 0 0 0 0 0 0 0 0 0 0 
#TS181
3 0 0 0 0 3 3 2 2 1 4 3 3 2 2 0 0 0 2 3 0 0 2 3 0 1 1 3 1 3 2 4 0 3 3 1 3 2 4 0 0 1 3 4 3 0 0 2 2 4 0 4 0 1 4 1 3 3 2 3 3 3 1 1 1 3 1 0 1 1 1 0 0 2 2 4 0 3 3 1 2 3 3 0 2 0 0 3 4 3 2 1 3 0 0 4 0 3 3 3 0 0 0 0 0 0 1 0 0 0 
3 0 0 0 1 3 3 1 2 1 3 3 3 2 3 0 0 0 2 3 0 0 3 4 0 0 1 3 2 3 2 2 1 3 4 1 4 3 4 0 0 0 3 4 3 0 1 3 3 3 1 4 0 2 4 1 4 2 2 3 3 3 2 1 2 3 1 0 1 1 1 0 0 2 2 3 0 1 3 1 2 2 3 1 2 0 0 3 4 3 3 1 2 0 0 3 0 3 3 3 0 0 0 0 0 0 1 0 0 0 
#TS182
2 0 3 0 1 3 3 1 2 1 3 3 3 2 1 1 1 2 3 3 1 0 4 2 1 1 0 4 2 3 3 3 0 3 2 1 4 2 3 0 0 1 3 3 3 0 2 3 3 3 0 4 3 0 4 0 2 4 2 3 4 3 2 1 1 3 1 2 2 0 1 1 0 2 2 1 1 1 4 0 2 0 3 1 2 3 0 3 4 3 1 2 2 4 4 0 3 3 2 3 0 0 0 0 0 0 0 1 0 0 
2 0 3 0 1 3 2 1 3 0 3 3 3 2 1 2 1 2 2 3 1 0 3 2 1 2 1 3 2 3 4 2 0 3 4 1 3 3 3 0 0 0 2 4 2 0 1 3 2 4 0 4 3 0 3 0 2 4 2 3 3 3 1 1 1 3 1 2 1 1 1 0 0 2 2 1 1 1 3 1 2 0 3 0 2 3 0 3 4 3 1 2 2 3 4 0 3 3 3 3 0 0 0 0 0 0 0 1 0 0 
#TS183
3 0 2 3 2 3 3 0 2 1 3 3 3 1 3 2 3 2 0 3 2 0 4 2 0 0 1 3 3 3 3 3 2 3 4 1 2 3 3 2 0 1 1 4 3 0 1 3 2 3 1 4 0 3 4 0 2 4 2 3 3 3 2 1 1 2 1 2 1 1 1 0 0 2 2 1 0 1 3 1 2 2 3 0 2 3 1 3 4 2 1 2 2 4 4 4 0 3 3 3 0 0 0 0 0 0 0 0 0 0 
3 0 2 3 2 3 3 0 2 1 3 3 3 1 2 1 2 2 1 3 2 0 4 2 0 0 1 3 2 3 3 3 1 4 4 1 2 3 3 1 0 1 2 4 3 0 1 3 2 3 1 4 0 3 4 0 2 3 2 3 3 3 2 1 1 3 1 2 0 1 1 0 0 2 2 1 0 1 3 1 2 1 3 1 2 3 1 3 4 2 1 2 2 3 3 4 1 3 3 3 0 0 0 0 0 0 0 0 0 0 
#TS184
3 0 2 3 2 3 3 0 2 1 3 3 3 1 3 1 2 1 1 3 2 0 4 1 0 0 1 3 2 3 3 3 1 3 4 1 2 3 3 2 0 1 2 4 3 0 2 3 2 3 2 4 0 3 4 0 2 4 2 3 3 3 1 1 1 3 1 2 2 0 1 0 0 2 2 1 0 1 3 1 2 1 4 1 2 3 1 3 4 3 1 2 3 4 4 4 1 3 3 3 0 0 0 0 0 0 0 0 0 0 
3 0 2 3 2 3 3 0 2 2 3 3 3 1 3 1 2 2 1 3 2 0 4 2 0 0 1 3 2 3 2 3 1 3 4 1 2 3 3 2 0 1 2 4 3 0 1 3 2 3 1 4 0 3 3 0 2 4 2 3 2 3 2 1 1 3 1 2 1 0 1 0 0 2 2 0 0 1 3 1 2 0 3 0 3 3 1 3 4 3 1 2 2 3 3 4 1 3 3 3 0 0 0 0 0 0 0 0 0 0 
#TS185
3 0 2 3 2 2 3 0 4 1 3 0 2 0 3 1 2 2 1 3 3 1 4 4 0 0 1 0 0 3 3 3 1 0 1 0 1 1 3 0 1 1 2 4 2 0 3 0 2 0 1 2 4 3 3 0 2 4 2 3 2 1 2 0 1 3 2 2 2 2 1 3 0 3 0 4 0 1 3 1 2 1 3 1 2 3 1 3 4 3 1 2 2 2 4 4 1 3 4 3 0 0 0 0 0 0 0 0 0 1 
4 0 2 3 2 1 3 0 1 0 3 0 2 0 2 1 2 2 1 3 4 1 4 3 0 0 1 0 0 3 3 3 1 0 1 0 1 1 3 0 0 2 2 4 2 0 3 0 2 0 2 0 4 3 4 0 2 4 2 3 3 0 2 1 1 2 3 2 2 2 1 3 1 3 0 4 0 1 3 1 3 0 4 0 2 3 1 2 4 3 1 2 2 3 4 4 2 3 3 3 0 0 0 0 0 0 0 0 0 1 
#TS186
3 0 2 3 3 3 3 1 2 1 3 2 2 1 2 2 3 1 1 3 3 0 4 2 0 0 1 2 2 3 3 4 1 3 4 1 3 3 3 2 0 1 2 4 3 0 2 3 2 2 3 4 1 3 4 0 2 3 2 3 3 4 2 1 1 3 1 3 2 1 1 1 0 3 2 1 0 1 3 2 2 0 3 0 1 4 1 3 4 3 1 1 2 4 3 4 1 3 3 3 0 0 0 0 0 0 0 0 0 0 
3 0 2 4 2 2 3 0 2 1 2 1 1 0 3 1 2 2 0 3 3 0 4 2 0 0 1 3 2 3 3 3 1 3 4 2 2 3 3 2 0 1 2 4 4 0 1 3 2 2 2 4 1 3 2 0 3 4 2 3 4 3 2 1 1 3 1 1 1 1 1 0 0 2 2 1 0 0 3 1 2 0 3 0 2 3 1 3 4 3 1 2 2 3 4 4 1 3 4 3 0 0 0 0 0 0 0 0 0 0 
#TS187
0 4 2 0 0 3 0 4 3 4 2 1 4 3 3 3 3 1 1 0 1 0 3 2 0 0 1 2 0 3 3 3 1 2 0 0 2 3 0 0 0 0 3 0 3 0 0 0 4 4 0 4 0 1 3 4 1 0 0 3 2 3 3 1 0 3 4 0 1 1 1 2 0 2 3 2 0 2 1 3 2 2 3 0 2 3 1 2 4 0 3 3 3 3 4 4 1 1 2 4 0 0 0 0 0 0 0 0 0 0 
1 4 2 0 3 3 0 4 3 4 3 3 3 3 3 2 4 1 0 1 1 0 4 2 0 0 0 4 1 3 3 3 1 3 1 1 2 3 3 2 0 0 2 2 2 0 1 3 4 3 0 4 0 1 3 2 1 2 1 3 3 3 2 1 0 3 2 2 1 1 1 2 0 3 3 2 0 2 2 3 2 1 3 0 1 3 2 2 1 2 3 2 2 3 4 4 1 2 4 3 0 0 0 0 0 0 0 0 0 0 
#TS188
3 0 2 3 2 2 2 1 2 0 3 0 1 0 3 3 1 2 1 3 4 1 4 4 0 0 1 0 0 3 2 3 2 0 1 0 2 2 2 0 1 2 3 4 2 0 4 0 2 0 0 0 3 3 4 0 2 4 2 3 3 1 1 1 0 2 3 3 1 4 1 3 2 3 0 4 0 1 3 1 2 0 3 0 2 2 1 3 4 3 1 2 2 3 4 4 2 3 3 3 0 0 0 0 0 0 0 0 0 1 
4 0 2 3 2 1 3 0 1 0 3 0 2 0 2 3 2 2 1 3 4 1 4 4 0 0 1 1 0 3 2 3 1 0 1 0 2 1 2 0 1 2 2 4 3 0 4 0 2 0 1 0 3 3 4 0 2 4 3 3 3 0 2 1 1 2 4 2 0 4 1 3 1 4 0 4 0 1 3 1 2 0 3 0 2 3 1 3 4 3 1 2 2 4 4 4 1 3 3 3 0 0 0 0 0 0 0 0 0 1 
#TS189
4 0 2 3 2 3 3 0 3 1 3 3 3 1 3 1 2 2 1 3 2 0 4 2 0 0 1 4 2 3 3 3 0 2 4 1 2 3 3 3 0 1 3 4 2 0 1 3 2 3 1 4 0 3 4 0 2 4 2 2 3 3 2 1 1 3 1 2 1 1 1 0 0 2 2 1 0 1 3 1 3 0 3 1 2 3 2 2 4 3 1 2 2 3 4 4 1 3 3 3 0 0 0 0 0 0 0 0 0 0 
3 0 2 3 2 3 3 0 1 1 3 3 3 1 3 1 2 2 1 3 2 0 4 2 0 0 1 3 2 3 3 2 0 3 4 1 2 3 3 2 0 1 2 4 2 0 1 3 3 3 1 4 0 3 4 0 2 4 2 3 3 3 1 1 1 3 1 2 1 1 1 0 0 2 2 1 0 1 3 1 2 0 3 1 2 3 1 3 4 3 1 2 2 3 4 4 1 3 3 3 0 0 0 0 0 0 0 0 0 0 
#TS190
0 2 3 3 0 3 1 4 2 2 0 3 3 3 3 2 2 4 1 2 1 0 3 4 0 0 1 3 2 1 3 4 0 3 0 1 2 3 3 0 0 2 3 3 3 0 0 4 3 2 1 4 1 3 1 2 1 1 1 3 3 2 4 0 1 3 0 1 1 1 0 0 1 2 3 4 0 0 0 2 3 4 0 0 2 3 4 1 0 3 0 2 4 3 4 3 1 0 3 3 0 0 0 1 0 0 0 0 0 0 
0 2 3 2 0 4 0 4 1 2 0 3 2 4 3 2 2 3 1 2 2 0 4 4 0 0 1 3 1 1 4 2 0 3 0 1 2 3 3 0 0 2 2 4 3 0 0 4 3 1 0 4 2 3 1 2 0 1 1 3 1 3 3 0 1 3 0 2 1 1 0 0 0 3 3 3 0 0 0 2 4 4 0 0 2 3 3 1 0 3 0 1 3 3 4 4 1 0 3 3 0 0 0 0 0 0 0 0 0 0 
#TS191
3 0 3 1 1 3 3 0 2 0 3 3 3 1 2 1 1 2 1 3 1 0 4 3 1 0 1 3 2 3 4 3 0 3 4 1 3 3 3 0 0 1 2 3 3 0 1 2 2 3 1 4 2 1 4 0 2 4 2 4 3 3 2 1 1 3 1 2 2 1 1 0 0 1 2 1 1 1 3 0 2 0 3 1 2 3 0 3 4 3 1 2 2 3 4 0 4 3 3 3 0 0 0 0 0 0 0 1 0 0 
2 0 3 0 0 3 3 0 2 0 3 3 3 1 1 1 0 2 3 3 1 0 4 2 1 0 1 3 2 3 4 2 0 4 3 1 3 3 3 0 0 1 3 4 3 0 1 3 2 3 1 4 2 0 4 0 2 4 2 4 3 3 3 1 2 3 1 2 1 0 1 0 0 2 2 1 2 1 3 1 2 0 3 1 2 3 0 2 4 3 2 1 2 3 4 0 3 3 4 3 0 0 0 0 0 0 0 1 0 0 
#TS192
3 0 0 0 1 3 3 1 2 1 3 3 3 2 3 0 0 0 2 3 0 0 3 4 0 0 1 3 2 3 2 2 1 3 4 1 4 3 4 0 0 0 3 4 3 0 1 3 3 3 1 4 0 2 4 1 4 2 2 3 3 3 2 1 2 3 1 0 1 1 1 0 0 2 2 3 0 1 3 1 2 2 3 1 2 0 0 3 4 3 3 1 2 0 0 3 0 3 3 3 0 0 0 0 0 0 1 0 0 0 
3 0 0 0 1 3 3 2 2 1 3 3 3 2 3 0 0 0 2 3 0 0 2 3 0 0 1 3 1 3 1 3 1 3 3 1 4 3 3 0 0 1 3 4 3 0 1 3 3 4 0 4 0 1 4 1 3 2 1 3 3 3 1 1 1 3 0 0 1 1 1 0 0 3 1 4 0 2 3 1 2 2 3 0 2 0 0 3 4 2 2 2 2 0 0 3 0 3 3 3 0 0 0 0 0 0 1 0 0 0 
#TS193
3 0 2 3 2 3 3 0 3 1 3 3 3 1 3 2 2 2 1 3 2 0 4 3 0 0 1 3 1 3 3 3 1 3 4 1 2 3 3 2 0 1 2 4 3 0 1 3 2 2 1 4 0 3 3 0 2 4 2 3 3 3 2 1 1 2 2 2 1 1 1 0 0 2 2 1 0 1 3 1 2 0 3 0 2 3 1 3 4 3 1 2 2 3 4 4 1 3 4 3 0 0 0 0 0 0 0 0 0 0 
3 0 2 3 2 3 2 0 2 1 3 2 3 1 3 1 2 1 1 3 2 0 4 2 0 0 1 3 2 3 2 2 1 3 4 1 2 3 3 2 0 1 2 4 3 0 2 3 2 3 1 4 0 3 4 1 2 4 2 3 3 3 2 1 1 3 1 2 2 1 1 0 0 2 2 1 0 1 3 1 2 1 3 1 2 3 1 3 4 3 1 1 3 3 3 4 1 3 3 3 0 0 0 0 0 0 0 0 0 0 
#TS194
3 0 2 3 2 3 4 0 3 1 3 3 2 1 3 1 3 2 1 3 2 0 4 2 0 0 1 2 2 3 3 2 1 3 4 1 2 3 3 3 0 1 2 4 3 0 1 3 2 2 1 4 0 3 4 0 3 3 2 3 3 3 1 1 2 3 1 2 1 0 1 0 0 2 2 1 0 1 3 1 2 1 3 1 1 3 1 3 4 3 1 2 2 3 3 4 1 3 3 4 0 0 0 0 0 0 0 0 0 0 
3 0 2 3 2 3 4 0 2 1 3 2 2 1 2 1 2 2 1 4 2 0 4 3 0 0 1 2 2 3 3 3 1 3 4 1 2 3 4 2 0 1 3 4 3 0 1 3 2 2 2 4 1 3 4 0 2 4 2 3 3 3 1 1 1 3 1 2 1 1 1 0 0 2 2 1 0 1 3 1 3 1 3 1 2 3 1 3 4 3 1 2 2 3 4 4 1 3 3 3 0 0 0 0 0 0 0 0 0 0 
#TS195
0 0 3 3 0 3 1 4 1 2 0 4 2 3 3 2 2 4 2 3 1 0 4 4 0 0 1 3 2 1 4 3 0 3 0 1 2 3 3 0 0 2 2 3 3 0 0 4 3 1 1 4 3 3 1 2 1 0 1 3 3 4 3 0 1 2 0 2 1 1 0 0 0 2 2 3 0 1 0 1 3 3 1 0 2 3 4 1 0 4 0 2 3 3 3 4 2 0 3 3 0 0 0 1 0 0 0 0 0 0 
0 1 3 3 0 3 1 4 3 2 0 3 3 4 3 2 2 3 1 2 1 0 4 4 0 0 1 3 2 1 4 3 0 3 0 1 2 2 2 0 0 3 2 2 3 0 0 4 3 1 1 4 3 3 1 3 1 0 0 3 1 4 4 0 1 1 0 2 0 1 0 0 0 2 3 3 0 1 0 2 4 4 1 0 2 3 3 1 0 3 0 2 3 3 4 4 1 0 3 3 0 0 0 1 0 0 0 0 0 0 
#TS196
4 0 2 3 1 1 3 0 2 0 3 0 2 0 2 2 2 1 1 3 4 1 4 3 0 0 1 0 0 3 3 4 1 0 1 0 2 1 3 0 1 3 2 4 3 0 3 0 2 0 1 1 4 3 4 0 2 4 2 3 3 0 2 0 2 2 2 4 1 3 1 3 1 3 0 4 0 1 3 1 2 1 3 1 2 3 1 3 4 2 1 2 2 3 3 3 1 3 4 3 0 0 0 0 0 0 0 0 0 1 
3 0 2 3 2 2 2 1 2 0 3 0 1 0 3 3 1 2 1 3 4 1 4 4 0 0 1 0 0 3 2 3 2 0 1 0 2 2 2 0 1 2 3 4 2 0 4 0 2 0 0 0 3 3 4 0 2 4 2 3 3 1 1 1 0 2 3 3 1 4 1 3 2 3 0 4 0 1 3 1 2 0 3 0 2 2 1 3 4 3 1 2 2 3 4 4 2 3 3 3 0 0 0 0 0 0 0 0 0 1 
#TS197
0 0 1 0 0 3 1 0 0 2 3 3 3 3 3 0 2 2 4 3 0 3 4 2 0 2 0 3 2 0 4 3 1 3 1 2 2 3 4 2 0 1 2 2 1 0 1 2 3 4 1 4 0 0 1 2 0 1 1 3 3 3 0 1 1 3 1 2 1 1 0 0 0 2 2 1 0 1 2 0 1 3 2 0 0 3 0 1 2 4 1 0 1 3 4 1 0 2 3 3 1 0 0 0 0 0 0 0 0 0 
0 0 1 0 0 3 1 0 0 3 3 4 4 2 3 1 4 1 4 3 0 2 4 2 0 2 0 3 2 0 4 2 1 3 0 2 2 3 4 2 0 1 2 1 0 0 2 2 3 4 0 4 0 0 0 3 0 0 0 3 4 3 1 1 2 3 1 1 1 1 0 0 0 3 2 1 0 1 3 0 1 3 2 0 0 3 0 0 2 3 1 0 0 3 4 1 0 3 3 3 1 0 0 0 0 0 0 0 0 0 
#TS198
3 2 3 1 4 3 2 0 1 3 3 3 3 2 3 2 4 2 0 3 3 0 4 2 0 1 1 3 1 3 4 3 1 3 4 1 2 3 4 2 0 1 2 4 2 0 3 3 1 3 0 4 0 3 4 0 2 4 2 3 1 3 1 0 0 3 1 3 1 1 1 0 0 2 2 1 0 1 4 1 2 1 2 0 2 3 1 3 3 3 0 1 0 3 4 4 0 3 3 3 0 0 0 0 0 0 0 0 0 0 
3 1 2 3 3 3 4 1 2 2 2 3 2 2 3 2 4 2 1 3 3 0 3 2 0 0 1 4 2 3 3 3 1 3 4 1 2 3 4 2 0 2 1 4 3 0 2 4 1 2 2 4 0 4 4 0 3 4 2 3 3 3 1 1 1 2 1 2 1 1 1 0 0 2 3 1 0 1 3 1 3 1 3 1 2 3 1 3 4 3 1 1 1 3 4 4 0 3 3 3 0 0 0 0 0 0 0 0 0 0 
#TS199
3 0 2 3 2 3 3 0 3 2 3 3 3 1 3 1 2 1 1 3 3 0 4 2 0 0 1 3 2 3 3 3 1 4 4 1 2 3 4 2 0 1 2 4 3 0 2 3 2 3 1 4 1 3 4 0 2 3 2 3 2 4 1 1 2 3 2 2 1 1 1 0 0 1 2 1 0 1 3 1 2 1 3 1 2 3 1 3 4 3 1 2 1 3 4 4 0 3 3 3 0 0 0 0 0 0 0 0 0 0 
3 0 2 3 2 3 3 0 1 1 3 3 3 1 3 1 2 2 1 3 2 0 4 2 0 0 1 3 2 3 3 3 1 3 4 1 3 3 4 3 0 1 1 4 3 0 2 3 2 3 1 4 0 3 4 0 2 4 2 3 3 3 2 1 1 4 1 2 1 1 1 0 0 2 2 1 0 1 3 1 2 0 3 1 2 3 1 3 4 3 1 2 1 3 4 4 0 3 3 2 0 0 0 0 0 0 0 0 0 0 
#TS200
3 0 2 3 2 3 3 0 2 1 3 3 3 1 3 1 2 2 1 3 2 0 4 2 0 1 1 4 2 3 3 3 1 3 4 1 2 3 3 2 0 1 2 3 2 0 1 3 2 2 0 4 1 3 4 0 2 4 2 3 3 3 1 1 1 2 1 2 1 0 1 0 0 2 2 0 0 1 3 0 2 1 2 1 3 3 1 3 4 3 1 1 1 3 4 4 0 3 3 3 0 0 0 0 0 0 0 0 0 0 
3 0 2 3 2 3 3 0 3 2 3 3 3 1 3 1 2 1 1 3 3 0 4 2 0 0 1 3 2 3 3 3 1 4 4 1 2 3 4 2 0 1 2 4 3 0 2 3 2 3 1 4 1 3 4 0 2 3 2 3 2 4 1 1 2 3 2 2 1 1 1 0 0 1 2 1 0 1 3 1 2 1 3 1 2 3 1 3 4 3 1 2 1 3 4 4 0 3 3 3 0 0 0 0 0 0 0 0 0 0 
#TS201
2 0 2 3 2 3 3 0 1 1 3 3 2 0 4 1 2 1 1 3 2 0 4 2 0 0 1 3 1 3 3 3 1 3 4 1 2 3 3 2 0 1 3 4 2 0 1 3 2 3 1 4 0 3 4 0 3 4 2 3 3 3 2 1 1 3 1 2 0 1 1 0 0 2 2 1 0 1 3 2 2 0 3 0 2 3 1 3 3 3 2 2 2 3 4 4 1 3 3 3 0 0 0 0 0 0 0 0 0 0 
3 0 2 3 2 3 4 0 2 0 3 3 3 1 3 1 2 3 1 3 3 0 4 2 0 0 1 3 2 3 3 3 1 3 4 1 2 3 3 2 0 1 3 4 3 0 1 2 2 4 1 4 0 3 4 1 2 4 2 3 3 3 1 1 1 3 1 2 1 1 1 0 0 2 2 0 0 1 3 1 2 1 4 0 2 3 1 2 4 2 1 2 2 4 4 4 1 3 3 3 0 0 0 0 0 0 0 0 0 0 
#TS202
4 0 2 3 2 3 3 0 2 1 3 3 3 1 3 1 2 2 2 3 2 0 4 2 0 0 1 3 2 3 2 2 1 4 4 1 2 3 3 2 0 1 2 4 3 0 1 3 2 3 1 4 0 3 4 0 2 3 3 3 4 4 1 1 2 3 1 1 2 1 1 0 0 3 1 1 0 1 3 1 2 1 3 1 2 3 1 3 4 3 1 2 2 3 4 4 1 3 2 4 0 0 0 0 0 0 0 0 0 0 
4 0 2 3 2 3 3 0 2 1 3 3 3 1 3 1 2 2 2 3 2 0 4 2 0 0 1 3 2 3 2 2 1 4 4 1 2 3 3 2 0 1 2 4 3 0 1 3 2 3 1 4 0 3 4 0 2 3 3 3 4 4 1 1 2 3 1 1 2 1 1 0 0 3 1 1 0 1 3 1 2 1 3 1 2 3 1 3 4 3 1 2 2 3 4 4 1 3 2 4 0 0 0 0 0 0 0 0 0 0 
#TS203
0 1 3 3 0 3 1 4 3 2 0 3 3 4 3 2 2 3 1 2 1 0 4 4 0 0 1 3 2 1 4 3 0 3 0 1 2 2 2 0 0 3 2 2 3 0 0 4 3 1 1 4 3 3 1 3 1 0 0 3 1 4 4 0 1 1 0 2 0 1 0 0 0 2 3 3 0 1 0 2 4 4 1 0 2 3 3 1 0 3 0 2 3 3 4 4 1 0 3 3 0 0 0 1 0 0 0 0 0 0 
0 2 4 3 0 3 0 4 2 2 0 3 2 3 4 2 2 2 1 2 1 0 4 4 0 0 1 3 1 1 4 3 0 4 0 1 2 3 3 0 0 3 2 1 2 0 0 4 3 1 0 4 2 3 1 2 1 1 0 3 2 3 4 0 1 3 0 1 0 1 0 0 0 2 3 3 0 1 0 2 4 4 0 0 2 3 4 1 0 3 0 2 4 3 4 4 2 0 2 3 0 0 0 1 0 0 0 0 0 0 
#TS204
3 0 3 0 1 4 3 4 0 1 3 3 0 2 3 3 0 2 2 3 1 4 2 3 3 0 1 0 2 3 1 3 0 0 4 0 2 1 3 0 0 1 1 4 3 3 3 0 3 4 0 2 0 0 4 0 1 2 0 3 4 0 2 3 1 3 1 0 0 4 0 0 0 2 1 0 0 1 4 0 2 1 3 0 3 2 2 4 2 3 0 0 2 2 4 4 1 0 0 3 0 0 0 0 0 0 0 0 1 0 
3 0 3 0 0 3 3 4 0 1 3 4 0 2 2 2 0 2 2 3 0 4 2 3 3 0 1 0 2 3 1 3 0 0 4 0 2 1 3 0 0 1 2 4 2 3 3 0 2 4 0 2 0 0 4 0 2 1 0 4 3 1 1 2 1 4 1 0 1 3 1 0 0 4 2 0 0 1 3 0 2 2 3 0 2 3 2 4 3 3 0 1 2 2 4 4 0 0 0 3 0 0 0 0 0 0 0 0 1 0 
#TS205
3 0 2 3 1 3 3 2 2 1 3 3 0 1 3 1 2 2 1 3 2 3 2 2 3 0 1 1 3 3 2 3 0 1 4 1 2 3 3 1 0 1 2 4 4 0 1 1 2 4 1 3 0 1 4 0 2 4 2 3 3 3 2 2 1 3 1 2 1 0 1 0 0 1 2 1 0 2 3 0 2 1 3 0 2 3 1 3 4 3 1 2 2 2 4 4 1 0 1 3 0 0 0 0 0 0 0 0 1 0 
3 0 3 1 1 3 3 4 2 1 3 3 0 1 3 2 1 2 2 3 1 4 3 2 3 0 1 1 2 3 1 3 0 0 4 0 3 2 3 0 0 1 2 4 3 0 1 0 2 3 0 2 0 1 3 0 2 4 2 4 3 3 2 2 2 4 1 1 1 1 1 0 0 2 1 1 0 1 3 0 2 1 3 0 2 3 1 4 4 3 1 1 2 2 3 4 0 0 0 3 0 0 0 0 0 0 0 0 1 0 
#TS206
2 1 3 0 0 2 3 3 3 3 3 4 3 2 0 0 3 1 2 3 0 0 0 1 0 0 0 3 1 0 4 0 0 2 1 3 2 3 3 2 0 0 3 4 3 0 1 0 3 4 4 0 0 2 2 2 2 1 0 4 4 3 2 1 1 3 1 2 3 1 1 0 0 0 2 1 3 3 3 1 2 0 3 1 2 2 0 3 4 3 1 2 2 3 4 4 1 3 1 3 0 0 0 0 1 0 0 0 0 0 
1 1 3 0 0 2 2 2 3 3 4 3 3 2 0 0 2 2 1 3 0 0 0 0 0 0 0 3 2 0 4 0 0 3 0 3 2 3 3 3 0 0 3 4 3 1 1 0 2 4 4 0 0 2 2 1 2 1 1 4 3 3 2 1 1 3 1 2 1 1 1 0 0 0 2 1 3 3 2 1 2 1 3 1 2 2 0 2 4 3 1 2 2 3 3 4 1 4 1 2 0 0 0 0 1 0 0 0 0 0 
#TS207
3 0 2 3 2 2 3 0 2 1 3 0 2 0 3 2 3 2 1 3 3 0 4 3 0 0 1 2 1 3 1 3 1 2 2 0 1 2 2 1 0 2 2 4 3 0 3 3 3 2 1 4 3 3 4 0 2 3 3 3 3 0 2 1 1 3 3 2 1 4 1 3 3 4 1 1 0 1 3 0 3 0 3 0 2 3 1 3 4 3 1 2 2 3 4 4 2 3 3 3 0 0 0 0 0 0 0 0 0 0 
3 0 2 3 2 3 3 0 2 1 3 1 2 0 3 2 2 1 1 2 3 0 4 2 0 0 1 3 2 3 3 2 1 3 4 1 2 3 2 2 0 2 1 4 3 0 2 3 3 3 1 4 2 3 4 0 2 4 2 3 3 2 1 1 1 2 3 3 1 4 1 2 3 4 2 1 0 1 3 1 2 0 3 1 2 3 1 3 4 3 1 2 2 4 4 4 1 3 3 3 0 0 0 0 0 0 0 0 0 0 
#TS208
2 0 3 4 0 3 3 0 2 1 3 2 2 0 3 0 0 1 2 3 1 0 1 3 4 0 1 3 2 3 3 2 1 3 4 3 2 3 4 2 0 1 0 4 3 2 0 3 2 0 3 4 1 2 2 2 4 1 2 3 3 3 2 1 1 2 1 2 1 0 4 0 0 2 2 1 0 3 3 1 2 1 3 1 2 3 1 3 4 3 2 2 2 1 3 4 0 2 3 0 0 0 1 0 0 0 0 0 0 0 
0 0 4 4 0 3 3 1 2 1 4 3 3 0 2 0 0 1 2 2 2 0 1 2 4 0 1 3 1 3 3 3 1 4 4 3 3 4 3 2 0 1 0 3 2 3 1 3 3 0 4 4 2 1 1 2 3 1 1 3 3 2 2 1 1 2 1 2 1 0 2 0 0 2 2 1 0 4 3 0 3 0 3 1 2 3 1 3 4 3 1 2 2 1 3 4 1 3 3 0 0 0 1 0 0 0 0 0 0 0 
#TS209
3 0 2 3 1 3 4 0 2 1 3 3 3 1 1 0 2 2 1 3 2 0 4 2 0 0 1 3 2 3 2 3 1 3 4 3 2 3 3 2 3 0 3 4 3 0 1 3 2 3 1 4 0 3 4 0 2 3 2 3 3 3 2 0 1 4 1 1 1 1 2 0 0 2 2 1 4 1 3 1 2 0 3 3 2 1 0 3 3 0 1 2 2 3 4 4 1 3 2 3 0 1 0 0 0 0 0 0 0 0 
2 0 3 3 0 3 3 0 1 1 3 3 3 1 0 0 1 2 2 3 1 0 4 2 0 0 0 3 2 3 3 3 1 3 4 4 2 3 3 2 4 0 4 4 3 0 1 3 2 3 1 4 0 2 3 0 2 2 2 3 3 3 2 0 1 3 1 2 1 1 2 0 0 2 1 1 4 1 3 1 2 0 3 4 2 1 0 3 3 0 1 2 2 3 3 4 1 4 2 4 0 1 0 0 0 0 0 0 0 0 
#TS210
3 0 2 3 2 3 3 0 2 1 3 2 3 1 2 1 2 2 1 3 3 0 4 2 0 0 1 3 2 3 3 3 0 3 4 1 2 2 3 2 0 1 2 4 3 0 1 3 2 2 2 4 1 3 3 0 2 4 2 4 2 3 2 1 2 3 1 2 1 1 1 0 0 2 2 1 0 2 3 1 2 0 4 1 2 3 1 3 4 2 1 2 2 3 4 4 1 3 4 3 0 0 0 0 0 0 0 0 0 0 
3 0 2 3 2 3 3 0 2 1 3 3 3 1 3 1 2 2 1 3 2 0 4 2 0 0 1 3 2 3 3 3 1 3 4 1 2 2 4 2 0 1 2 4 2 0 1 3 2 2 1 4 1 3 4 0 2 4 2 3 3 3 2 1 1 3 1 2 1 1 1 0 0 2 2 1 0 1 3 1 2 1 3 1 2 2 1 3 4 2 1 2 2 3 4 4 1 3 3 3 0 0 0 0 0 0 0 0 0 0 
#TS211
0 2 3 4 0 3 3 3 2 3 4 3 4 0 2 0 2 2 1 3 4 0 3 2 4 0 1 3 2 3 3 3 1 3 4 4 3 4 3 2 0 4 0 3 3 4 1 4 3 0 4 4 4 1 1 2 4 1 1 3 3 3 1 1 0 4 1 2 1 0 4 0 0 2 1 1 0 3 3 1 2 0 3 1 1 3 1 3 4 3 1 2 2 0 3 4 1 3 2 0 0 0 1 0 0 0 0 0 0 0 
0 2 3 3 0 3 3 3 2 4 3 3 4 0 2 0 2 1 2 3 3 0 1 2 4 0 1 3 2 3 3 2 1 4 3 3 4 3 4 2 0 3 0 4 3 2 1 3 3 0 4 4 4 0 2 1 3 2 0 3 3 3 2 1 1 3 1 2 3 0 4 1 0 2 2 1 0 3 3 1 2 0 3 1 2 3 1 3 4 3 1 2 2 1 3 4 1 3 3 0 0 0 1 0 0 0 0 0 0 0 
