# knockout 1
0 1 3 2 3 0 4 2 0 3 0 2 0 0 0 0 1 3 0 0 0 0 1 1 1 4 3 1 0 3 1 0 0 0 2 4 3 0 0 2 0 3 3 3 3 3 3 4 2 1 4 3 3 1 2 2 1 1 0 1 0 3 3 3 3 2 1 2 4 0 1 0 0 0 2 3 0 0 1 0 2 0 3 1 3 3 1 0 0 3 4 4 3 3 4 2 1 3 4 3 
0 1 3 2 3 0 4 2 0 3 0 2 0 0 0 0 1 3 0 0 0 0 1 1 1 4 3 1 0 3 1 0 0 0 2 4 3 0 0 2 0 3 3 3 3 3 3 4 2 1 4 3 3 1 2 2 1 1 0 1 0 3 3 3 3 2 1 2 4 0 1 0 0 0 2 3 0 0 1 0 2 0 3 1 3 3 1 0 0 3 4 4 3 3 4 2 1 3 4 3 
# knockout 2
0 0 2 2 3 0 4 2 0 3 0 2 0 0 0 0 1 3 0 0 0 0 2 1 1 4 3 2 1 3 1 0 0 0 2 4 3 0 0 1 0 3 3 3 3 3 3 3 3 1 4 3 3 1 3 2 1 1 0 1 0 2 3 2 4 2 1 3 4 0 1 0 0 0 2 3 0 0 1 0 2 0 3 1 4 3 0 0 0 3 4 4 3 3 3 2 1 3 4 3 
0 0 2 2 3 0 4 2 0 3 0 2 0 0 0 0 1 3 0 0 0 0 2 1 1 4 3 2 1 3 1 0 0 0 2 4 3 0 0 1 0 3 3 3 3 3 3 3 3 1 4 3 3 1 3 2 1 1 0 1 0 2 3 2 4 2 1 3 4 0 1 0 0 0 2 3 0 0 1 0 2 0 3 1 4 3 0 0 0 3 4 4 3 3 3 2 1 3 4 3 
# knockout 3
0 2 0 2 3 0 4 2 0 3 0 3 0 0 0 0 1 3 0 0 0 0 1 1 1 4 3 2 1 3 1 0 0 0 2 4 3 0 0 1 0 3 3 3 2 3 4 3 2 1 3 3 3 2 2 2 1 1 0 1 0 1 4 3 2 2 1 2 4 0 1 0 0 0 2 3 0 0 1 0 2 0 3 1 3 2 0 0 0 3 4 4 3 3 3 2 1 3 4 3 
0 2 0 2 3 0 4 2 0 3 0 3 0 0 0 0 1 3 0 0 0 0 1 1 1 4 3 2 1 3 1 0 0 0 2 4 3 0 0 1 0 3 3 3 2 3 4 3 2 1 3 3 3 2 2 2 1 1 0 1 0 1 4 3 2 2 1 2 4 0 1 0 0 0 2 3 0 0 1 0 2 0 3 1 3 2 0 0 0 3 4 4 3 3 3 2 1 3 4 3 
# knockout 4
0 2 2 0 4 0 4 2 0 3 0 2 0 0 0 0 1 4 0 0 0 1 1 1 1 4 3 1 1 3 1 0 0 0 2 4 3 0 0 1 0 3 3 3 3 3 3 3 2 0 4 3 3 1 2 2 1 2 0 1 0 2 4 3 3 2 1 2 4 0 1 0 0 0 3 3 0 0 1 0 2 0 3 1 3 3 0 1 0 3 4 4 3 3 3 2 1 3 4 3 
0 2 2 0 4 0 4 2 0 3 0 2 0 0 0 0 1 4 0 0 0 1 1 1 1 4 3 1 1 3 1 0 0 0 2 4 3 0 0 1 0 3 3 3 3 3 3 3 2 0 4 3 3 1 2 2 1 2 0 1 0 2 4 3 3 2 1 2 4 0 1 0 0 0 3 3 0 0 1 0 2 0 3 1 3 3 0 1 0 3 4 4 3 3 3 2 1 3 4 3 
# knockout 5
0 0 0 0 0 4 0 1 0 1 4 4 4 4 4 2 3 4 2 3 0 0 1 1 1 4 3 2 1 3 0 0 0 0 3 4 3 0 0 1 0 3 3 3 4 3 3 3 2 1 4 3 3 1 2 2 1 1 0 1 0 2 3 2 3 2 1 2 4 0 1 0 0 0 2 4 0 0 1 0 2 0 3 0 3 3 0 0 0 3 4 4 2 3 3 2 1 3 4 3 
0 0 0 0 0 4 0 1 0 1 4 4 4 4 4 2 3 4 2 3 0 0 1 1 1 4 3 2 1 3 0 0 0 0 3 4 3 0 0 1 0 3 3 3 4 3 3 3 2 1 4 3 3 1 2 2 1 1 0 1 0 2 3 2 3 2 1 2 4 0 1 0 0 0 2 4 0 0 1 0 2 0 3 0 3 3 0 0 0 3 4 4 2 3 3 2 1 3 4 3 
# knockout 6
0 2 3 1 3 0 4 2 0 3 0 2 0 0 0 0 1 3 0 0 0 0 1 1 1 4 3 2 1 3 0 0 1 0 3 4 3 0 0 1 0 3 3 3 3 3 4 3 2 1 4 3 3 1 2 2 1 1 0 1 0 2 3 3 2 2 1 2 4 0 1 0 0 0 2 3 0 0 1 0 3 0 3 1 3 3 0 0 0 3 4 4 3 3 3 2 2 3 4 3 
0 2 3 1 3 0 4 2 0 3 0 2 0 0 0 0 1 3 0 0 0 0 1 1 1 4 3 2 1 3 0 0 1 0 3 4 3 0 0 1 0 3 3 3 3 3 4 3 2 1 4 3 3 1 2 2 1 1 0 1 0 2 3 3 2 2 1 2 4 0 1 0 0 0 2 3 0 0 1 0 3 0 3 1 3 3 0 0 0 3 4 4 3 3 3 2 2 3 4 3 
# knockout 7
0 2 3 2 3 0 0 2 0 3 0 2 0 0 0 0 1 3 0 0 0 0 1 1 1 4 3 2 1 3 0 0 0 0 3 4 3 0 0 1 0 3 3 3 3 3 4 3 2 0 4 3 3 1 3 2 1 1 0 1 0 2 4 3 3 2 1 2 4 0 1 0 0 0 2 3 0 0 1 0 2 0 3 0 3 4 0 0 0 3 4 4 3 2 4 2 1 3 4 3 
0 2 3 2 3 0 0 2 0 3 0 2 0 0 0 0 1 3 0 0 0 0 1 1 1 4 3 2 1 3 0 0 0 0 3 4 3 0 0 1 0 3 3 3 3 3 4 3 2 0 4 3 3 1 3 2 1 1 0 1 0 2 4 3 3 2 1 2 4 0 1 0 0 0 2 3 0 0 1 0 2 0 3 0 3 4 0 0 0 3 4 4 3 2 4 2 1 3 4 3 
# knockout 8
1 2 3 2 3 0 4 0 0 4 0 2 0 0 0 0 1 3 0 0 0 0 1 1 1 4 3 2 1 3 0 0 0 0 3 4 3 0 0 1 0 3 3 2 3 3 3 3 2 1 4 3 3 2 2 2 1 1 0 1 0 2 4 3 2 1 1 2 4 0 1 0 0 0 2 3 0 0 1 0 2 0 3 1 3 3 0 0 0 3 4 4 3 4 3 3 1 4 4 3 
1 2 3 2 3 0 4 0 0 4 0 2 0 0 0 0 1 3 0 0 0 0 1 1 1 4 3 2 1 3 0 0 0 0 3 4 3 0 0 1 0 3 3 2 3 3 3 3 2 1 4 3 3 2 2 2 1 1 0 1 0 2 4 3 2 1 1 2 4 0 1 0 0 0 2 3 0 0 1 0 2 0 3 1 3 3 0 0 0 3 4 4 3 4 3 3 1 4 4 3 
# knockout 9
0 2 3 2 4 0 4 2 0 3 0 2 0 0 0 0 1 3 0 0 0 0 1 0 1 4 3 2 1 2 1 0 0 0 3 4 3 0 0 1 0 3 3 3 3 3 3 3 2 1 4 3 3 1 2 2 1 1 0 1 0 2 4 3 2 2 0 2 4 0 1 0 0 0 2 3 0 0 0 0 2 0 3 1 3 3 0 0 0 3 4 4 3 3 3 2 1 4 4 3 
0 2 3 2 4 0 4 2 0 3 0 2 0 0 0 0 1 3 0 0 0 0 1 0 1 4 3 2 1 2 1 0 0 0 3 4 3 0 0 1 0 3 3 3 3 3 3 3 2 1 4 3 3 1 2 2 1 1 0 1 0 2 4 3 2 2 0 2 4 0 1 0 0 0 2 3 0 0 0 0 2 0 3 1 3 3 0 0 0 3 4 4 3 3 3 2 1 4 4 3 
# knockout 10
2 2 3 3 3 0 4 2 0 0 0 2 0 0 0 0 1 3 0 0 0 0 4 3 3 4 2 2 4 3 0 0 0 0 3 4 0 0 0 1 0 3 2 2 4 3 2 2 2 0 4 4 3 1 2 2 1 1 1 3 2 3 4 3 3 2 0 4 0 4 4 3 4 4 3 0 4 0 1 0 2 0 3 1 3 3 0 0 4 3 4 4 3 3 3 2 1 3 4 3 
2 2 3 3 3 0 4 2 0 0 0 2 0 0 0 0 1 3 0 0 0 0 4 3 3 4 2 2 4 3 0 0 0 0 3 4 0 0 0 1 0 3 2 2 4 3 2 2 2 0 4 4 3 1 2 2 1 1 1 3 2 3 4 3 3 2 0 4 0 4 4 3 4 4 3 0 4 0 1 0 2 0 3 1 3 3 0 0 4 3 4 4 3 3 3 2 1 3 4 3 
# knockout 11
0 2 2 2 3 0 4 2 0 3 0 2 0 0 0 0 2 3 0 0 0 0 1 1 1 4 3 2 1 3 1 0 0 0 3 4 3 0 0 1 0 3 3 3 4 3 3 3 2 0 4 4 3 1 2 2 1 2 0 1 0 2 4 3 4 1 1 2 4 0 1 0 0 0 2 3 0 0 1 0 2 0 3 0 3 3 0 0 0 2 4 4 4 3 3 2 1 4 4 2 
0 2 2 2 3 0 4 2 0 3 0 2 0 0 0 0 2 3 0 0 0 0 1 1 1 4 3 2 1 3 1 0 0 0 3 4 3 0 0 1 0 3 3 3 4 3 3 3 2 0 4 4 3 1 2 2 1 2 0 1 0 2 4 3 4 1 1 2 4 0 1 0 0 0 2 3 0 0 1 0 2 0 3 0 3 3 0 0 0 2 4 4 4 3 3 2 1 4 4 2 
# knockout 12
0 3 3 2 3 0 4 2 0 3 0 0 0 0 0 0 1 3 0 0 0 0 1 0 1 4 3 2 1 2 1 0 0 0 2 4 3 0 0 1 0 3 3 3 3 3 3 3 2 1 3 3 3 1 2 2 0 1 0 1 0 3 4 3 2 2 1 2 4 0 1 0 0 0 2 4 0 0 1 0 2 0 3 0 3 3 0 0 0 3 4 3 3 2 3 3 1 3 4 3 
0 3 3 2 3 0 4 2 0 3 0 0 0 0 0 0 1 3 0 0 0 0 1 0 1 4 3 2 1 2 1 0 0 0 2 4 3 0 0 1 0 3 3 3 3 3 3 3 2 1 3 3 3 1 2 2 0 1 0 1 0 3 4 3 2 2 1 2 4 0 1 0 0 0 2 4 0 0 1 0 2 0 3 0 3 3 0 0 0 3 4 3 3 2 3 3 1 3 4 3 
# knockout 13
1 2 3 2 3 0 4 2 0 3 0 2 0 0 0 0 1 3 0 0 0 0 1 1 1 4 3 2 1 3 1 0 0 0 2 4 4 0 0 1 0 3 3 2 3 3 4 4 2 1 4 3 3 1 2 2 1 1 0 2 0 2 4 3 2 2 1 3 4 0 1 0 0 0 2 3 0 0 1 0 2 0 3 1 3 3 1 0 0 3 4 4 3 3 3 2 1 3 4 3 
1 2 3 2 3 0 4 2 0 3 0 2 0 0 0 0 1 3 0 0 0 0 1 1 1 4 3 2 1 3 1 0 0 0 2 4 4 0 0 1 0 3 3 2 3 3 4 4 2 1 4 3 3 1 2 2 1 1 0 2 0 2 4 3 2 2 1 3 4 0 1 0 0 0 2 3 0 0 1 0 2 0 3 1 3 3 1 0 0 3 4 4 3 3 3 2 1 3 4 3 
# knockout 14
0 1 3 2 3 0 4 2 0 3 0 2 0 0 0 0 1 3 0 0 0 0 0 1 1 4 3 2 1 3 1 0 0 0 2 4 3 0 0 1 0 4 3 3 4 3 3 3 2 1 4 4 3 2 2 2 1 1 0 1 0 2 4 3 2 2 0 2 4 0 1 0 0 0 2 3 0 0 1 0 2 0 3 1 3 2 1 0 0 3 4 4 3 3 3 3 2 3 4 3 
0 1 3 2 3 0 4 2 0 3 0 2 0 0 0 0 1 3 0 0 0 0 0 1 1 4 3 2 1 3 1 0 0 0 2 4 3 0 0 1 0 4 3 3 4 3 3 3 2 1 4 4 3 2 2 2 1 1 0 1 0 2 4 3 2 2 0 2 4 0 1 0 0 0 2 3 0 0 1 0 2 0 3 1 3 2 1 0 0 3 4 4 3 3 3 3 2 3 4 3 
# knockout 15
0 2 3 2 3 0 4 2 0 3 0 3 0 0 0 0 1 3 0 0 0 0 0 1 1 3 3 2 1 3 0 0 0 0 2 4 3 0 0 1 0 4 2 3 3 3 3 3 2 1 4 3 3 1 2 2 1 1 0 2 0 2 3 3 2 2 1 1 4 0 1 0 0 0 2 3 0 0 1 0 2 0 3 1 4 3 0 0 0 3 4 4 3 3 3 2 1 3 4 2 
0 2 3 2 3 0 4 2 0 3 0 3 0 0 0 0 1 3 0 0 0 0 0 1 1 3 3 2 1 3 0 0 0 0 2 4 3 0 0 1 0 4 2 3 3 3 3 3 2 1 4 3 3 1 2 2 1 1 0 2 0 2 3 3 2 2 1 1 4 0 1 0 0 0 2 3 0 0 1 0 2 0 3 1 4 3 0 0 0 3 4 4 3 3 3 2 1 3 4 2 
# knockout 16
0 2 3 3 3 0 4 2 0 3 0 2 0 0 0 0 1 3 0 0 0 0 1 1 1 4 3 2 1 3 1 0 0 0 3 4 3 0 0 1 0 3 3 3 3 4 3 3 2 1 4 2 3 1 2 2 1 1 0 1 0 2 4 3 3 2 1 2 3 0 1 0 0 0 3 4 0 0 1 0 2 0 3 1 3 3 1 0 0 3 3 4 3 3 3 2 1 3 4 3 
0 2 3 3 3 0 4 2 0 3 0 2 0 0 0 0 1 3 0 0 0 0 1 1 1 4 3 2 1 3 1 0 0 0 3 4 3 0 0 1 0 3 3 3 3 4 3 3 2 1 4 2 3 1 2 2 1 1 0 1 0 2 4 3 3 2 1 2 3 0 1 0 0 0 3 4 0 0 1 0 2 0 3 1 3 3 1 0 0 3 3 4 3 3 3 2 1 3 4 3 
# knockout 17
0 2 3 2 3 0 4 2 0 3 0 2 0 0 0 0 0 3 0 0 0 0 1 1 1 4 3 1 1 2 1 0 0 0 3 4 4 0 0 1 0 3 3 3 3 3 4 3 2 0 4 3 3 1 2 2 1 1 0 1 0 2 3 3 3 2 1 3 4 0 1 0 0 0 2 3 0 0 1 0 2 0 3 1 3 3 0 0 0 3 4 4 3 3 3 3 1 3 4 3 
0 2 3 2 3 0 4 2 0 3 0 2 0 0 0 0 0 3 0 0 0 0 1 1 1 4 3 1 1 2 1 0 0 0 3 4 4 0 0 1 0 3 3 3 3 3 4 3 2 0 4 3 3 1 2 2 1 1 0 1 0 2 3 3 3 2 1 3 4 0 1 0 0 0 2 3 0 0 1 0 2 0 3 1 3 3 0 0 0 3 4 4 3 3 3 3 1 3 4 3 
# knockout 18
0 1 3 2 4 0 4 2 0 3 0 3 0 0 0 0 1 0 0 0 0 0 1 1 1 4 3 2 1 3 1 0 0 0 2 4 3 0 0 3 0 3 3 3 3 3 3 3 2 0 4 3 3 1 2 2 1 1 0 1 0 2 4 3 3 2 1 2 4 0 1 0 0 0 2 3 0 0 1 0 3 0 3 0 3 3 1 0 0 2 4 4 4 3 3 2 2 3 4 3 
0 1 3 2 4 0 4 2 0 3 0 3 0 0 0 0 1 0 0 0 0 0 1 1 1 4 3 2 1 3 1 0 0 0 2 4 3 0 0 3 0 3 3 3 3 3 3 3 2 0 4 3 3 1 2 2 1 1 0 1 0 2 4 3 3 2 1 2 4 0 1 0 0 0 2 3 0 0 1 0 3 0 3 0 3 3 1 0 0 2 4 4 4 3 3 2 2 3 4 3 
# knockout 19
1 1 3 2 3 0 4 2 0 3 0 2 0 0 0 0 1 3 0 0 0 1 0 1 1 4 3 2 1 3 0 0 0 0 2 4 2 0 0 1 0 3 3 3 3 3 3 3 2 1 4 3 3 1 2 2 1 1 0 1 0 2 4 3 2 2 2 2 4 0 1 0 0 0 2 3 0 0 1 0 2 0 3 1 3 3 0 0 0 3 4 4 3 3 3 2 1 3 4 2 
1 1 3 2 3 0 4 2 0 3 0 2 0 0 0 0 1 3 0 0 0 1 0 1 1 4 3 2 1 3 0 0 0 0 2 4 2 0 0 1 0 3 3 3 3 3 3 3 2 1 4 3 3 1 2 2 1 1 0 1 0 2 4 3 2 2 2 2 4 0 1 0 0 0 2 3 0 0 1 0 2 0 3 1 3 3 0 0 0 3 4 4 3 3 3 2 1 3 4 2 
# knockout 20
1 2 3 2 3 0 4 2 0 3 0 2 0 0 0 0 1 4 0 0 0 0 1 1 2 4 3 2 0 2 1 0 1 0 3 4 3 0 0 1 0 3 3 3 3 3 4 3 2 1 4 3 3 2 3 3 1 1 0 1 0 2 4 3 2 2 1 2 4 0 1 0 0 0 2 3 0 0 1 0 2 0 3 1 4 2 0 0 0 3 4 4 3 3 4 3 1 3 4 2 
1 2 3 2 3 0 4 2 0 3 0 2 0 0 0 0 1 4 0 0 0 0 1 1 2 4 3 2 0 2 1 0 1 0 3 4 3 0 0 1 0 3 3 3 3 3 4 3 2 1 4 3 3 2 3 3 1 1 0 1 0 2 4 3 2 2 1 2 4 0 1 0 0 0 2 3 0 0 1 0 2 0 3 1 4 2 0 0 0 3 4 4 3 3 4 3 1 3 4 2 
# knockout 21
0 2 3 2 3 0 4 2 0 3 0 2 0 0 0 0 1 3 0 0 0 1 0 1 0 4 3 2 1 3 1 0 0 0 3 4 3 0 0 1 0 3 3 3 3 3 4 4 2 1 4 4 3 1 2 2 1 1 0 1 0 2 3 3 2 2 1 2 4 0 1 0 0 0 2 3 0 0 1 0 2 0 3 1 3 3 0 0 0 3 4 4 2 3 3 2 1 3 4 3 
0 2 3 2 3 0 4 2 0 3 0 2 0 0 0 0 1 3 0 0 0 1 0 1 0 4 3 2 1 3 1 0 0 0 3 4 3 0 0 1 0 3 3 3 3 3 4 4 2 1 4 4 3 1 2 2 1 1 0 1 0 2 3 3 2 2 1 2 4 0 1 0 0 0 2 3 0 0 1 0 2 0 3 1 3 3 0 0 0 3 4 4 2 3 3 2 1 3 4 3 
# knockout 22
0 1 3 2 3 0 3 2 0 3 0 2 0 0 0 0 1 3 0 0 0 0 0 1 1 4 3 2 1 3 1 0 0 0 2 4 4 0 0 2 0 3 2 3 3 3 3 4 2 1 4 3 3 1 2 2 1 1 0 1 0 2 4 3 3 2 1 2 4 0 1 0 0 0 2 3 0 0 1 0 2 0 3 1 4 3 0 0 0 3 4 4 3 4 3 2 1 3 4 3 
0 1 3 2 3 0 3 2 0 3 0 2 0 0 0 0 1 3 0 0 0 0 0 1 1 4 3 2 1 3 1 0 0 0 2 4 4 0 0 2 0 3 2 3 3 3 3 4 2 1 4 3 3 1 2 2 1 1 0 1 0 2 4 3 3 2 1 2 4 0 1 0 0 0 2 3 0 0 1 0 2 0 3 1 4 3 0 0 0 3 4 4 3 4 3 2 1 3 4 3 
# knockout 23
0 2 3 2 3 0 4 2 0 3 0 3 0 0 0 0 1 3 0 0 0 0 0 0 1 4 3 1 1 3 0 0 0 0 2 4 3 0 0 1 0 3 3 2 3 3 4 3 2 1 4 3 3 1 2 2 1 1 0 1 0 2 3 3 2 2 1 2 4 0 1 0 0 0 2 4 0 0 1 0 3 0 3 1 3 3 0 0 0 3 4 4 3 3 3 3 1 4 4 4 
0 2 3 2 3 0 4 2 0 3 0 3 0 0 0 0 1 3 0 0 0 0 0 0 1 4 3 1 1 3 0 0 0 0 2 4 3 0 0 1 0 3 3 2 3 3 4 3 2 1 4 3 3 1 2 2 1 1 0 1 0 2 3 3 2 2 1 2 4 0 1 0 0 0 2 4 0 0 1 0 3 0 3 1 3 3 0 0 0 3 4 4 3 3 3 3 1 4 4 4 
# knockout 24
0 2 3 2 3 0 4 2 0 4 0 2 0 0 0 0 1 3 0 0 0 1 1 0 1 4 3 2 1 3 1 0 0 0 3 4 3 0 0 1 0 3 3 3 3 3 3 3 2 0 4 3 3 1 2 2 1 2 0 1 0 1 4 3 2 2 2 2 4 0 1 0 0 0 2 2 0 0 1 0 2 0 3 1 3 3 0 0 0 3 4 4 3 3 3 3 0 3 4 3 
0 2 3 2 3 0 4 2 0 4 0 2 0 0 0 0 1 3 0 0 0 1 1 0 1 4 3 2 1 3 1 0 0 0 3 4 3 0 0 1 0 3 3 3 3 3 3 3 2 0 4 3 3 1 2 2 1 2 0 1 0 1 4 3 2 2 2 2 4 0 1 0 0 0 2 2 0 0 1 0 2 0 3 1 3 3 0 0 0 3 4 4 3 3 3 3 0 3 4 3 
# knockout 25
0 1 3 2 3 0 0 2 0 3 0 2 0 0 0 0 1 3 0 0 0 0 1 1 0 3 3 2 1 2 1 0 1 0 2 4 3 0 0 1 0 3 2 3 3 3 3 4 2 0 4 3 3 1 3 2 1 1 0 1 0 2 4 3 3 2 2 2 4 0 1 0 0 0 2 3 0 0 1 0 2 0 3 1 3 3 1 0 0 3 4 3 4 3 3 2 1 3 4 3 
0 1 3 2 3 0 0 2 0 3 0 2 0 0 0 0 1 3 0 0 0 0 1 1 0 3 3 2 1 2 1 0 1 0 2 4 3 0 0 1 0 3 2 3 3 3 3 4 2 0 4 3 3 1 3 2 1 1 0 1 0 2 4 3 3 2 2 2 4 0 1 0 0 0 2 3 0 0 1 0 2 0 3 1 3 3 1 0 0 3 4 3 4 3 3 2 1 3 4 3 
# knockout 26
0 2 3 2 3 0 4 2 0 3 0 2 0 0 0 0 2 3 0 0 0 0 1 1 1 0 0 2 0 0 0 4 4 4 0 4 3 0 0 1 0 4 3 3 3 3 3 3 2 1 4 4 3 1 2 2 1 1 1 1 0 1 4 3 3 2 1 2 4 0 1 0 0 0 2 3 0 0 1 0 2 0 3 1 3 4 0 0 0 3 4 4 3 3 3 2 1 4 4 3 
0 2 3 2 3 0 4 2 0 3 0 2 0 0 0 0 2 3 0 0 0 0 1 1 1 0 0 2 0 0 0 4 4 4 0 4 3 0 0 1 0 4 3 3 3 3 3 3 2 1 4 4 3 1 2 2 1 1 1 1 0 1 4 3 3 2 1 2 4 0 1 0 0 0 2 3 0 0 1 0 2 0 3 1 3 4 0 0 0 3 4 4 3 3 3 2 1 4 4 3 
# knockout 27
1 1 4 2 4 0 4 2 0 3 0 2 0 0 0 0 1 3 0 0 0 0 1 1 1 4 0 1 1 3 1 0 0 0 2 4 3 0 0 1 0 3 3 3 3 3 4 3 2 0 4 3 3 1 2 2 0 1 0 2 0 2 4 3 3 2 1 2 4 0 1 0 0 0 2 3 0 0 1 0 2 0 3 2 3 3 0 0 0 3 4 3 4 3 2 2 1 3 4 2 
1 1 4 2 4 0 4 2 0 3 0 2 0 0 0 0 1 3 0 0 0 0 1 1 1 4 0 1 1 3 1 0 0 0 2 4 3 0 0 1 0 3 3 3 3 3 4 3 2 0 4 3 3 1 2 2 0 1 0 2 0 2 4 3 3 2 1 2 4 0 1 0 0 0 2 3 0 0 1 0 2 0 3 2 3 3 0 0 0 3 4 3 4 3 2 2 1 3 4 2 
# knockout 28
0 1 3 2 3 0 4 2 0 3 0 2 0 0 0 1 1 2 0 0 0 0 0 1 1 4 3 0 1 3 1 0 0 0 2 4 3 0 0 1 0 3 3 3 3 3 3 3 2 0 4 3 3 2 3 2 1 1 0 2 0 2 4 3 2 2 1 2 4 0 1 0 0 0 2 3 0 0 1 0 2 0 3 1 3 3 0 0 0 4 4 4 3 2 3 2 1 4 4 3 
0 1 3 2 3 0 4 2 0 3 0 2 0 0 0 1 1 2 0 0 0 0 0 1 1 4 3 0 1 3 1 0 0 0 2 4 3 0 0 1 0 3 3 3 3 3 3 3 2 0 4 3 3 2 3 2 1 1 0 2 0 2 4 3 2 2 1 2 4 0 1 0 0 0 2 3 0 0 1 0 2 0 3 1 3 3 0 0 0 4 4 4 3 2 3 2 1 4 4 3 
# knockout 29
0 2 3 2 3 0 4 2 0 3 0 2 0 0 0 0 1 3 0 0 0 0 1 1 1 4 3 1 0 3 1 0 1 0 2 4 3 0 0 2 0 3 3 3 4 3 3 3 3 1 4 3 3 1 3 2 1 1 0 1 0 2 4 3 2 2 1 2 4 0 1 0 0 0 2 3 0 0 1 0 2 0 3 1 3 3 0 0 0 3 4 4 3 3 3 3 1 4 4 3 
0 2 3 2 3 0 4 2 0 3 0 2 0 0 0 0 1 3 0 0 0 0 1 1 1 4 3 1 0 3 1 0 1 0 2 4 3 0 0 2 0 3 3 3 4 3 3 3 3 1 4 3 3 1 3 2 1 1 0 1 0 2 4 3 2 2 1 2 4 0 1 0 0 0 2 3 0 0 1 0 2 0 3 1 3 3 0 0 0 3 4 4 3 3 3 3 1 4 4 3 
# knockout 30
0 3 3 2 3 0 4 2 0 3 0 2 0 0 0 0 1 4 0 0 0 0 1 1 1 4 3 2 1 0 1 0 0 0 2 4 4 0 0 1 0 3 3 3 3 4 3 4 3 1 4 3 3 1 3 2 1 1 0 1 0 2 4 3 2 2 1 2 4 0 1 0 0 0 2 2 0 0 1 0 2 0 3 1 3 3 0 0 0 2 4 4 3 3 3 3 1 3 4 3 
0 3 3 2 3 0 4 2 0 3 0 2 0 0 0 0 1 4 0 0 0 0 1 1 1 4 3 2 1 0 1 0 0 0 2 4 4 0 0 1 0 3 3 3 3 4 3 4 3 1 4 3 3 1 3 2 1 1 0 1 0 2 4 3 2 2 1 2 4 0 1 0 0 0 2 2 0 0 1 0 2 0 3 1 3 3 0 0 0 2 4 4 3 3 3 3 1 3 4 3 
# knockout 31
1 2 2 2 3 0 4 2 0 3 0 2 0 0 0 0 1 3 0 0 0 0 1 1 1 4 3 1 1 3 0 0 0 0 3 4 3 0 0 1 0 3 3 2 3 3 3 3 2 0 4 3 3 1 2 1 1 1 0 2 0 2 4 3 3 2 1 1 4 0 1 0 0 0 2 3 0 0 1 0 3 0 3 1 3 3 0 0 0 3 4 4 4 3 3 2 1 3 4 3 
1 2 2 2 3 0 4 2 0 3 0 2 0 0 0 0 1 3 0 0 0 0 1 1 1 4 3 1 1 3 0 0 0 0 3 4 3 0 0 1 0 3 3 2 3 3 3 3 2 0 4 3 3 1 2 1 1 1 0 2 0 2 4 3 3 2 1 1 4 0 1 0 0 0 2 3 0 0 1 0 3 0 3 1 3 3 0 0 0 3 4 4 4 3 3 2 1 3 4 3 
# knockout 32
0 2 3 2 3 0 4 2 0 3 0 2 0 0 0 0 2 3 0 0 0 0 1 1 1 4 3 1 1 3 1 0 1 0 2 4 3 0 0 1 0 3 3 3 4 3 3 3 3 0 4 4 3 1 2 2 1 1 0 1 0 2 3 3 3 1 1 2 4 0 1 0 0 0 2 3 0 0 1 0 2 0 3 1 3 2 0 0 0 3 4 4 3 3 3 3 1 3 4 2 
0 2 3 2 3 0 4 2 0 3 0 2 0 0 0 0 2 3 0 0 0 0 1 1 1 4 3 1 1 3 1 0 1 0 2 4 3 0 0 1 0 3 3 3 4 3 3 3 3 0 4 4 3 1 2 2 1 1 0 1 0 2 3 3 3 1 1 2 4 0 1 0 0 0 2 3 0 0 1 0 2 0 3 1 3 2 0 0 0 3 4 4 3 3 3 3 1 3 4 2 
# knockout 33
1 2 3 2 3 0 4 2 0 3 0 2 0 0 0 1 1 3 0 0 0 0 1 1 1 4 2 2 1 3 0 0 0 0 2 4 3 0 0 1 0 4 3 3 3 3 4 3 2 1 4 3 3 1 2 2 1 1 0 1 0 2 4 3 2 2 0 2 4 0 0 0 0 0 3 3 0 0 1 0 3 0 3 1 3 3 0 0 0 3 4 4 4 3 3 2 1 3 4 3 
1 2 3 2 3 0 4 2 0 3 0 2 0 0 0 1 1 3 0 0 0 0 1 1 1 4 2 2 1 3 0 0 0 0 2 4 3 0 0 1 0 4 3 3 3 3 4 3 2 1 4 3 3 1 2 2 1 1 0 1 0 2 4 3 2 2 0 2 4 0 0 0 0 0 3 3 0 0 1 0 3 0 3 1 3 3 0 0 0 3 4 4 4 3 3 2 1 3 4 3 
# knockout 34
1 2 3 2 3 0 4 2 0 3 0 2 0 0 0 0 1 3 0 0 0 0 1 1 1 4 3 2 1 3 1 0 0 0 3 4 3 0 0 1 0 3 3 2 3 4 3 4 2 1 4 3 3 1 2 2 1 1 0 1 0 2 4 3 2 2 1 2 4 0 1 0 0 0 2 2 0 1 1 0 3 0 3 1 3 2 0 0 0 3 4 4 3 3 3 2 1 4 4 2 
1 2 3 2 3 0 4 2 0 3 0 2 0 0 0 0 1 3 0 0 0 0 1 1 1 4 3 2 1 3 1 0 0 0 3 4 3 0 0 1 0 3 3 2 3 4 3 4 2 1 4 3 3 1 2 2 1 1 0 1 0 2 4 3 2 2 1 2 4 0 1 0 0 0 2 2 0 1 1 0 3 0 3 1 3 2 0 0 0 3 4 4 3 3 3 2 1 4 4 2 
# knockout 35
1 2 3 3 4 0 4 2 0 3 0 2 0 0 0 0 1 3 0 0 0 0 1 1 1 4 3 2 1 3 1 0 0 0 0 4 3 0 0 1 0 3 3 3 3 3 3 3 2 1 4 3 3 1 2 2 1 1 0 1 0 2 4 3 3 2 1 2 4 0 1 0 0 0 3 3 0 0 1 0 2 0 3 1 3 3 0 0 0 3 4 4 3 3 3 2 1 4 4 3 
1 2 3 3 4 0 4 2 0 3 0 2 0 0 0 0 1 3 0 0 0 0 1 1 1 4 3 2 1 3 1 0 0 0 0 4 3 0 0 1 0 3 3 3 3 3 3 3 2 1 4 3 3 1 2 2 1 1 0 1 0 2 4 3 3 2 1 2 4 0 1 0 0 0 3 3 0 0 1 0 2 0 3 1 3 3 0 0 0 3 4 4 3 3 3 2 1 4 4 3 
# knockout 36
2 2 3 2 3 0 4 2 0 3 0 2 0 0 0 0 1 3 0 0 0 0 4 4 3 4 3 2 3 3 1 0 0 0 2 0 0 0 0 1 0 3 3 3 3 4 3 2 3 1 4 3 3 1 2 2 1 1 2 3 2 4 4 4 2 2 0 3 0 4 3 4 4 4 4 0 4 0 1 0 2 0 3 1 3 3 0 0 4 3 4 4 3 3 3 2 1 3 4 3 
2 2 3 2 3 0 4 2 0 3 0 2 0 0 0 0 1 3 0 0 0 0 4 4 3 4 3 2 3 3 1 0 0 0 2 0 0 0 0 1 0 3 3 3 3 4 3 2 3 1 4 3 3 1 2 2 1 1 2 3 2 4 4 4 2 2 0 3 0 4 3 4 4 4 4 0 4 0 1 0 2 0 3 1 3 3 0 0 4 3 4 4 3 3 3 2 1 3 4 3 
# knockout 37
2 3 3 3 3 0 4 2 0 3 0 2 0 0 0 0 1 3 0 0 0 0 4 4 3 4 3 1 4 3 1 0 0 0 2 4 0 0 0 2 0 3 3 3 3 3 2 2 2 1 4 3 3 1 3 2 1 1 2 4 1 4 4 4 3 2 0 1 0 4 3 4 4 4 4 0 3 0 1 0 2 1 3 1 3 2 0 0 3 3 4 4 3 3 3 2 1 3 4 3 
2 3 3 3 3 0 4 2 0 3 0 2 0 0 0 0 1 3 0 0 0 0 4 4 3 4 3 1 4 3 1 0 0 0 2 4 0 0 0 2 0 3 3 3 3 3 2 2 2 1 4 3 3 1 3 2 1 1 2 4 1 4 4 4 3 2 0 1 0 4 3 4 4 4 4 0 3 0 1 0 2 1 3 1 3 2 0 0 3 3 4 4 3 3 3 2 1 3 4 3 
# knockout 38
0 1 3 2 3 0 4 2 0 3 0 2 0 0 0 0 2 3 0 0 0 0 1 2 1 4 3 2 1 3 1 0 0 0 2 4 3 0 0 1 0 3 3 3 3 3 4 3 2 1 4 3 3 1 2 2 1 1 0 1 0 2 4 3 2 2 1 2 4 0 1 0 0 0 2 3 0 0 1 0 2 0 3 1 3 3 0 0 0 3 4 4 4 3 3 4 0 3 4 3 
0 1 3 2 3 0 4 2 0 3 0 2 0 0 0 0 2 3 0 0 0 0 1 2 1 4 3 2 1 3 1 0 0 0 2 4 3 0 0 1 0 3 3 3 3 3 4 3 2 1 4 3 3 1 2 2 1 1 0 1 0 2 4 3 2 2 1 2 4 0 1 0 0 0 2 3 0 0 1 0 2 0 3 1 3 3 0 0 0 3 4 4 4 3 3 4 0 3 4 3 
# knockout 39
0 3 3 2 3 0 3 2 0 3 0 2 0 0 0 0 1 3 0 0 0 1 1 1 1 4 3 2 1 3 1 0 0 0 2 4 3 0 0 0 0 3 3 3 3 3 3 3 3 0 4 3 3 1 2 2 1 1 0 2 0 3 4 3 2 2 1 2 4 0 1 0 0 0 2 4 0 0 1 0 2 0 3 1 3 3 0 0 0 3 4 4 4 3 2 1 1 3 4 3 
0 3 3 2 3 0 3 2 0 3 0 2 0 0 0 0 1 3 0 0 0 1 1 1 1 4 3 2 1 3 1 0 0 0 2 4 3 0 0 0 0 3 3 3 3 3 3 3 3 0 4 3 3 1 2 2 1 1 0 2 0 3 4 3 2 2 1 2 4 0 1 0 0 0 2 4 0 0 1 0 2 0 3 1 3 3 0 0 0 3 4 4 4 3 2 1 1 3 4 3 
# knockout 40
0 1 3 2 3 0 4 2 0 3 0 3 0 0 0 0 1 4 0 0 0 0 1 1 1 4 3 2 1 3 1 0 0 0 2 4 3 0 0 0 4 3 2 3 3 3 3 3 3 0 4 3 3 2 2 2 1 1 0 2 0 2 4 3 2 2 2 2 4 0 1 0 0 0 2 4 0 0 1 0 1 0 3 1 3 3 0 0 0 3 4 4 3 3 2 3 1 3 4 3 
0 1 3 2 3 0 4 2 0 3 0 3 0 0 0 0 1 4 0 0 0 0 1 1 1 4 3 2 1 3 1 0 0 0 2 4 3 0 0 0 4 3 2 3 3 3 3 3 3 0 4 3 3 2 2 2 1 1 0 2 0 2 4 3 2 2 2 2 4 0 1 0 0 0 2 4 0 0 1 0 1 0 3 1 3 3 0 0 0 3 4 4 3 3 2 3 1 3 4 3 
# knockout 41
0 2 3 2 3 0 4 2 0 4 0 2 0 0 0 0 1 3 0 0 0 0 0 0 1 4 3 2 1 3 1 0 1 0 2 4 3 0 0 1 0 3 3 3 3 3 3 3 2 1 4 3 3 1 2 2 1 1 0 1 0 2 3 3 2 2 1 2 4 0 1 0 0 0 2 3 0 0 1 0 2 0 3 1 3 3 0 0 0 3 4 4 3 3 3 3 1 3 4 3 
0 2 3 2 3 0 4 2 0 4 0 2 0 0 0 0 1 3 0 0 0 0 0 0 1 4 3 2 1 3 1 0 1 0 2 4 3 0 0 1 0 3 3 3 3 3 3 3 2 1 4 3 3 1 2 2 1 1 0 1 0 2 3 3 2 2 1 2 4 0 1 0 0 0 2 3 0 0 1 0 2 0 3 1 3 3 0 0 0 3 4 4 3 3 3 3 1 3 4 3 
# knockout 42
1 2 3 3 3 0 4 2 0 3 0 2 0 0 0 0 1 3 0 0 0 0 1 2 1 4 3 2 1 3 0 0 0 0 2 4 4 0 0 1 0 0 3 3 4 3 3 4 2 1 4 3 3 1 2 2 1 2 0 1 0 2 4 3 2 2 1 2 4 0 1 0 0 0 2 3 0 0 1 0 2 0 3 1 3 3 0 0 0 3 4 4 3 2 3 2 1 3 4 3 
1 2 3 3 3 0 4 2 0 3 0 2 0 0 0 0 1 3 0 0 0 0 1 2 1 4 3 2 1 3 0 0 0 0 2 4 4 0 0 1 0 0 3 3 4 3 3 4 2 1 4 3 3 1 2 2 1 2 0 1 0 2 4 3 2 2 1 2 4 0 1 0 0 0 2 3 0 0 1 0 2 0 3 1 3 3 0 0 0 3 4 4 3 2 3 2 1 3 4 3 
# knockout 43
1 1 3 2 3 0 4 2 0 3 0 2 0 0 0 0 1 3 1 3 0 0 1 2 1 4 2 3 1 3 0 0 0 0 2 4 3 0 0 1 0 3 0 0 0 3 3 3 2 0 4 3 3 1 2 2 1 2 4 3 3 0 0 1 3 2 1 1 4 0 1 0 0 0 0 4 0 4 4 4 2 0 3 1 3 3 0 0 0 3 4 4 3 0 3 4 0 3 4 4 
1 1 3 2 3 0 4 2 0 3 0 2 0 0 0 0 1 3 1 3 0 0 1 2 1 4 2 3 1 3 0 0 0 0 2 4 3 0 0 1 0 3 0 0 0 3 3 3 2 0 4 3 3 1 2 2 1 2 4 3 3 0 0 1 3 2 1 1 4 0 1 0 0 0 0 4 0 4 4 4 2 0 3 1 3 3 0 0 0 3 4 4 3 0 3 4 0 3 4 4 
# knockout 44
0 2 3 2 3 0 4 2 0 2 0 2 0 0 0 0 1 4 0 4 0 0 1 2 1 4 2 3 0 3 0 0 0 0 2 4 3 0 0 4 0 2 3 0 3 3 4 3 2 0 4 3 3 2 2 2 1 1 3 3 4 1 0 1 3 2 1 2 4 0 1 0 0 0 0 4 0 4 3 4 2 0 3 1 3 3 0 0 0 3 4 4 3 1 2 2 1 3 4 3 
0 2 3 2 3 0 4 2 0 2 0 2 0 0 0 0 1 4 0 4 0 0 1 2 1 4 2 3 0 3 0 0 0 0 2 4 3 0 0 4 0 2 3 0 3 3 4 3 2 0 4 3 3 2 2 2 1 1 3 3 4 1 0 1 3 2 1 2 4 0 1 0 0 0 0 4 0 4 3 4 2 0 3 1 3 3 0 0 0 3 4 4 3 1 2 2 1 3 4 3 
# knockout 45
0 2 3 2 4 0 4 2 0 3 0 2 0 0 0 0 1 3 0 0 0 0 1 1 1 4 3 2 1 3 0 0 0 0 2 4 4 0 0 1 0 3 3 2 0 3 3 3 2 1 4 3 3 1 2 2 1 1 0 1 0 1 4 3 2 2 0 2 4 0 1 0 0 0 2 3 0 0 1 0 2 0 3 1 3 3 0 0 0 3 4 4 3 2 3 2 1 3 4 3 
0 2 3 2 4 0 4 2 0 3 0 2 0 0 0 0 1 3 0 0 0 0 1 1 1 4 3 2 1 3 0 0 0 0 2 4 4 0 0 1 0 3 3 2 0 3 3 3 2 1 4 3 3 1 2 2 1 1 0 1 0 1 4 3 2 2 0 2 4 0 1 0 0 0 2 3 0 0 1 0 2 0 3 1 3 3 0 0 0 3 4 4 3 2 3 2 1 3 4 3 
# knockout 46
2 2 3 3 3 0 4 2 0 3 0 2 0 0 0 0 1 0 1 0 0 4 4 3 3 4 3 2 4 3 1 0 0 0 2 4 0 0 0 1 0 3 3 3 3 0 0 0 0 2 4 0 0 2 0 3 3 3 0 1 0 4 4 4 3 2 1 4 0 4 3 3 4 3 3 0 4 0 1 0 4 0 3 0 3 3 0 0 4 3 4 4 3 4 3 2 1 3 4 4 
2 2 3 3 3 0 4 2 0 3 0 2 0 0 0 0 1 0 1 0 0 4 4 3 3 4 3 2 4 3 1 0 0 0 2 4 0 0 0 1 0 3 3 3 3 0 0 0 0 2 4 0 0 2 0 3 3 3 0 1 0 4 4 4 3 2 1 4 0 4 3 3 4 3 3 0 4 0 1 0 4 0 3 0 3 3 0 0 4 3 4 4 3 4 3 2 1 3 4 4 
# knockout 47
1 2 3 2 3 0 4 2 0 3 0 2 0 0 0 0 2 3 0 0 0 0 1 1 1 4 2 2 1 3 1 0 0 0 2 4 4 0 0 3 0 3 4 3 3 3 0 4 2 0 4 3 3 1 2 2 1 2 0 1 0 2 4 3 2 2 1 2 4 0 1 0 0 0 2 3 0 1 1 0 2 0 4 1 3 3 0 0 0 3 4 4 3 2 3 2 1 3 4 3 
1 2 3 2 3 0 4 2 0 3 0 2 0 0 0 0 2 3 0 0 0 0 1 1 1 4 2 2 1 3 1 0 0 0 2 4 4 0 0 3 0 3 4 3 3 3 0 4 2 0 4 3 3 1 2 2 1 2 0 1 0 2 4 3 2 2 1 2 4 0 1 0 0 0 2 3 0 1 1 0 2 0 4 1 3 3 0 0 0 3 4 4 3 2 3 2 1 3 4 3 
# knockout 48
0 1 3 2 3 0 4 2 0 3 0 2 0 0 0 0 1 4 0 0 0 0 1 1 1 4 2 2 0 3 0 0 0 0 3 4 3 0 0 1 0 3 4 4 3 3 4 0 2 1 4 3 3 1 2 2 1 1 0 1 0 2 4 3 2 2 2 3 4 0 0 0 0 0 3 3 0 0 1 0 2 0 3 1 3 3 0 0 0 3 4 4 3 3 3 3 1 4 4 3 
0 1 3 2 3 0 4 2 0 3 0 2 0 0 0 0 1 4 0 0 0 0 1 1 1 4 2 2 0 3 0 0 0 0 3 4 3 0 0 1 0 3 4 4 3 3 4 0 2 1 4 3 3 1 2 2 1 1 0 1 0 2 4 3 2 2 2 3 4 0 0 0 0 0 3 3 0 0 1 0 2 0 3 1 3 3 0 0 0 3 4 4 3 3 3 3 1 4 4 3 
# knockout 49
0 3 3 2 3 0 4 1 0 3 0 2 0 0 0 0 1 3 0 0 0 0 1 1 1 4 3 2 1 3 1 0 1 0 2 4 4 0 0 1 0 3 3 3 3 3 3 4 0 1 4 3 3 1 2 2 1 1 0 1 0 2 4 3 3 2 1 2 4 0 1 0 0 0 2 3 0 0 1 0 2 0 3 1 3 3 0 0 0 3 4 4 3 3 3 2 1 3 4 3 
0 3 3 2 3 0 4 1 0 3 0 2 0 0 0 0 1 3 0 0 0 0 1 1 1 4 3 2 1 3 1 0 1 0 2 4 4 0 0 1 0 3 3 3 3 3 3 4 0 1 4 3 3 1 2 2 1 1 0 1 0 2 4 3 3 2 1 2 4 0 1 0 0 0 2 3 0 0 1 0 2 0 3 1 3 3 0 0 0 3 4 4 3 3 3 2 1 3 4 3 
# knockout 50
0 2 3 2 3 0 4 2 0 3 0 2 0 0 0 0 1 3 0 0 0 0 1 1 1 4 3 2 1 3 1 0 0 0 2 4 3 0 0 1 0 3 3 3 3 4 3 4 1 0 4 3 3 1 2 2 1 1 0 1 0 2 4 3 2 2 1 3 4 0 1 0 0 0 2 3 0 0 1 0 2 0 3 1 3 4 0 0 0 3 3 4 3 3 3 2 1 3 4 3 
0 2 3 2 3 0 4 2 0 3 0 2 0 0 0 0 1 3 0 0 0 0 1 1 1 4 3 2 1 3 1 0 0 0 2 4 3 0 0 1 0 3 3 3 3 4 3 4 1 0 4 3 3 1 2 2 1 1 0 1 0 2 4 3 2 2 1 3 4 0 1 0 0 0 2 3 0 0 1 0 2 0 3 1 3 4 0 0 0 3 3 4 3 3 3 2 1 3 4 3 
# knockout 51
0 2 2 2 4 0 4 2 0 3 0 2 0 0 0 0 1 4 0 0 0 0 1 1 1 4 3 2 1 3 1 0 0 0 2 4 3 0 0 3 0 3 3 3 3 3 4 3 2 1 0 3 3 1 2 2 0 1 0 1 0 2 4 3 3 2 1 2 4 0 1 0 0 0 2 3 0 0 1 0 2 1 3 1 3 3 0 1 0 3 4 4 3 3 3 2 2 4 4 3 
0 2 2 2 4 0 4 2 0 3 0 2 0 0 0 0 1 4 0 0 0 0 1 1 1 4 3 2 1 3 1 0 0 0 2 4 3 0 0 3 0 3 3 3 3 3 4 3 2 1 0 3 3 1 2 2 0 1 0 1 0 2 4 3 3 2 1 2 4 0 1 0 0 0 2 3 0 0 1 0 2 1 3 1 3 3 0 1 0 3 4 4 3 3 3 2 2 4 4 3 
# knockout 52
0 1 3 2 3 0 4 2 0 3 0 2 0 0 0 0 1 3 0 0 0 1 1 1 1 4 3 2 1 2 0 0 1 0 2 4 3 0 0 1 0 3 3 4 3 3 4 3 3 1 4 0 3 1 2 2 1 1 0 1 0 2 4 3 2 2 1 2 4 0 1 0 0 0 2 3 0 0 1 0 2 0 4 0 3 3 1 0 0 3 4 4 3 3 3 1 1 3 4 3 
0 1 3 2 3 0 4 2 0 3 0 2 0 0 0 0 1 3 0 0 0 1 1 1 1 4 3 2 1 2 0 0 1 0 2 4 3 0 0 1 0 3 3 4 3 3 4 3 3 1 4 0 3 1 2 2 1 1 0 1 0 2 4 3 2 2 1 2 4 0 1 0 0 0 2 3 0 0 1 0 2 0 4 0 3 3 1 0 0 3 4 4 3 3 3 1 1 3 4 3 
# knockout 53
1 1 3 2 3 0 4 2 0 3 0 3 0 0 0 0 1 3 0 0 0 0 1 1 1 4 3 2 1 3 1 0 0 0 2 4 3 0 0 1 0 4 3 3 3 3 3 4 2 1 4 3 0 1 2 2 1 1 0 1 0 2 4 3 3 2 1 2 4 0 1 0 0 0 2 3 0 0 1 0 2 0 4 1 3 3 0 0 0 3 4 4 3 3 3 2 1 3 4 3 
1 1 3 2 3 0 4 2 0 3 0 3 0 0 0 0 1 3 0 0 0 0 1 1 1 4 3 2 1 3 1 0 0 0 2 4 3 0 0 1 0 4 3 3 3 3 3 4 2 1 4 3 0 1 2 2 1 1 0 1 0 2 4 3 3 2 1 2 4 0 1 0 0 0 2 3 0 0 1 0 2 0 4 1 3 3 0 0 0 3 4 4 3 3 3 2 1 3 4 3 
# knockout 54
0 2 3 2 3 0 4 2 0 3 0 3 0 0 0 1 1 3 0 0 0 0 1 1 1 4 3 2 1 3 1 0 0 0 2 4 4 0 0 2 0 3 4 3 3 4 3 3 2 1 4 3 3 0 3 2 1 2 0 1 0 2 4 3 2 2 0 3 3 0 1 0 0 0 2 3 0 0 1 0 0 4 3 1 3 2 0 0 0 3 4 4 3 3 3 2 1 4 4 2 
0 2 3 2 3 0 4 2 0 3 0 3 0 0 0 1 1 3 0 0 0 0 1 1 1 4 3 2 1 3 1 0 0 0 2 4 4 0 0 2 0 3 4 3 3 4 3 3 2 1 4 3 3 0 3 2 1 2 0 1 0 2 4 3 2 2 0 3 3 0 1 0 0 0 2 3 0 0 1 0 0 4 3 1 3 2 0 0 0 3 4 4 3 3 3 2 1 4 4 2 
# knockout 55
0 2 3 2 3 0 4 2 0 3 0 2 0 0 0 0 1 3 0 0 0 0 1 1 1 4 3 1 1 4 1 0 0 0 2 4 4 0 0 1 0 4 2 3 4 3 3 4 3 1 4 3 3 4 0 2 1 1 0 1 0 3 4 3 1 2 1 2 4 0 1 0 0 0 2 3 0 0 1 0 3 0 3 1 2 3 0 0 0 3 4 4 3 3 3 3 1 3 4 3 
0 2 3 2 3 0 4 2 0 3 0 2 0 0 0 0 1 3 0 0 0 0 1 1 1 4 3 1 1 4 1 0 0 0 2 4 4 0 0 1 0 4 2 3 4 3 3 4 3 1 4 3 3 4 0 2 1 1 0 1 0 3 4 3 1 2 1 2 4 0 1 0 0 0 2 3 0 0 1 0 3 0 3 1 2 3 0 0 0 3 4 4 3 3 3 3 1 3 4 3 
# knockout 56
0 2 3 2 4 0 4 2 0 3 0 2 0 0 0 0 1 3 0 0 0 0 1 1 1 4 3 2 1 2 0 0 0 0 3 4 3 0 0 1 0 3 3 3 3 3 3 4 2 1 4 3 3 1 2 0 0 1 0 1 0 2 4 3 3 2 1 2 4 0 1 0 0 0 2 3 0 0 1 0 2 0 3 1 3 3 0 0 0 2 4 4 3 3 3 3 2 3 4 2 
0 2 3 2 4 0 4 2 0 3 0 2 0 0 0 0 1 3 0 0 0 0 1 1 1 4 3 2 1 2 0 0 0 0 3 4 3 0 0 1 0 3 3 3 3 3 3 4 2 1 4 3 3 1 2 0 0 1 0 1 0 2 4 3 3 2 1 2 4 0 1 0 0 0 2 3 0 0 1 0 2 0 3 1 3 3 0 0 0 2 4 4 3 3 3 3 2 3 4 2 
# knockout 57
1 1 2 2 4 0 4 2 0 3 0 2 0 0 0 0 1 3 0 0 0 1 1 1 1 4 2 2 1 3 1 0 0 0 2 4 4 0 0 1 0 3 3 4 3 3 3 3 1 1 4 3 2 1 2 4 0 2 0 1 0 2 4 3 3 2 1 1 4 0 1 0 0 0 2 3 0 0 1 0 2 0 3 1 3 3 0 0 0 3 4 4 3 3 3 2 1 3 4 3 
1 1 2 2 4 0 4 2 0 3 0 2 0 0 0 0 1 3 0 0 0 1 1 1 1 4 2 2 1 3 1 0 0 0 2 4 4 0 0 1 0 3 3 4 3 3 3 3 1 1 4 3 2 1 2 4 0 2 0 1 0 2 4 3 3 2 1 1 4 0 1 0 0 0 2 3 0 0 1 0 2 0 3 1 3 3 0 0 0 3 4 4 3 3 3 2 1 3 4 3 
# knockout 58
0 1 3 2 3 0 4 2 0 3 0 2 0 0 0 0 1 3 0 0 0 0 1 1 0 4 4 2 0 3 1 0 0 0 2 4 4 0 0 1 0 3 3 3 3 3 3 3 2 1 4 3 3 1 2 2 1 0 0 1 0 2 4 3 3 2 0 3 4 0 0 0 0 0 2 3 0 0 1 0 2 0 3 1 3 3 0 0 0 3 4 4 3 3 3 2 0 3 4 4 
0 1 3 2 3 0 4 2 0 3 0 2 0 0 0 0 1 3 0 0 0 0 1 1 0 4 4 2 0 3 1 0 0 0 2 4 4 0 0 1 0 3 3 3 3 3 3 3 2 1 4 3 3 1 2 2 1 0 0 1 0 2 4 3 3 2 0 3 4 0 0 0 0 0 2 3 0 0 1 0 2 0 3 1 3 3 0 0 0 3 4 4 3 3 3 2 0 3 4 4 
# knockout 59
0 2 3 2 3 0 4 2 0 3 0 2 0 0 0 1 1 3 0 0 0 0 0 0 1 4 3 2 1 3 1 0 0 0 2 4 3 0 0 1 0 3 2 3 3 3 3 3 2 1 4 3 3 1 2 3 0 1 0 2 0 2 4 3 3 2 1 2 4 0 1 0 0 0 2 3 0 1 1 0 2 0 3 1 3 3 1 0 0 3 4 4 3 4 3 2 1 3 4 3 
0 2 3 2 3 0 4 2 0 3 0 2 0 0 0 1 1 3 0 0 0 0 0 0 1 4 3 2 1 3 1 0 0 0 2 4 3 0 0 1 0 3 2 3 3 3 3 3 2 1 4 3 3 1 2 3 0 1 0 2 0 2 4 3 3 2 1 2 4 0 1 0 0 0 2 3 0 1 1 0 2 0 3 1 3 3 1 0 0 3 4 4 3 4 3 2 1 3 4 3 
# knockout 60
0 2 3 2 3 0 4 2 0 3 0 2 0 0 0 0 2 3 0 0 0 0 1 1 1 4 2 2 1 3 0 0 0 0 2 4 4 0 0 1 0 4 3 3 3 3 3 3 2 1 4 4 3 2 2 2 1 1 0 0 0 1 4 3 3 2 1 2 4 0 0 0 0 0 2 4 0 0 1 0 2 0 3 1 2 3 0 0 0 3 4 4 3 3 3 2 2 3 4 3 
0 2 3 2 3 0 4 2 0 3 0 2 0 0 0 0 2 3 0 0 0 0 1 1 1 4 2 2 1 3 0 0 0 0 2 4 4 0 0 1 0 4 3 3 3 3 3 3 2 1 4 4 3 2 2 2 1 1 0 0 0 1 4 3 3 2 1 2 4 0 0 0 0 0 2 4 0 0 1 0 2 0 3 1 2 3 0 0 0 3 4 4 3 3 3 2 2 3 4 3 
# knockout 61
0 1 3 2 4 0 4 2 0 3 0 2 0 0 0 0 1 2 0 0 0 0 1 1 0 4 3 2 0 3 1 0 0 0 2 4 3 0 0 1 0 3 3 3 3 3 3 4 2 1 4 3 3 1 2 2 1 2 0 1 0 2 4 3 3 1 1 2 4 0 1 0 0 0 2 3 0 0 2 0 2 0 3 1 3 3 0 0 0 3 3 4 4 3 3 2 1 3 4 3 
0 1 3 2 4 0 4 2 0 3 0 2 0 0 0 0 1 2 0 0 0 0 1 1 0 4 3 2 0 3 1 0 0 0 2 4 3 0 0 1 0 3 3 3 3 3 3 4 2 1 4 3 3 1 2 2 1 2 0 1 0 2 4 3 3 1 1 2 4 0 1 0 0 0 2 3 0 0 2 0 2 0 3 1 3 3 0 0 0 3 3 4 4 3 3 2 1 3 4 3 
# knockout 62
0 2 3 2 3 0 4 2 0 3 0 2 0 0 0 0 1 3 0 0 0 0 1 1 1 4 3 3 1 3 0 0 0 0 2 3 3 0 0 1 0 3 3 2 3 3 3 3 2 2 4 3 3 1 2 2 1 1 0 1 0 0 4 2 2 2 1 2 4 0 1 0 0 0 2 3 0 0 1 0 3 0 3 1 3 3 0 0 0 3 4 4 3 3 3 2 1 4 4 3 
0 2 3 2 3 0 4 2 0 3 0 2 0 0 0 0 1 3 0 0 0 0 1 1 1 4 3 3 1 3 0 0 0 0 2 3 3 0 0 1 0 3 3 2 3 3 3 3 2 2 4 3 3 1 2 2 1 1 0 1 0 0 4 2 2 2 1 2 4 0 1 0 0 0 2 3 0 0 1 0 3 0 3 1 3 3 0 0 0 3 4 4 3 3 3 2 1 4 4 3 
# knockout 63
1 2 3 2 3 0 4 2 0 3 0 2 0 0 0 0 1 3 1 2 0 0 1 2 1 4 3 2 1 3 1 0 0 0 2 4 4 0 0 2 0 3 3 3 3 3 4 3 3 1 4 3 3 1 2 2 1 2 4 3 3 2 0 3 2 2 1 2 4 0 1 0 0 0 0 3 0 4 4 4 2 0 3 1 3 3 0 0 0 3 4 4 3 2 2 2 1 3 4 3 
1 2 3 2 3 0 4 2 0 3 0 2 0 0 0 0 1 3 1 2 0 0 1 2 1 4 3 2 1 3 1 0 0 0 2 4 4 0 0 2 0 3 3 3 3 3 4 3 3 1 4 3 3 1 2 2 1 2 4 3 3 2 0 3 2 2 1 2 4 0 1 0 0 0 0 3 0 4 4 4 2 0 3 1 3 3 0 0 0 3 4 4 3 2 2 2 1 3 4 3 
# knockout 64
0 2 3 2 3 0 4 2 0 3 0 2 0 0 0 0 1 3 0 0 0 0 1 1 1 4 3 3 0 3 1 0 0 0 3 4 3 0 0 1 0 3 3 3 3 3 3 3 1 1 4 3 3 1 2 2 1 1 0 1 0 2 4 0 2 2 1 2 4 0 1 0 0 0 2 3 0 0 1 0 3 0 3 1 3 3 0 0 0 3 4 3 3 0 3 2 0 4 4 3 
0 2 3 2 3 0 4 2 0 3 0 2 0 0 0 0 1 3 0 0 0 0 1 1 1 4 3 3 0 3 1 0 0 0 3 4 3 0 0 1 0 3 3 3 3 3 3 3 1 1 4 3 3 1 2 2 1 1 0 1 0 2 4 0 2 2 1 2 4 0 1 0 0 0 2 3 0 0 1 0 3 0 3 1 3 3 0 0 0 3 4 3 3 0 3 2 0 4 4 3 
# knockout 65
1 2 3 3 3 0 4 2 0 2 0 2 0 0 0 0 1 3 0 0 0 0 1 0 1 4 3 2 0 3 0 0 0 0 2 4 3 0 0 1 0 3 3 3 3 3 4 3 2 1 4 3 3 1 2 2 1 1 0 1 0 2 4 3 0 4 1 2 4 0 1 0 0 0 2 3 0 0 1 0 2 0 3 0 3 3 1 0 0 3 4 4 3 3 3 2 1 3 4 3 
1 2 3 3 3 0 4 2 0 2 0 2 0 0 0 0 1 3 0 0 0 0 1 0 1 4 3 2 0 3 0 0 0 0 2 4 3 0 0 1 0 3 3 3 3 3 4 3 2 1 4 3 3 1 2 2 1 1 0 1 0 2 4 3 0 4 1 2 4 0 1 0 0 0 2 3 0 0 1 0 2 0 3 0 3 3 1 0 0 3 4 4 3 3 3 2 1 3 4 3 
# knockout 66
0 1 3 2 4 0 4 2 0 3 0 2 0 0 0 0 1 3 0 0 0 0 1 1 1 4 2 2 1 3 0 0 0 0 3 4 3 0 0 1 0 3 3 3 3 3 3 4 2 0 4 2 3 1 2 2 1 2 0 1 0 2 4 3 3 0 1 2 4 0 1 0 0 0 3 3 0 0 1 0 2 1 3 1 3 4 0 0 0 2 4 4 3 3 3 2 1 3 4 3 
0 1 3 2 4 0 4 2 0 3 0 2 0 0 0 0 1 3 0 0 0 0 1 1 1 4 2 2 1 3 0 0 0 0 3 4 3 0 0 1 0 3 3 3 3 3 3 4 2 0 4 2 3 1 2 2 1 2 0 1 0 2 4 3 3 0 1 2 4 0 1 0 0 0 3 3 0 0 1 0 2 1 3 1 3 4 0 0 0 2 4 4 3 3 3 2 1 3 4 3 
# knockout 67
0 2 3 2 3 0 4 2 0 3 0 2 0 0 0 0 1 3 0 0 0 0 1 1 1 4 2 1 1 3 1 0 0 0 3 4 3 0 0 1 0 4 3 3 3 3 3 3 3 1 4 3 3 1 2 2 1 1 0 1 0 2 4 3 2 2 0 0 4 0 1 0 0 0 3 3 0 0 1 0 2 0 3 0 3 3 0 0 0 4 4 4 4 3 3 2 1 3 4 3 
0 2 3 2 3 0 4 2 0 3 0 2 0 0 0 0 1 3 0 0 0 0 1 1 1 4 2 1 1 3 1 0 0 0 3 4 3 0 0 1 0 4 3 3 3 3 3 3 3 1 4 3 3 1 2 2 1 1 0 1 0 2 4 3 2 2 0 0 4 0 1 0 0 0 3 3 0 0 1 0 2 0 3 0 3 3 0 0 0 4 4 4 4 3 3 2 1 3 4 3 
# knockout 68
1 3 3 2 3 0 4 2 0 3 0 3 0 0 0 0 1 3 0 0 0 0 0 0 1 4 3 2 1 2 1 0 1 0 2 4 3 0 0 1 0 3 3 4 3 3 3 3 2 1 4 3 3 1 3 2 1 1 0 1 0 2 3 3 4 2 0 0 4 0 1 0 0 0 2 4 0 0 1 0 3 0 3 1 3 2 0 0 0 3 4 4 4 3 3 2 1 4 4 3 
1 3 3 2 3 0 4 2 0 3 0 3 0 0 0 0 1 3 0 0 0 0 0 0 1 4 3 2 1 2 1 0 1 0 2 4 3 0 0 1 0 3 3 4 3 3 3 3 2 1 4 3 3 1 3 2 1 1 0 1 0 2 3 3 4 2 0 0 4 0 1 0 0 0 2 4 0 0 1 0 3 0 3 1 3 2 0 0 0 3 4 4 4 3 3 2 1 4 4 3 
# knockout 69
0 1 3 2 4 0 4 2 0 3 0 2 0 0 0 0 1 3 0 0 0 0 1 1 1 4 3 2 1 3 1 0 1 0 3 4 3 0 0 1 0 3 2 3 3 3 4 3 1 0 4 3 3 1 2 2 0 1 0 2 0 2 3 3 3 2 4 4 0 0 1 0 0 0 2 3 0 0 1 0 2 0 3 1 3 3 0 0 0 3 4 4 4 3 3 2 1 4 4 4 
0 1 3 2 4 0 4 2 0 3 0 2 0 0 0 0 1 3 0 0 0 0 1 1 1 4 3 2 1 3 1 0 1 0 3 4 3 0 0 1 0 3 2 3 3 3 4 3 1 0 4 3 3 1 2 2 0 1 0 2 0 2 3 3 3 2 4 4 0 0 1 0 0 0 2 3 0 0 1 0 2 0 3 1 3 3 0 0 0 3 4 4 4 3 3 2 1 4 4 4 
# knockout 70
0 1 4 2 3 0 4 2 0 3 0 2 0 0 0 0 1 3 0 0 0 0 1 1 1 4 3 2 1 3 1 0 0 0 2 4 3 0 0 3 0 3 3 3 3 3 3 3 3 0 3 3 3 1 2 2 1 2 0 2 0 2 4 3 2 2 1 2 4 0 1 0 0 0 2 3 0 0 1 0 3 0 3 1 3 3 0 0 0 4 4 4 3 3 4 2 1 3 4 3 
0 1 4 2 3 0 4 2 0 3 0 2 0 0 0 0 1 3 0 0 0 0 1 1 1 4 3 2 1 3 1 0 0 0 2 4 3 0 0 3 0 3 3 3 3 3 3 3 3 0 3 3 3 1 2 2 1 2 0 2 0 2 4 3 2 2 1 2 4 0 1 0 0 0 2 3 0 0 1 0 3 0 3 1 3 3 0 0 0 4 4 4 3 3 4 2 1 3 4 3 
# knockout 71
0 2 3 2 3 0 4 2 0 3 0 2 0 0 0 1 2 4 0 0 0 0 1 1 1 4 3 2 1 3 1 0 0 0 3 4 3 0 0 1 0 3 3 3 3 4 4 4 2 0 4 3 3 1 2 2 1 1 0 1 0 3 3 3 2 2 1 2 4 0 0 0 0 0 3 3 0 0 1 0 2 0 3 1 3 3 0 0 0 2 4 4 3 3 4 2 1 3 4 3 
0 2 3 2 3 0 4 2 0 3 0 2 0 0 0 1 2 4 0 0 0 0 1 1 1 4 3 2 1 3 1 0 0 0 3 4 3 0 0 1 0 3 3 3 3 4 4 4 2 0 4 3 3 1 2 2 1 1 0 1 0 3 3 3 2 2 1 2 4 0 0 0 0 0 3 3 0 0 1 0 2 0 3 1 3 3 0 0 0 2 4 4 3 3 4 2 1 3 4 3 
# knockout 72
0 3 3 2 3 0 4 2 0 3 0 2 0 0 0 1 1 3 0 0 0 0 0 0 1 4 3 2 1 3 0 0 0 0 2 4 3 0 0 1 0 3 3 3 3 3 4 3 2 1 4 3 3 1 2 2 1 1 0 1 0 2 4 3 2 2 1 2 4 0 1 0 0 0 3 3 0 0 1 0 2 0 3 1 3 3 0 0 0 3 4 4 3 2 3 2 1 3 4 3 
0 3 3 2 3 0 4 2 0 3 0 2 0 0 0 1 1 3 0 0 0 0 0 0 1 4 3 2 1 3 0 0 0 0 2 4 3 0 0 1 0 3 3 3 3 3 4 3 2 1 4 3 3 1 2 2 1 1 0 1 0 2 4 3 2 2 1 2 4 0 1 0 0 0 3 3 0 0 1 0 2 0 3 1 3 3 0 0 0 3 4 4 3 2 3 2 1 3 4 3 
# knockout 73
0 2 3 2 3 0 4 3 0 3 0 2 0 0 0 0 1 3 0 0 0 0 1 1 1 4 3 2 1 3 1 0 0 0 2 4 4 0 0 2 0 3 3 3 3 4 3 3 2 1 4 3 3 1 2 2 1 1 0 1 0 2 4 3 2 2 2 2 4 0 1 0 0 0 2 3 0 0 1 0 2 0 3 1 3 3 0 0 0 3 4 4 3 2 3 2 1 3 4 3 
0 2 3 2 3 0 4 3 0 3 0 2 0 0 0 0 1 3 0 0 0 0 1 1 1 4 3 2 1 3 1 0 0 0 2 4 4 0 0 2 0 3 3 3 3 4 3 3 2 1 4 3 3 1 2 2 1 1 0 1 0 2 4 3 2 2 2 2 4 0 1 0 0 0 2 3 0 0 1 0 2 0 3 1 3 3 0 0 0 3 4 4 3 2 3 2 1 3 4 3 
# knockout 74
0 2 3 2 4 0 4 2 0 3 0 2 0 0 0 0 1 4 0 0 0 0 1 1 1 4 3 2 1 3 1 0 0 0 3 4 4 0 0 2 0 3 3 3 3 3 4 3 2 1 4 3 3 2 2 2 1 1 0 2 0 2 4 3 3 2 0 2 4 0 1 0 0 0 2 3 0 0 1 0 2 0 3 0 3 3 1 0 0 3 4 4 3 3 3 2 1 3 4 4 
0 2 3 2 4 0 4 2 0 3 0 2 0 0 0 0 1 4 0 0 0 0 1 1 1 4 3 2 1 3 1 0 0 0 3 4 4 0 0 2 0 3 3 3 3 3 4 3 2 1 4 3 3 2 2 2 1 1 0 2 0 2 4 3 3 2 0 2 4 0 1 0 0 0 2 3 0 0 1 0 2 0 3 0 3 3 1 0 0 3 4 4 3 3 3 2 1 3 4 4 
# knockout 75
0 2 3 2 3 0 4 2 0 3 0 2 0 0 0 0 1 4 0 0 0 0 1 2 1 4 3 2 1 3 1 0 0 0 3 4 4 0 0 1 0 3 3 3 3 3 4 4 2 1 4 3 3 1 3 2 1 1 0 1 0 2 3 3 3 2 2 2 4 0 1 0 0 0 0 3 0 0 1 0 2 0 3 1 3 3 0 0 0 3 4 4 3 3 2 2 2 3 4 3 
0 2 3 2 3 0 4 2 0 3 0 2 0 0 0 0 1 4 0 0 0 0 1 2 1 4 3 2 1 3 1 0 0 0 3 4 4 0 0 1 0 3 3 3 3 3 4 4 2 1 4 3 3 1 3 2 1 1 0 1 0 2 3 3 3 2 2 2 4 0 1 0 0 0 0 3 0 0 1 0 2 0 3 1 3 3 0 0 0 3 4 4 3 3 2 2 2 3 4 3 
# knockout 76
1 2 3 2 3 0 4 2 0 3 0 2 0 0 0 0 1 3 0 0 0 0 1 1 1 3 3 2 1 3 1 0 0 0 3 4 3 0 0 1 0 4 3 3 3 3 4 2 2 1 4 3 3 1 2 2 1 1 0 2 0 1 4 3 3 2 1 2 4 0 1 0 0 0 2 0 0 1 1 0 2 0 3 1 3 3 0 0 0 3 4 4 3 3 3 2 2 4 4 3 
1 2 3 2 3 0 4 2 0 3 0 2 0 0 0 0 1 3 0 0 0 0 1 1 1 3 3 2 1 3 1 0 0 0 3 4 3 0 0 1 0 4 3 3 3 3 4 2 2 1 4 3 3 1 2 2 1 1 0 2 0 1 4 3 3 2 1 2 4 0 1 0 0 0 2 0 0 1 1 0 2 0 3 1 3 3 0 0 0 3 4 4 3 3 3 2 2 4 4 3 
# knockout 77
0 2 3 2 3 0 4 2 0 2 0 2 0 0 0 0 1 3 0 0 0 0 1 1 1 4 3 1 1 3 1 0 1 0 3 4 3 0 0 1 0 4 3 3 3 3 3 4 3 1 4 3 3 1 2 2 1 1 0 2 0 2 3 3 3 2 0 1 4 0 1 0 0 0 2 3 0 0 1 0 2 0 3 1 4 2 0 1 0 3 3 4 3 3 3 2 1 3 4 3 
0 2 3 2 3 0 4 2 0 2 0 2 0 0 0 0 1 3 0 0 0 0 1 1 1 4 3 1 1 3 1 0 1 0 3 4 3 0 0 1 0 4 3 3 3 3 3 4 3 1 4 3 3 1 2 2 1 1 0 2 0 2 3 3 3 2 0 1 4 0 1 0 0 0 2 3 0 0 1 0 2 0 3 1 4 2 0 1 0 3 3 4 3 3 3 2 1 3 4 3 
# knockout 78
0 2 3 2 3 0 4 2 0 3 0 2 0 0 0 0 2 3 0 0 0 0 1 1 1 4 3 2 1 3 1 0 1 0 3 4 3 0 0 1 0 3 3 3 3 4 3 3 2 1 4 3 3 1 2 1 1 1 0 2 0 2 4 3 2 2 1 3 4 0 1 0 0 0 2 3 0 0 1 0 2 0 3 1 4 3 1 0 0 3 4 4 3 3 3 2 1 3 4 2 
0 2 3 2 3 0 4 2 0 3 0 2 0 0 0 0 2 3 0 0 0 0 1 1 1 4 3 2 1 3 1 0 1 0 3 4 3 0 0 1 0 3 3 3 3 4 3 3 2 1 4 3 3 1 2 1 1 1 0 2 0 2 4 3 2 2 1 3 4 0 1 0 0 0 2 3 0 0 1 0 2 0 3 1 4 3 1 0 0 3 4 4 3 3 3 2 1 3 4 2 
# knockout 79
0 2 3 2 3 0 4 2 0 3 0 2 0 0 0 0 1 3 0 0 0 1 1 1 1 4 3 1 1 2 1 0 0 0 3 4 3 0 0 1 0 3 3 3 3 3 3 3 2 1 4 3 3 1 3 2 1 2 1 1 0 2 4 3 2 2 0 1 4 0 1 0 0 0 2 3 0 0 0 0 2 0 3 1 3 2 0 0 0 3 4 4 3 3 3 2 1 4 4 3 
0 2 3 2 3 0 4 2 0 3 0 2 0 0 0 0 1 3 0 0 0 1 1 1 1 4 3 1 1 2 1 0 0 0 3 4 3 0 0 1 0 3 3 3 3 3 3 3 2 1 4 3 3 1 3 2 1 2 1 1 0 2 4 3 2 2 0 1 4 0 1 0 0 0 2 3 0 0 0 0 2 0 3 1 3 2 0 0 0 3 4 4 3 3 3 2 1 4 4 3 
# knockout 80
0 1 3 2 3 0 4 2 0 3 0 1 0 0 0 0 1 3 0 0 0 1 0 1 1 4 3 2 1 3 1 0 0 0 2 4 3 0 0 1 0 3 3 4 3 3 4 3 2 1 4 3 3 1 2 2 0 1 0 1 0 2 4 3 2 2 1 2 4 0 1 0 0 0 2 3 0 0 1 0 2 0 3 1 3 2 0 0 0 3 4 4 3 3 3 2 1 3 4 2 
0 1 3 2 3 0 4 2 0 3 0 1 0 0 0 0 1 3 0 0 0 1 0 1 1 4 3 2 1 3 1 0 0 0 2 4 3 0 0 1 0 3 3 4 3 3 4 3 2 1 4 3 3 1 2 2 0 1 0 1 0 2 4 3 2 2 1 2 4 0 1 0 0 0 2 3 0 0 1 0 2 0 3 1 3 2 0 0 0 3 4 4 3 3 3 2 1 3 4 2 
# knockout 81
1 2 3 2 4 0 4 2 0 3 0 2 0 0 0 1 1 3 0 0 0 0 1 1 1 4 3 2 1 3 1 0 1 0 2 4 3 0 0 1 0 3 3 3 3 3 4 3 2 1 4 3 3 2 2 2 1 1 0 1 0 2 4 3 3 2 1 3 4 0 1 0 0 0 2 3 0 1 1 0 0 0 3 1 3 3 0 0 0 3 4 4 3 3 3 3 1 3 4 3 
1 2 3 2 4 0 4 2 0 3 0 2 0 0 0 1 1 3 0 0 0 0 1 1 1 4 3 2 1 3 1 0 1 0 2 4 3 0 0 1 0 3 3 3 3 3 4 3 2 1 4 3 3 2 2 2 1 1 0 1 0 2 4 3 3 2 1 3 4 0 1 0 0 0 2 3 0 1 1 0 0 0 3 1 3 3 0 0 0 3 4 4 3 3 3 3 1 3 4 3 
# knockout 82
0 1 3 2 4 0 4 2 0 3 0 2 0 0 0 0 1 3 0 0 0 0 1 1 1 4 3 2 1 3 1 0 0 0 3 4 3 0 0 1 0 3 3 4 3 3 4 3 2 1 4 3 3 1 2 2 1 1 0 2 0 2 4 3 2 2 1 2 4 0 1 0 0 0 2 3 0 0 1 0 2 0 3 1 3 3 0 0 0 3 4 4 3 3 3 2 1 3 4 4 
0 1 3 2 4 0 4 2 0 3 0 2 0 0 0 0 1 3 0 0 0 0 1 1 1 4 3 2 1 3 1 0 0 0 3 4 3 0 0 1 0 3 3 4 3 3 4 3 2 1 4 3 3 1 2 2 1 1 0 2 0 2 4 3 2 2 1 2 4 0 1 0 0 0 2 3 0 0 1 0 2 0 3 1 3 3 0 0 0 3 4 4 3 3 3 2 1 3 4 4 
# knockout 83
1 2 3 4 3 0 4 2 2 3 3 4 1 0 0 0 0 3 2 2 0 0 1 1 3 4 3 2 1 3 0 0 0 0 2 4 3 3 3 1 0 3 3 3 3 4 3 3 4 1 4 4 3 1 2 2 1 0 0 1 0 2 4 3 2 2 1 2 4 0 0 0 0 0 2 3 0 0 1 0 2 0 0 0 0 1 4 2 0 3 4 4 3 3 3 2 1 3 4 3 
1 2 3 4 3 0 4 2 2 3 3 4 1 0 0 0 0 3 2 2 0 0 1 1 3 4 3 2 1 3 0 0 0 0 2 4 3 3 3 1 0 3 3 3 3 4 3 3 4 1 4 4 3 1 2 2 1 0 0 1 0 2 4 3 2 2 1 2 4 0 0 0 0 0 2 3 0 0 1 0 2 0 0 0 0 1 4 2 0 3 4 4 3 3 3 2 1 3 4 3 
# knockout 84
1 3 2 2 4 0 4 2 0 3 0 3 0 0 0 0 1 3 0 0 0 0 1 1 1 4 3 2 1 3 1 0 0 0 2 4 4 0 0 1 0 3 3 3 3 4 3 3 2 1 4 3 3 1 2 2 1 1 0 1 0 2 4 3 2 2 1 2 4 0 1 0 0 0 2 3 0 0 1 0 2 0 3 0 3 3 0 0 0 3 4 4 3 3 3 2 1 3 4 3 
1 3 2 2 4 0 4 2 0 3 0 3 0 0 0 0 1 3 0 0 0 0 1 1 1 4 3 2 1 3 1 0 0 0 2 4 4 0 0 1 0 3 3 3 3 4 3 3 2 1 4 3 3 1 2 2 1 1 0 1 0 2 4 3 2 2 1 2 4 0 1 0 0 0 2 3 0 0 1 0 2 0 3 0 3 3 0 0 0 3 4 4 3 3 3 2 1 3 4 3 
# knockout 85
0 2 3 3 3 0 4 2 2 3 3 4 4 0 0 0 0 3 0 0 0 0 1 1 3 4 3 2 1 3 1 0 1 0 3 4 3 4 3 1 0 3 3 3 3 3 4 3 2 1 4 3 3 1 2 2 1 0 0 1 0 2 4 3 2 2 1 1 4 0 1 0 0 0 3 3 0 0 1 0 2 0 3 4 0 1 4 2 0 3 4 4 4 4 3 2 1 3 4 3 
0 2 3 3 3 0 4 2 2 3 3 4 4 0 0 0 0 3 0 0 0 0 1 1 3 4 3 2 1 3 1 0 1 0 3 4 3 4 3 1 0 3 3 3 3 3 4 3 2 1 4 3 3 1 2 2 1 0 0 1 0 2 4 3 2 2 1 1 4 0 1 0 0 0 3 3 0 0 1 0 2 0 3 4 0 1 4 2 0 3 4 4 4 4 3 2 1 3 4 3 
# knockout 86
0 2 3 2 3 0 4 2 0 3 0 2 0 0 0 0 1 3 0 0 0 0 1 1 1 4 2 2 1 3 1 0 0 0 3 4 3 0 0 1 0 3 3 4 3 3 3 3 2 1 4 2 3 1 2 2 1 1 0 2 0 2 4 3 2 2 1 2 4 0 1 0 0 0 2 3 0 0 1 0 2 1 3 1 3 0 0 0 0 3 4 4 4 3 4 2 1 3 4 3 
0 2 3 2 3 0 4 2 0 3 0 2 0 0 0 0 1 3 0 0 0 0 1 1 1 4 2 2 1 3 1 0 0 0 3 4 3 0 0 1 0 3 3 4 3 3 3 3 2 1 4 2 3 1 2 2 1 1 0 2 0 2 4 3 2 2 1 2 4 0 1 0 0 0 2 3 0 0 1 0 2 1 3 1 3 0 0 0 0 3 4 4 4 3 4 2 1 3 4 3 
# knockout 87
0 1 3 3 3 0 4 2 0 3 0 2 0 0 0 0 1 3 0 0 0 0 1 1 1 4 2 1 1 3 1 0 0 0 4 4 3 0 0 1 0 3 3 3 3 3 4 3 2 1 4 3 3 1 2 2 1 1 0 1 0 2 4 3 2 2 1 2 4 0 1 0 0 0 2 3 0 0 1 0 2 0 3 1 3 4 0 0 0 3 4 4 3 3 3 2 1 3 4 3 
0 1 3 3 3 0 4 2 0 3 0 2 0 0 0 0 1 3 0 0 0 0 1 1 1 4 2 1 1 3 1 0 0 0 4 4 3 0 0 1 0 3 3 3 3 3 4 3 2 1 4 3 3 1 2 2 1 1 0 1 0 2 4 3 2 2 1 2 4 0 1 0 0 0 2 3 0 0 1 0 2 0 3 1 3 4 0 0 0 3 4 4 3 3 3 2 1 3 4 3 
# knockout 88
0 2 2 2 3 0 4 2 0 3 0 2 0 0 0 0 1 3 0 0 0 0 1 1 1 4 3 2 1 3 1 0 0 0 3 4 4 0 0 1 0 3 3 3 3 3 4 3 2 1 4 3 3 1 2 2 1 1 0 1 0 2 3 3 2 2 0 3 4 0 1 0 0 0 2 3 0 0 1 0 2 1 3 1 4 2 0 0 0 3 4 4 3 3 3 2 2 3 4 3 
0 2 2 2 3 0 4 2 0 3 0 2 0 0 0 0 1 3 0 0 0 0 1 1 1 4 3 2 1 3 1 0 0 0 3 4 4 0 0 1 0 3 3 3 3 3 4 3 2 1 4 3 3 1 2 2 1 1 0 1 0 2 3 3 2 2 0 3 4 0 1 0 0 0 2 3 0 0 1 0 2 1 3 1 4 2 0 0 0 3 4 4 3 3 3 2 2 3 4 3 
# knockout 89
0 2 3 2 3 0 4 2 0 3 0 2 0 0 0 0 1 3 0 0 0 0 1 1 1 4 3 2 1 3 0 0 0 0 2 4 3 0 0 1 0 4 3 3 3 3 3 3 2 1 4 3 3 2 2 2 1 1 0 1 0 2 4 3 2 2 1 2 4 0 1 0 0 0 2 3 0 0 1 0 2 0 3 0 3 3 0 0 0 4 3 4 3 3 3 2 0 3 4 4 
0 2 3 2 3 0 4 2 0 3 0 2 0 0 0 0 1 3 0 0 0 0 1 1 1 4 3 2 1 3 0 0 0 0 2 4 3 0 0 1 0 4 3 3 3 3 3 3 2 1 4 3 3 2 2 2 1 1 0 1 0 2 4 3 2 2 1 2 4 0 1 0 0 0 2 3 0 0 1 0 2 0 3 0 3 3 0 0 0 4 3 4 3 3 3 2 0 3 4 4 
# knockout 90
1 2 3 2 3 0 4 2 0 4 0 2 0 0 0 0 1 3 0 0 0 0 1 1 1 4 3 0 1 3 1 0 0 0 2 4 4 0 0 1 0 3 3 3 3 3 3 4 2 1 4 4 3 1 2 2 1 1 0 1 0 2 4 3 3 2 0 2 4 4 1 0 0 0 2 3 0 0 1 0 2 0 3 1 3 3 0 0 0 0 4 4 3 3 3 2 1 3 4 3 
1 2 3 2 3 0 4 2 0 4 0 2 0 0 0 0 1 3 0 0 0 0 1 1 1 4 3 0 1 3 1 0 0 0 2 4 4 0 0 1 0 3 3 3 3 3 3 4 2 1 4 4 3 1 2 2 1 1 0 1 0 2 4 3 3 2 0 2 4 4 1 0 0 0 2 3 0 0 1 0 2 0 3 1 3 3 0 0 0 0 4 4 3 3 3 2 1 3 4 3 
# knockout 91
0 3 3 2 3 0 4 2 0 3 0 2 0 0 0 0 1 3 0 0 0 0 0 1 1 3 3 3 1 3 1 0 1 0 2 4 3 0 0 1 0 3 3 4 3 3 3 3 2 0 4 3 3 1 2 2 1 1 0 1 0 2 4 3 3 2 0 2 4 0 1 0 0 0 2 3 0 0 1 0 2 0 3 1 3 3 0 0 0 3 0 0 3 3 3 2 1 3 4 3 
0 3 3 2 3 0 4 2 0 3 0 2 0 0 0 0 1 3 0 0 0 0 0 1 1 3 3 3 1 3 1 0 1 0 2 4 3 0 0 1 0 3 3 4 3 3 3 3 2 0 4 3 3 1 2 2 1 1 0 1 0 2 4 3 3 2 0 2 4 0 1 0 0 0 2 3 0 0 1 0 2 0 3 1 3 3 0 0 0 3 0 0 3 3 3 2 1 3 4 3 
# knockout 92
0 2 3 2 3 0 4 2 0 3 0 2 0 0 0 0 1 3 0 0 0 0 1 1 1 4 3 4 1 3 0 0 0 0 2 4 4 0 0 1 0 3 3 3 3 3 3 3 2 1 4 3 3 1 2 2 1 1 0 1 0 2 4 3 3 2 1 2 4 0 1 0 0 0 2 3 0 0 1 0 2 0 3 1 3 3 0 0 0 3 4 0 3 3 3 2 1 3 4 4 
0 2 3 2 3 0 4 2 0 3 0 2 0 0 0 0 1 3 0 0 0 0 1 1 1 4 3 4 1 3 0 0 0 0 2 4 4 0 0 1 0 3 3 3 3 3 3 3 2 1 4 3 3 1 2 2 1 1 0 1 0 2 4 3 3 2 1 2 4 0 1 0 0 0 2 3 0 0 1 0 2 0 3 1 3 3 0 0 0 3 4 0 3 3 3 2 1 3 4 4 
# knockout 93
0 3 2 2 3 0 4 2 0 3 0 2 0 0 0 0 2 3 0 0 0 0 0 0 1 4 3 2 1 2 0 0 0 0 2 4 3 0 0 1 0 3 3 3 3 3 4 4 2 1 4 3 3 1 2 2 1 2 0 1 0 2 4 3 2 2 1 2 4 0 1 0 0 0 2 3 0 0 1 0 2 0 3 0 3 3 0 0 0 3 4 4 0 0 1 2 1 3 4 3 
0 3 2 2 3 0 4 2 0 3 0 2 0 0 0 0 2 3 0 0 0 0 0 0 1 4 3 2 1 2 0 0 0 0 2 4 3 0 0 1 0 3 3 3 3 3 4 4 2 1 4 3 3 1 2 2 1 2 0 1 0 2 4 3 2 2 1 2 4 0 1 0 0 0 2 3 0 0 1 0 2 0 3 0 3 3 0 0 0 3 4 4 0 0 1 2 1 3 4 3 
# knockout 94
1 2 3 2 3 0 4 2 0 3 0 2 0 0 0 0 1 3 0 0 0 0 1 1 1 4 3 2 0 2 1 0 0 0 2 4 3 0 0 1 0 3 3 3 3 3 3 3 2 1 4 3 3 1 2 2 1 1 0 1 0 2 4 3 2 2 1 2 4 0 1 0 0 0 2 4 0 0 1 0 2 0 3 0 3 3 0 0 0 3 4 4 4 0 3 2 1 3 4 3 
1 2 3 2 3 0 4 2 0 3 0 2 0 0 0 0 1 3 0 0 0 0 1 1 1 4 3 2 0 2 1 0 0 0 2 4 3 0 0 1 0 3 3 3 3 3 3 3 2 1 4 3 3 1 2 2 1 1 0 1 0 2 4 3 2 2 1 2 4 0 1 0 0 0 2 4 0 0 1 0 2 0 3 0 3 3 0 0 0 3 4 4 4 0 3 2 1 3 4 3 
# knockout 95
0 2 3 2 3 0 4 2 0 3 0 2 0 0 0 0 1 2 0 0 0 0 1 1 1 3 3 2 1 3 1 0 0 0 2 4 3 0 0 1 0 3 3 3 3 3 3 3 2 1 4 3 2 1 2 2 1 1 0 1 0 2 4 3 2 2 1 2 4 0 1 0 0 0 2 3 0 0 1 0 2 0 3 1 2 3 0 0 0 3 4 4 3 2 0 2 1 3 4 3 
0 2 3 2 3 0 4 2 0 3 0 2 0 0 0 0 1 2 0 0 0 0 1 1 1 3 3 2 1 3 1 0 0 0 2 4 3 0 0 1 0 3 3 3 3 3 3 3 2 1 4 3 2 1 2 2 1 1 0 1 0 2 4 3 2 2 1 2 4 0 1 0 0 0 2 3 0 0 1 0 2 0 3 1 2 3 0 0 0 3 4 4 3 2 0 2 1 3 4 3 
# knockout 96
0 1 3 2 4 0 4 2 0 3 0 2 0 0 0 0 1 3 0 0 4 1 1 1 1 4 3 2 1 3 1 0 2 0 2 4 3 0 0 2 0 4 3 3 3 3 3 3 2 1 4 3 2 1 2 2 1 1 0 1 0 3 4 3 2 1 1 2 4 0 1 0 0 0 2 3 0 1 1 0 2 0 3 0 3 3 0 0 0 3 4 4 3 3 3 0 4 3 4 3 
0 1 3 2 4 0 4 2 0 3 0 2 0 0 0 0 1 3 0 0 4 1 1 1 1 4 3 2 1 3 1 0 2 0 2 4 3 0 0 2 0 4 3 3 3 3 3 3 2 1 4 3 2 1 2 2 1 1 0 1 0 3 4 3 2 1 1 2 4 0 1 0 0 0 2 3 0 1 1 0 2 0 3 0 3 3 0 0 0 3 4 4 3 3 3 0 4 3 4 3 
# knockout 97
0 2 3 2 3 0 3 2 0 3 0 2 0 0 0 0 1 4 0 0 0 0 1 1 1 4 3 2 1 3 0 0 0 0 2 4 4 0 0 1 0 3 3 3 3 3 4 4 3 1 4 3 3 1 2 2 1 2 0 1 0 2 4 3 3 2 1 2 4 0 1 0 0 0 2 3 0 0 1 0 2 0 3 1 3 3 0 0 0 3 4 4 3 3 3 4 0 3 4 3 
0 2 3 2 3 0 3 2 0 3 0 2 0 0 0 0 1 4 0 0 0 0 1 1 1 4 3 2 1 3 0 0 0 0 2 4 4 0 0 1 0 3 3 3 3 3 4 4 3 1 4 3 3 1 2 2 1 2 0 1 0 2 4 3 3 2 1 2 4 0 1 0 0 0 2 3 0 0 1 0 2 0 3 1 3 3 0 0 0 3 4 4 3 3 3 4 0 3 4 3 
# knockout 98
0 2 2 2 3 0 4 2 0 3 0 1 0 0 0 0 1 4 0 0 0 0 0 1 1 4 3 2 1 3 1 0 0 0 2 4 3 0 0 1 0 3 3 3 3 3 4 3 2 0 4 3 3 1 2 2 1 2 0 1 0 3 4 3 3 2 1 2 4 0 1 0 0 0 2 3 0 0 1 0 2 1 3 1 3 3 0 0 0 3 4 4 4 3 3 2 1 0 0 3 
0 2 2 2 3 0 4 2 0 3 0 1 0 0 0 0 1 4 0 0 0 0 0 1 1 4 3 2 1 3 1 0 0 0 2 4 3 0 0 1 0 3 3 3 3 3 4 3 2 0 4 3 3 1 2 2 1 2 0 1 0 3 4 3 3 2 1 2 4 0 1 0 0 0 2 3 0 0 1 0 2 1 3 1 3 3 0 0 0 3 4 4 4 3 3 2 1 0 0 3 
# knockout 99
0 2 3 2 3 0 4 2 0 3 0 3 0 0 0 0 1 4 0 0 0 0 1 1 1 4 2 2 1 3 0 0 1 0 2 4 3 0 0 1 0 3 3 2 3 3 3 3 2 1 4 3 3 1 2 2 1 2 0 1 0 2 4 3 3 2 2 2 4 0 1 0 0 0 2 3 0 0 1 0 1 0 3 1 3 3 0 0 0 3 4 4 4 3 3 2 1 3 0 2 
0 2 3 2 3 0 4 2 0 3 0 3 0 0 0 0 1 4 0 0 0 0 1 1 1 4 2 2 1 3 0 0 1 0 2 4 3 0 0 1 0 3 3 2 3 3 3 3 2 1 4 3 3 1 2 2 1 2 0 1 0 2 4 3 3 2 2 2 4 0 1 0 0 0 2 3 0 0 1 0 1 0 3 1 3 3 0 0 0 3 4 4 4 3 3 2 1 3 0 2 
# knockout 100
0 2 3 2 3 0 4 2 0 3 0 2 0 0 0 0 1 3 0 0 0 0 1 1 1 4 3 2 0 3 0 0 0 0 2 3 3 0 0 1 0 3 2 3 3 3 3 3 3 1 4 3 3 1 2 2 0 2 0 1 0 2 4 3 3 2 1 2 4 0 1 0 0 0 2 3 0 0 1 0 2 0 3 1 3 3 0 0 0 3 4 4 3 3 3 2 1 3 4 0 
0 2 3 2 3 0 4 2 0 3 0 2 0 0 0 0 1 3 0 0 0 0 1 1 1 4 3 2 0 3 0 0 0 0 2 3 3 0 0 1 0 3 2 3 3 3 3 3 3 1 4 3 3 1 2 2 0 2 0 1 0 2 4 3 3 2 1 2 4 0 1 0 0 0 2 3 0 0 1 0 2 0 3 1 3 3 0 0 0 3 4 4 3 3 3 2 1 3 4 0 
