# knockout 1
0 3 1 2 3 3 1 4 3 3 
0 3 1 2 3 3 1 4 3 3 
# knockout 2
2 0 4 1 3 3 1 4 3 3 
2 0 4 1 3 3 1 4 3 3 
# knockout 3
2 0 0 4 3 3 1 4 3 3 
2 0 0 4 3 3 1 4 3 3 
# knockout 4
0 2 1 0 4 4 2 3 3 4 
0 2 1 0 4 4 2 3 3 4 
# knockout 5
3 0 4 1 0 3 1 3 3 3 
3 0 4 1 0 3 1 3 3 3 
# knockout 6
1 1 4 1 3 0 4 3 3 4 
1 1 4 1 3 0 4 3 3 4 
# knockout 7
4 0 3 1 3 3 0 4 3 3 
4 0 3 1 3 3 0 4 3 3 
# knockout 8
2 0 2 1 3 0 2 0 3 4 
2 0 2 1 3 0 2 0 3 4 
# knockout 9
2 0 4 1 3 4 1 4 0 2 
2 0 4 1 3 4 1 4 0 2 
# knockout 10
2 0 4 1 3 3 1 4 0 0 
2 0 4 1 3 3 1 4 0 0 
