# knockout 1
0 4 4 0 4 1 0 4 3 4 3 4 1 1 3 2 4 2 0 0 3 1 4 2 0 0 1 3 2 3 3 3 1 3 4 1 1 3 3 2 2 2 1 4 3 0 1 3 2 1 2 4 2 3 4 0 3 4 3 3 3 3 2 1 1 3 2 2 1 1 1 1 0 2 2 1 0 1 3 1 3 0 3 2 3 4 1 3 4 3 1 2 3 3 4 4 1 3 4 3 
0 4 4 0 4 1 0 4 3 4 3 4 1 1 3 2 4 2 0 0 3 1 4 2 0 0 1 3 2 3 3 3 1 3 4 1 1 3 3 2 2 2 1 4 3 0 1 3 2 1 2 4 2 3 4 0 3 4 3 3 3 3 2 1 1 3 2 2 1 1 1 1 0 2 2 1 0 1 3 1 3 0 3 2 3 4 1 3 4 3 1 2 3 3 4 4 1 3 4 3 
# knockout 2
3 0 2 3 2 3 3 0 2 1 3 3 3 1 3 2 2 1 1 3 2 0 3 2 0 0 1 3 2 3 3 4 1 3 4 1 2 3 3 2 0 1 1 4 2 0 1 3 2 3 1 4 0 3 3 0 3 4 4 3 3 3 2 1 1 3 1 2 1 0 1 0 0 2 2 1 0 1 3 1 2 0 4 1 2 3 1 3 4 3 1 2 2 3 4 4 1 3 2 3 
3 0 2 3 2 3 3 0 2 1 3 3 3 1 3 2 2 1 1 3 2 0 3 2 0 0 1 3 2 3 3 4 1 3 4 1 2 3 3 2 0 1 1 4 2 0 1 3 2 3 1 4 0 3 3 0 3 4 4 3 3 3 2 1 1 3 1 2 1 0 1 0 0 2 2 1 0 1 3 1 2 0 4 1 2 3 1 3 4 3 1 2 2 3 4 4 1 3 2 3 
# knockout 3
3 0 0 3 2 3 3 0 2 1 3 3 3 1 3 1 2 2 1 3 2 0 4 2 0 0 1 3 2 3 3 2 1 3 4 1 2 3 3 2 0 1 2 4 3 0 2 4 2 3 1 4 0 3 4 1 2 4 3 3 3 3 2 1 0 3 1 2 1 1 1 0 0 2 2 1 0 1 3 0 2 1 3 1 2 3 1 3 4 3 1 2 2 3 4 4 0 3 3 3 
3 0 0 3 2 3 3 0 2 1 3 3 3 1 3 1 2 2 1 3 2 0 4 2 0 0 1 3 2 3 3 2 1 3 4 1 2 3 3 2 0 1 2 4 3 0 2 4 2 3 1 4 0 3 4 1 2 4 3 3 3 3 2 1 0 3 1 2 1 1 1 0 0 2 2 1 0 1 3 0 2 1 3 1 2 3 1 3 4 3 1 2 2 3 4 4 0 3 3 3 
# knockout 4
3 0 3 0 1 3 4 0 2 1 3 3 3 1 3 1 2 2 1 3 2 0 4 2 0 0 1 3 2 3 3 4 1 4 4 1 2 3 3 3 0 1 2 4 3 0 0 3 3 3 1 4 0 3 4 0 2 4 2 3 2 3 2 1 0 3 1 2 1 1 1 0 0 2 2 1 0 1 3 1 2 0 3 1 3 3 1 3 4 3 1 2 3 3 3 4 2 3 3 3 
3 0 3 0 1 3 4 0 2 1 3 3 3 1 3 1 2 2 1 3 2 0 4 2 0 0 1 3 2 3 3 4 1 4 4 1 2 3 3 3 0 1 2 4 3 0 0 3 3 3 1 4 0 3 4 0 2 4 2 3 2 3 2 1 0 3 1 2 1 1 1 0 0 2 2 1 0 1 3 1 2 0 3 1 3 3 1 3 4 3 1 2 3 3 3 4 2 3 3 3 
# knockout 5
0 4 3 0 0 3 1 4 2 3 4 3 4 3 3 3 2 2 1 0 0 0 4 2 0 0 1 3 2 3 3 3 1 3 0 1 2 3 3 3 0 1 3 0 3 0 1 3 4 4 0 4 0 1 0 4 1 0 1 3 2 4 2 1 0 3 2 2 1 1 1 0 0 2 2 1 0 1 3 2 2 0 3 0 2 3 1 3 3 3 1 2 2 3 4 4 1 3 3 3 
0 4 3 0 0 3 1 4 2 3 4 3 4 3 3 3 2 2 1 0 0 0 4 2 0 0 1 3 2 3 3 3 1 3 0 1 2 3 3 3 0 1 3 0 3 0 1 3 4 4 0 4 0 1 0 4 1 0 1 3 2 4 2 1 0 3 2 2 1 1 1 0 0 2 2 1 0 1 3 2 2 0 3 0 2 3 1 3 3 3 1 2 2 3 4 4 1 3 3 3 
# knockout 6
3 0 3 3 2 0 3 0 2 1 3 2 3 0 3 1 2 1 1 3 2 0 4 3 0 0 1 4 2 4 3 2 1 3 4 2 2 3 3 2 0 1 2 4 3 0 1 3 1 3 1 4 0 3 3 0 2 4 2 3 3 3 2 1 2 3 1 2 1 1 1 1 0 2 2 1 0 1 3 1 2 0 4 0 3 2 1 3 4 3 1 2 3 3 4 4 1 3 3 3 
3 0 3 3 2 0 3 0 2 1 3 2 3 0 3 1 2 1 1 3 2 0 4 3 0 0 1 4 2 4 3 2 1 3 4 2 2 3 3 2 0 1 2 4 3 0 1 3 1 3 1 4 0 3 3 0 2 4 2 3 3 3 2 1 2 3 1 2 1 1 1 1 0 2 2 1 0 1 3 1 2 0 4 0 3 2 1 3 4 3 1 2 3 3 4 4 1 3 3 3 
# knockout 7
3 0 3 3 2 3 0 0 1 1 3 3 3 1 3 2 2 2 1 3 2 0 4 2 0 0 1 3 1 3 3 2 1 3 4 2 2 3 3 2 0 1 2 4 3 0 1 3 1 3 1 4 0 3 3 0 2 4 1 4 3 3 2 0 1 3 2 2 1 1 1 2 1 3 2 2 0 1 3 1 3 1 4 1 2 3 1 3 4 3 1 2 2 3 4 4 1 3 3 3 
3 0 3 3 2 3 0 0 1 1 3 3 3 1 3 2 2 2 1 3 2 0 4 2 0 0 1 3 1 3 3 2 1 3 4 2 2 3 3 2 0 1 2 4 3 0 1 3 1 3 1 4 0 3 3 0 2 4 1 4 3 3 2 0 1 3 2 2 1 1 1 2 1 3 2 2 0 1 3 1 3 1 4 1 2 3 1 3 4 3 1 2 2 3 4 4 1 3 3 3 
# knockout 8
2 0 2 3 2 3 3 0 2 1 3 3 3 1 4 1 1 2 1 3 2 0 4 2 0 0 1 3 2 4 3 3 1 4 4 2 2 3 3 2 0 0 3 4 2 0 1 3 2 3 0 4 0 3 4 0 2 4 2 3 3 3 2 1 1 2 1 2 1 0 1 0 0 2 2 1 0 1 3 1 2 1 3 1 1 3 1 3 4 2 1 2 2 3 4 4 1 3 3 4 
2 0 2 3 2 3 3 0 2 1 3 3 3 1 4 1 1 2 1 3 2 0 4 2 0 0 1 3 2 4 3 3 1 4 4 2 2 3 3 2 0 0 3 4 2 0 1 3 2 3 0 4 0 3 4 0 2 4 2 3 3 3 2 1 1 2 1 2 1 0 1 0 0 2 2 1 0 1 3 1 2 1 3 1 1 3 1 3 4 2 1 2 2 3 4 4 1 3 3 4 
# knockout 9
3 0 2 3 2 3 4 0 0 1 3 3 2 1 3 1 2 2 1 3 2 0 3 2 0 0 1 3 3 3 3 3 1 3 4 1 2 3 3 2 0 1 2 4 2 0 1 3 2 3 1 4 0 3 4 0 2 4 1 3 2 3 1 1 1 2 1 2 1 1 1 0 0 2 2 1 0 1 3 1 2 0 4 0 2 3 1 3 4 3 1 2 2 3 4 4 1 3 3 3 
3 0 2 3 2 3 4 0 0 1 3 3 2 1 3 1 2 2 1 3 2 0 3 2 0 0 1 3 3 3 3 3 1 3 4 1 2 3 3 2 0 1 2 4 2 0 1 3 2 3 1 4 0 3 4 0 2 4 1 3 2 3 1 1 1 2 1 2 1 1 1 0 0 2 2 1 0 1 3 1 2 0 4 0 2 3 1 3 4 3 1 2 2 3 4 4 1 3 3 3 
# knockout 10
3 0 2 3 2 3 3 0 2 0 3 3 3 1 3 1 2 2 1 3 2 0 4 2 0 0 1 3 2 3 3 3 1 3 4 1 3 3 3 2 0 1 2 4 2 0 1 3 2 3 1 4 0 3 4 0 2 4 2 3 3 3 2 1 1 3 2 2 1 0 1 0 0 2 2 1 0 3 3 1 2 1 3 1 2 3 1 3 4 3 1 2 3 4 4 4 1 3 3 4 
3 0 2 3 2 3 3 0 2 0 3 3 3 1 3 1 2 2 1 3 2 0 4 2 0 0 1 3 2 3 3 3 1 3 4 1 3 3 3 2 0 1 2 4 2 0 1 3 2 3 1 4 0 3 4 0 2 4 2 3 3 3 2 1 1 3 2 2 1 0 1 0 0 2 2 1 0 3 3 1 2 1 3 1 2 3 1 3 4 3 1 2 3 4 4 4 1 3 3 4 
# knockout 11
3 0 3 3 2 3 3 0 2 1 0 3 3 1 3 2 2 2 1 3 2 0 4 2 0 0 1 3 2 3 3 3 1 3 4 1 2 3 3 2 0 1 2 4 3 0 1 3 1 3 1 4 0 3 4 0 2 3 1 3 2 3 2 1 1 3 1 2 1 1 1 0 0 2 2 1 0 1 3 1 2 0 3 0 2 3 1 3 4 3 1 2 2 3 4 4 1 3 3 3 
3 0 3 3 2 3 3 0 2 1 0 3 3 1 3 2 2 2 1 3 2 0 4 2 0 0 1 3 2 3 3 3 1 3 4 1 2 3 3 2 0 1 2 4 3 0 1 3 1 3 1 4 0 3 4 0 2 3 1 3 2 3 2 1 1 3 1 2 1 1 1 0 0 2 2 1 0 1 3 1 2 0 3 0 2 3 1 3 4 3 1 2 2 3 4 4 1 3 3 3 
# knockout 12
3 0 2 3 2 3 3 0 2 1 3 0 3 1 3 1 2 2 1 3 2 0 4 2 0 0 0 3 2 3 3 3 0 3 4 2 2 3 4 2 0 1 2 4 3 0 1 3 3 3 1 4 0 2 4 1 2 4 2 3 3 3 2 1 1 3 1 2 1 1 1 0 0 2 2 1 0 1 3 1 2 0 3 1 2 3 1 3 4 3 1 2 3 3 4 4 1 3 3 3 
3 0 2 3 2 3 3 0 2 1 3 0 3 1 3 1 2 2 1 3 2 0 4 2 0 0 0 3 2 3 3 3 0 3 4 2 2 3 4 2 0 1 2 4 3 0 1 3 3 3 1 4 0 2 4 1 2 4 2 3 3 3 2 1 1 3 1 2 1 1 1 0 0 2 2 1 0 1 3 1 2 0 3 1 2 3 1 3 4 3 1 2 3 3 4 4 1 3 3 3 
# knockout 13
3 0 2 3 2 3 3 0 2 1 3 3 0 1 3 1 2 2 1 4 2 0 4 3 0 0 1 3 2 3 3 3 1 3 4 1 3 3 3 2 0 1 3 4 3 0 1 3 2 3 1 4 0 3 4 0 2 4 2 3 3 3 2 1 1 3 1 2 2 1 1 0 0 2 2 1 0 1 3 1 3 1 3 1 2 3 1 3 4 3 1 1 2 4 4 4 1 3 3 3 
3 0 2 3 2 3 3 0 2 1 3 3 0 1 3 1 2 2 1 4 2 0 4 3 0 0 1 3 2 3 3 3 1 3 4 1 3 3 3 2 0 1 3 4 3 0 1 3 2 3 1 4 0 3 4 0 2 4 2 3 3 3 2 1 1 3 1 2 2 1 1 0 0 2 2 1 0 1 3 1 3 1 3 1 2 3 1 3 4 3 1 1 2 4 4 4 1 3 3 3 
# knockout 14
3 0 3 3 2 3 3 1 2 1 3 3 3 0 3 2 2 1 1 3 2 0 4 2 0 0 1 3 3 3 3 3 2 3 4 1 2 2 3 2 0 1 2 4 2 0 1 3 2 3 1 4 0 3 4 0 2 3 2 3 3 3 2 1 1 3 1 2 1 0 1 0 0 2 2 1 0 1 3 1 2 1 3 1 2 3 1 3 4 3 1 2 3 3 4 4 1 3 3 3 
3 0 3 3 2 3 3 1 2 1 3 3 3 0 3 2 2 1 1 3 2 0 4 2 0 0 1 3 3 3 3 3 2 3 4 1 2 2 3 2 0 1 2 4 2 0 1 3 2 3 1 4 0 3 4 0 2 3 2 3 3 3 2 1 1 3 1 2 1 0 1 0 0 2 2 1 0 1 3 1 2 1 3 1 2 3 1 3 4 3 1 2 3 3 4 4 1 3 3 3 
# knockout 15
3 0 2 3 2 3 2 1 3 1 3 4 3 1 0 1 2 2 1 3 2 0 3 3 0 0 1 3 4 3 3 2 1 3 4 1 2 3 3 1 0 1 2 4 3 0 1 3 2 3 1 4 0 3 4 0 2 4 2 3 3 3 2 1 1 3 1 2 1 1 1 0 0 2 2 1 0 0 3 1 3 1 3 1 2 3 1 2 4 3 1 2 3 4 4 3 1 3 3 3 
3 0 2 3 2 3 2 1 3 1 3 4 3 1 0 1 2 2 1 3 2 0 3 3 0 0 1 3 4 3 3 2 1 3 4 1 2 3 3 1 0 1 2 4 3 0 1 3 2 3 1 4 0 3 4 0 2 4 2 3 3 3 2 1 1 3 1 2 1 1 1 0 0 2 2 1 0 0 3 1 3 1 3 1 2 3 1 2 4 3 1 2 3 4 4 3 1 3 3 3 
# knockout 16
3 0 2 3 2 3 3 0 2 1 3 3 3 1 3 0 2 2 1 3 2 0 4 2 0 0 1 3 1 3 3 3 0 3 4 1 2 3 3 2 0 0 3 4 2 0 1 3 2 3 1 4 0 3 4 0 2 3 2 4 3 3 2 1 1 3 1 2 2 1 1 0 0 2 2 1 0 1 3 1 2 0 3 1 2 2 1 3 4 2 1 2 2 3 4 4 1 3 3 3 
3 0 2 3 2 3 3 0 2 1 3 3 3 1 3 0 2 2 1 3 2 0 4 2 0 0 1 3 1 3 3 3 0 3 4 1 2 3 3 2 0 0 3 4 2 0 1 3 2 3 1 4 0 3 4 0 2 3 2 4 3 3 2 1 1 3 1 2 2 1 1 0 0 2 2 1 0 1 3 1 2 0 3 1 2 2 1 3 4 2 1 2 2 3 4 4 1 3 3 3 
# knockout 17
3 0 2 3 2 3 3 0 2 1 3 3 3 1 3 1 0 2 1 4 2 0 4 2 0 0 1 3 2 3 3 3 1 4 4 1 2 3 3 2 0 1 3 4 3 0 1 3 2 3 1 4 0 3 4 0 2 4 2 3 3 3 2 1 1 3 1 2 1 1 1 0 0 2 2 1 0 1 3 1 2 1 3 1 2 3 1 3 4 3 1 2 2 4 4 4 1 3 3 3 
3 0 2 3 2 3 3 0 2 1 3 3 3 1 3 1 0 2 1 4 2 0 4 2 0 0 1 3 2 3 3 3 1 4 4 1 2 3 3 2 0 1 3 4 3 0 1 3 2 3 1 4 0 3 4 0 2 4 2 3 3 3 2 1 1 3 1 2 1 1 1 0 0 2 2 1 0 1 3 1 2 1 3 1 2 3 1 3 4 3 1 2 2 4 4 4 1 3 3 3 
# knockout 18
3 0 2 3 2 3 3 0 4 1 3 3 3 1 3 1 2 0 1 3 3 0 4 2 0 0 1 3 2 3 3 3 1 3 4 1 2 3 3 2 0 0 2 4 3 0 2 3 2 3 1 4 0 3 4 0 2 4 2 3 3 3 1 1 2 3 1 2 1 1 1 0 0 2 2 1 0 2 3 1 2 1 3 1 2 3 1 2 3 3 1 2 2 3 4 4 1 3 3 3 
3 0 2 3 2 3 3 0 4 1 3 3 3 1 3 1 2 0 1 3 3 0 4 2 0 0 1 3 2 3 3 3 1 3 4 1 2 3 3 2 0 0 2 4 3 0 2 3 2 3 1 4 0 3 4 0 2 4 2 3 3 3 1 1 2 3 1 2 1 1 1 0 0 2 2 1 0 2 3 1 2 1 3 1 2 3 1 2 3 3 1 2 2 3 4 4 1 3 3 3 
# knockout 19
3 0 2 2 2 3 3 0 2 1 3 3 3 1 3 1 1 2 0 4 1 0 4 2 0 0 1 3 2 3 3 3 1 3 4 1 2 3 3 2 0 1 2 4 3 0 1 3 2 3 1 4 0 2 4 0 2 4 2 3 3 4 2 1 1 3 1 2 1 1 1 0 0 1 2 1 0 1 3 1 2 0 3 1 2 3 1 3 4 3 1 2 2 3 4 4 1 3 3 3 
3 0 2 2 2 3 3 0 2 1 3 3 3 1 3 1 1 2 0 4 1 0 4 2 0 0 1 3 2 3 3 3 1 3 4 1 2 3 3 2 0 1 2 4 3 0 1 3 2 3 1 4 0 2 4 0 2 4 2 3 3 4 2 1 1 3 1 2 1 1 1 0 0 1 2 1 0 1 3 1 2 0 3 1 2 3 1 3 4 3 1 2 2 3 4 4 1 3 3 3 
# knockout 20
3 0 2 3 2 3 3 0 2 1 3 4 3 1 3 1 2 2 1 0 2 0 4 3 0 0 1 3 2 3 3 3 1 2 4 1 2 3 3 3 0 1 3 4 3 0 1 3 3 3 1 4 0 3 3 0 2 3 2 3 3 3 1 1 1 3 1 2 1 1 1 0 0 2 2 1 0 1 3 1 2 0 3 1 2 3 1 3 4 3 1 2 3 3 4 4 1 3 3 3 
3 0 2 3 2 3 3 0 2 1 3 4 3 1 3 1 2 2 1 0 2 0 4 3 0 0 1 3 2 3 3 3 1 2 4 1 2 3 3 3 0 1 3 4 3 0 1 3 3 3 1 4 0 3 3 0 2 3 2 3 3 3 1 1 1 3 1 2 1 1 1 0 0 2 2 1 0 1 3 1 2 0 3 1 2 3 1 3 4 3 1 2 3 3 4 4 1 3 3 3 
# knockout 21
3 0 2 3 2 3 3 0 2 1 3 3 3 1 3 1 2 2 1 3 0 0 3 2 0 0 1 3 2 3 3 4 2 3 4 1 2 3 3 2 0 0 2 4 3 0 1 3 2 3 1 4 0 3 4 0 2 3 2 3 3 3 2 1 0 2 2 2 1 1 1 0 0 3 2 2 0 1 3 1 2 0 4 0 2 3 1 3 4 3 1 2 2 3 3 4 1 3 2 3 
3 0 2 3 2 3 3 0 2 1 3 3 3 1 3 1 2 2 1 3 0 0 3 2 0 0 1 3 2 3 3 4 2 3 4 1 2 3 3 2 0 0 2 4 3 0 1 3 2 3 1 4 0 3 4 0 2 3 2 3 3 3 2 1 0 2 2 2 1 1 1 0 0 3 2 2 0 1 3 1 2 0 4 0 2 3 1 3 4 3 1 2 2 3 3 4 1 3 2 3 
# knockout 22
4 0 2 3 2 3 3 0 2 1 3 3 3 1 3 1 2 2 1 3 3 0 4 3 0 0 1 3 2 3 3 3 1 3 4 1 2 3 3 2 0 2 2 4 3 0 1 3 2 3 1 4 0 3 4 0 2 4 2 3 3 3 2 1 1 3 1 2 2 1 1 1 0 3 2 1 0 1 4 1 3 1 3 1 2 3 1 3 4 3 1 2 2 4 4 4 1 3 3 3 
4 0 2 3 2 3 3 0 2 1 3 3 3 1 3 1 2 2 1 3 3 0 4 3 0 0 1 3 2 3 3 3 1 3 4 1 2 3 3 2 0 2 2 4 3 0 1 3 2 3 1 4 0 3 4 0 2 4 2 3 3 3 2 1 1 3 1 2 2 1 1 1 0 3 2 1 0 1 4 1 3 1 3 1 2 3 1 3 4 3 1 2 2 4 4 4 1 3 3 3 
# knockout 23
3 0 2 3 2 3 4 0 2 1 3 3 3 1 3 1 2 2 1 3 2 0 0 0 0 1 2 3 3 3 3 3 1 3 4 1 2 3 3 2 0 1 2 4 3 0 1 3 2 3 1 4 0 3 4 0 2 3 2 3 3 3 2 1 1 3 1 2 1 1 1 0 0 2 1 1 0 1 3 1 2 1 3 1 2 3 1 3 4 3 1 2 2 3 3 4 1 3 3 3 
3 0 2 3 2 3 4 0 2 1 3 3 3 1 3 1 2 2 1 3 2 0 0 0 0 1 2 3 3 3 3 3 1 3 4 1 2 3 3 2 0 1 2 4 3 0 1 3 2 3 1 4 0 3 4 0 2 3 2 3 3 3 2 1 1 3 1 2 1 1 1 0 0 2 1 1 0 1 3 1 2 1 3 1 2 3 1 3 4 3 1 2 2 3 3 4 1 3 3 3 
# knockout 24
3 0 2 3 2 3 3 0 2 1 3 3 3 1 3 1 2 2 2 3 2 0 4 0 0 0 1 3 2 3 3 3 1 3 4 1 2 3 3 2 0 1 1 4 3 0 1 3 2 3 2 4 1 3 4 0 2 4 2 3 3 3 1 1 1 3 1 2 1 0 1 0 0 1 2 1 0 1 3 1 2 0 3 0 2 3 1 3 4 3 1 2 2 3 3 4 1 3 3 3 
3 0 2 3 2 3 3 0 2 1 3 3 3 1 3 1 2 2 2 3 2 0 4 0 0 0 1 3 2 3 3 3 1 3 4 1 2 3 3 2 0 1 1 4 3 0 1 3 2 3 2 4 1 3 4 0 2 4 2 3 3 3 1 1 1 3 1 2 1 0 1 0 0 1 2 1 0 1 3 1 2 0 3 0 2 3 1 3 4 3 1 2 2 3 3 4 1 3 3 3 
# knockout 25
3 0 2 3 2 3 3 0 2 1 3 3 3 1 3 1 2 2 1 4 2 0 4 2 0 0 1 3 2 3 2 3 1 2 4 1 2 3 3 1 0 1 2 3 3 0 1 3 2 3 2 4 0 3 4 0 2 3 2 3 3 3 2 1 1 3 1 2 1 1 0 0 0 1 2 1 0 1 3 1 2 1 3 1 2 3 1 3 4 3 1 2 3 3 4 4 1 3 2 3 
3 0 2 3 2 3 3 0 2 1 3 3 3 1 3 1 2 2 1 4 2 0 4 2 0 0 1 3 2 3 2 3 1 2 4 1 2 3 3 1 0 1 2 3 3 0 1 3 2 3 2 4 0 3 4 0 2 3 2 3 3 3 2 1 1 3 1 2 1 1 0 0 0 1 2 1 0 1 3 1 2 1 3 1 2 3 1 3 4 3 1 2 3 3 4 4 1 3 2 3 
# knockout 26
3 0 2 3 2 3 3 0 3 1 3 3 3 2 3 1 2 1 1 3 2 0 4 3 0 0 1 4 2 3 3 2 1 3 4 1 3 3 3 2 0 1 2 4 3 0 1 3 1 3 1 4 1 3 4 0 2 3 3 3 3 3 2 1 2 3 1 2 1 1 1 0 0 1 2 1 0 1 3 1 2 1 3 1 2 3 1 3 4 3 1 2 2 3 3 4 1 3 2 3 
3 0 2 3 2 3 3 0 3 1 3 3 3 2 3 1 2 1 1 3 2 0 4 3 0 0 1 4 2 3 3 2 1 3 4 1 3 3 3 2 0 1 2 4 3 0 1 3 1 3 1 4 1 3 4 0 2 3 3 3 3 3 2 1 2 3 1 2 1 1 1 0 0 1 2 1 0 1 3 1 2 1 3 1 2 3 1 3 4 3 1 2 2 3 3 4 1 3 2 3 
# knockout 27
2 0 2 3 2 3 3 0 2 1 3 3 3 1 3 1 2 2 1 3 2 0 4 2 0 0 0 2 2 3 3 3 1 3 4 1 2 3 4 2 0 1 3 4 3 0 1 3 3 3 1 4 0 3 4 0 2 4 2 3 3 3 2 1 1 3 1 2 0 1 1 0 0 2 2 1 0 1 3 1 2 1 3 1 2 3 1 3 4 3 1 2 2 3 3 4 1 3 4 3 
2 0 2 3 2 3 3 0 2 1 3 3 3 1 3 1 2 2 1 3 2 0 4 2 0 0 0 2 2 3 3 3 1 3 4 1 2 3 4 2 0 1 3 4 3 0 1 3 3 3 1 4 0 3 4 0 2 4 2 3 3 3 2 1 1 3 1 2 0 1 1 0 0 2 2 1 0 1 3 1 2 1 3 1 2 3 1 3 4 3 1 2 2 3 3 4 1 3 4 3 
# knockout 28
3 0 2 3 2 3 4 0 2 1 3 3 3 1 4 1 2 2 1 3 2 0 4 3 0 0 1 0 0 3 3 3 2 3 4 1 3 3 1 2 0 1 3 3 3 0 1 3 3 3 0 4 0 3 4 0 2 4 2 3 3 3 2 1 2 1 4 4 2 2 4 4 3 4 3 3 0 1 3 1 2 0 3 0 2 3 1 3 4 3 1 1 2 3 4 4 1 3 3 3 
3 0 2 3 2 3 4 0 2 1 3 3 3 1 4 1 2 2 1 3 2 0 4 3 0 0 1 0 0 3 3 3 2 3 4 1 3 3 1 2 0 1 3 3 3 0 1 3 3 3 0 4 0 3 4 0 2 4 2 3 3 3 2 1 2 1 4 4 2 2 4 4 3 4 3 3 0 1 3 1 2 0 3 0 2 3 1 3 4 3 1 1 2 3 4 4 1 3 3 3 
# knockout 29
3 0 2 3 2 3 3 0 2 1 3 4 3 1 2 1 2 2 1 3 3 0 4 2 0 0 1 3 0 4 3 3 4 4 4 2 4 3 1 4 0 1 2 0 3 4 1 3 2 3 1 4 0 3 4 0 2 4 2 3 3 3 2 1 1 0 4 4 3 4 4 4 4 4 2 4 0 1 3 1 2 0 3 1 2 3 1 3 4 3 1 2 2 3 4 4 1 3 3 3 
3 0 2 3 2 3 3 0 2 1 3 4 3 1 2 1 2 2 1 3 3 0 4 2 0 0 1 3 0 4 3 3 4 4 4 2 4 3 1 4 0 1 2 0 3 4 1 3 2 3 1 4 0 3 4 0 2 4 2 3 3 3 2 1 1 0 4 4 3 4 4 4 4 4 2 4 0 1 3 1 2 0 3 1 2 3 1 3 4 3 1 2 2 3 4 4 1 3 3 3 
# knockout 30
3 0 2 3 2 3 3 0 4 1 3 3 3 1 3 1 2 2 1 3 2 0 4 2 0 0 1 3 2 0 4 2 1 3 4 1 2 3 4 1 0 1 2 4 3 0 0 3 2 3 1 4 0 3 4 0 2 4 2 3 3 3 2 1 0 3 1 2 1 1 1 0 0 2 2 1 0 1 3 1 4 1 3 2 2 3 1 3 4 3 1 2 2 4 4 4 1 3 3 3 
3 0 2 3 2 3 3 0 4 1 3 3 3 1 3 1 2 2 1 3 2 0 4 2 0 0 1 3 2 0 4 2 1 3 4 1 2 3 4 1 0 1 2 4 3 0 0 3 2 3 1 4 0 3 4 0 2 4 2 3 3 3 2 1 0 3 1 2 1 1 1 0 0 2 2 1 0 1 3 1 4 1 3 2 2 3 1 3 4 3 1 2 2 4 4 4 1 3 3 3 
# knockout 31
4 0 2 3 2 3 3 0 3 1 3 3 3 1 3 1 2 2 1 3 2 0 4 2 0 0 1 4 2 3 0 3 1 3 4 1 2 3 3 2 0 1 2 4 3 0 1 3 2 3 1 4 0 3 4 0 2 3 2 4 3 3 1 1 2 3 1 2 2 1 1 0 0 2 2 1 0 1 3 1 3 0 4 1 2 3 1 3 4 3 1 2 2 3 4 3 1 3 2 3 
4 0 2 3 2 3 3 0 3 1 3 3 3 1 3 1 2 2 1 3 2 0 4 2 0 0 1 4 2 3 0 3 1 3 4 1 2 3 3 2 0 1 2 4 3 0 1 3 2 3 1 4 0 3 4 0 2 3 2 4 3 3 1 1 2 3 1 2 2 1 1 0 0 2 2 1 0 1 3 1 3 0 4 1 2 3 1 3 4 3 1 2 2 3 4 3 1 3 2 3 
# knockout 32
3 0 2 3 2 3 3 0 2 1 3 3 3 1 3 1 1 3 2 3 1 0 4 2 0 0 1 3 2 3 3 0 4 4 4 2 2 3 3 2 0 1 2 4 3 0 1 3 2 4 1 4 0 2 4 0 2 4 2 3 3 4 2 1 1 3 1 2 1 1 1 0 0 2 2 1 0 1 3 1 4 0 3 1 2 3 1 3 4 3 1 2 2 3 4 4 1 3 3 2 
3 0 2 3 2 3 3 0 2 1 3 3 3 1 3 1 1 3 2 3 1 0 4 2 0 0 1 3 2 3 3 0 4 4 4 2 2 3 3 2 0 1 2 4 3 0 1 3 2 4 1 4 0 2 4 0 2 4 2 3 3 4 2 1 1 3 1 2 1 1 1 0 0 2 2 1 0 1 3 1 4 0 3 1 2 3 1 3 4 3 1 2 2 3 4 4 1 3 3 2 
# knockout 33
3 0 3 3 2 3 3 0 2 2 3 3 3 1 3 2 2 2 1 3 2 0 4 2 0 0 1 4 2 3 3 3 0 4 4 1 2 3 3 2 0 1 3 4 3 0 1 3 2 3 2 4 0 3 3 0 2 4 3 3 3 3 1 1 1 3 1 2 1 1 1 0 0 2 2 1 0 1 3 1 2 1 3 1 2 3 1 3 4 3 1 2 3 3 4 4 1 3 4 3 
3 0 3 3 2 3 3 0 2 2 3 3 3 1 3 2 2 2 1 3 2 0 4 2 0 0 1 4 2 3 3 3 0 4 4 1 2 3 3 2 0 1 3 4 3 0 1 3 2 3 2 4 0 3 3 0 2 4 3 3 3 3 1 1 1 3 1 2 1 1 1 0 0 2 2 1 0 1 3 1 2 1 3 1 2 3 1 3 4 3 1 2 3 3 4 4 1 3 4 3 
# knockout 34
3 0 2 3 2 0 3 0 2 1 3 3 3 1 3 3 2 2 1 3 2 0 4 2 0 0 1 3 2 3 0 3 1 0 0 0 0 0 3 2 0 1 2 4 3 0 1 3 2 3 1 4 0 3 4 0 2 4 2 3 3 0 1 1 1 3 1 2 1 4 0 0 0 3 2 0 0 1 3 1 2 0 3 1 2 3 1 3 4 3 1 2 2 3 3 3 0 3 4 3 
3 0 2 3 2 0 3 0 2 1 3 3 3 1 3 3 2 2 1 3 2 0 4 2 0 0 1 3 2 3 0 3 1 0 0 0 0 0 3 2 0 1 2 4 3 0 1 3 2 3 1 4 0 3 4 0 2 4 2 3 3 0 1 1 1 3 1 2 1 4 0 0 0 3 2 0 0 1 3 1 2 0 3 1 2 3 1 3 4 3 1 2 2 3 3 3 0 3 4 3 
# knockout 35
3 0 2 2 2 3 3 0 2 1 3 3 3 1 3 1 1 2 1 3 1 0 4 2 0 0 1 3 2 3 3 2 1 4 0 1 2 3 3 2 0 1 4 4 3 0 1 3 2 3 2 4 0 3 4 0 2 4 2 3 3 3 2 1 1 3 1 2 1 1 1 0 0 2 2 1 0 1 3 1 2 0 3 0 2 2 1 2 4 3 1 2 2 4 4 4 0 3 2 3 
3 0 2 2 2 3 3 0 2 1 3 3 3 1 3 1 1 2 1 3 1 0 4 2 0 0 1 3 2 3 3 2 1 4 0 1 2 3 3 2 0 1 4 4 3 0 1 3 2 3 2 4 0 3 4 0 2 4 2 3 3 3 2 1 1 3 1 2 1 1 1 0 0 2 2 1 0 1 3 1 2 0 3 0 2 2 1 2 4 3 1 2 2 4 4 4 0 3 2 3 
# knockout 36
3 0 2 3 2 0 3 0 1 1 3 3 3 1 3 4 2 2 1 3 2 0 4 2 0 0 0 3 2 3 0 4 2 3 4 0 2 3 4 2 0 1 2 4 3 0 1 4 2 3 1 4 0 3 4 0 2 3 2 1 2 0 2 1 1 3 2 2 1 4 0 0 0 3 2 0 0 1 3 1 2 0 3 0 4 3 1 2 4 3 1 2 2 3 4 4 1 3 3 3 
3 0 2 3 2 0 3 0 1 1 3 3 3 1 3 4 2 2 1 3 2 0 4 2 0 0 0 3 2 3 0 4 2 3 4 0 2 3 4 2 0 1 2 4 3 0 1 4 2 3 1 4 0 3 4 0 2 3 2 1 2 0 2 1 1 3 2 2 1 4 0 0 0 3 2 0 0 1 3 1 2 0 3 0 4 3 1 2 4 3 1 2 2 3 4 4 1 3 3 3 
# knockout 37
3 0 2 3 2 3 3 0 2 1 3 3 3 1 3 1 2 2 1 3 2 0 4 3 0 0 1 3 2 3 3 3 1 3 4 1 0 3 3 2 0 1 2 4 3 0 1 3 2 3 1 4 0 3 4 0 2 4 2 3 3 3 2 1 1 3 1 2 1 1 1 0 0 2 1 1 0 1 3 2 2 1 3 1 2 3 1 3 4 3 1 2 2 3 4 4 1 3 3 3 
3 0 2 3 2 3 3 0 2 1 3 3 3 1 3 1 2 2 1 3 2 0 4 3 0 0 1 3 2 3 3 3 1 3 4 1 0 3 3 2 0 1 2 4 3 0 1 3 2 3 1 4 0 3 4 0 2 4 2 3 3 3 2 1 1 3 1 2 1 1 1 0 0 2 1 1 0 1 3 2 2 1 3 1 2 3 1 3 4 3 1 2 2 3 4 4 1 3 3 3 
# knockout 38
3 0 2 3 2 0 3 0 2 1 3 4 3 1 3 3 2 2 1 3 2 0 4 1 0 0 1 3 2 3 1 3 1 2 4 0 0 0 3 3 0 1 2 4 3 0 1 3 2 3 1 4 0 3 4 0 2 4 2 3 3 0 1 1 1 4 2 2 0 4 0 0 0 4 2 0 0 1 3 1 2 1 3 1 3 3 1 3 4 3 1 2 2 3 4 4 1 3 3 3 
3 0 2 3 2 0 3 0 2 1 3 4 3 1 3 3 2 2 1 3 2 0 4 1 0 0 1 3 2 3 1 3 1 2 4 0 0 0 3 3 0 1 2 4 3 0 1 3 2 3 1 4 0 3 4 0 2 4 2 3 3 0 1 1 1 4 2 2 0 4 0 0 0 4 2 0 0 1 3 1 2 1 3 1 3 3 1 3 4 3 1 2 2 3 4 4 1 3 3 3 
# knockout 39
3 0 2 3 2 2 3 0 2 1 3 3 3 1 3 1 2 2 1 3 2 0 4 3 0 0 1 3 2 3 3 3 1 3 4 1 3 3 0 1 0 1 2 4 3 0 1 3 2 3 1 4 0 3 4 0 2 3 2 3 3 2 2 1 1 3 1 2 1 1 1 0 0 2 2 1 0 1 3 1 2 0 3 1 2 3 1 3 4 3 1 2 2 4 4 4 1 3 4 3 
3 0 2 3 2 2 3 0 2 1 3 3 3 1 3 1 2 2 1 3 2 0 4 3 0 0 1 3 2 3 3 3 1 3 4 1 3 3 0 1 0 1 2 4 3 0 1 3 2 3 1 4 0 3 4 0 2 3 2 3 3 2 2 1 1 3 1 2 1 1 1 0 0 2 2 1 0 1 3 1 2 0 3 1 2 3 1 3 4 3 1 2 2 4 4 4 1 3 4 3 
# knockout 40
3 0 3 3 2 3 3 0 2 1 3 3 3 1 3 2 1 2 1 3 1 0 4 2 0 0 1 3 2 3 3 3 1 3 4 1 2 4 3 0 0 1 2 4 2 0 1 3 2 3 1 4 0 3 4 0 2 3 2 3 3 3 1 1 1 3 1 2 1 1 1 1 0 2 2 1 0 1 3 1 2 0 3 0 2 3 1 3 4 3 1 2 2 3 3 4 1 3 3 3 
3 0 3 3 2 3 3 0 2 1 3 3 3 1 3 2 1 2 1 3 1 0 4 2 0 0 1 3 2 3 3 3 1 3 4 1 2 4 3 0 0 1 2 4 2 0 1 3 2 3 1 4 0 3 4 0 2 3 2 3 3 3 1 1 1 3 1 2 1 1 1 1 0 2 2 1 0 1 3 1 2 0 3 0 2 3 1 3 4 3 1 2 2 3 3 4 1 3 3 3 
# knockout 41
3 0 2 2 2 3 3 0 2 1 3 3 3 1 3 1 2 2 2 3 1 0 4 2 0 0 1 3 2 3 3 3 1 3 4 1 2 3 3 2 0 1 2 4 3 0 1 3 2 3 1 4 0 3 3 0 2 4 2 3 2 3 2 1 1 3 1 2 1 1 1 0 0 2 2 1 0 1 3 2 2 0 4 0 2 3 1 3 4 3 1 2 2 3 4 4 1 3 3 3 
3 0 2 2 2 3 3 0 2 1 3 3 3 1 3 1 2 2 2 3 1 0 4 2 0 0 1 3 2 3 3 3 1 3 4 1 2 3 3 2 0 1 2 4 3 0 1 3 2 3 1 4 0 3 3 0 2 4 2 3 2 3 2 1 1 3 1 2 1 1 1 0 0 2 2 1 0 1 3 2 2 0 4 0 2 3 1 3 4 3 1 2 2 3 4 4 1 3 3 3 
# knockout 42
3 0 2 3 2 4 3 0 2 1 3 3 3 1 3 1 2 2 1 4 2 0 4 2 0 0 1 3 2 3 3 3 1 3 4 1 2 3 3 2 0 0 2 4 3 0 1 3 3 3 1 4 0 3 3 0 2 4 2 3 3 3 1 1 1 3 1 2 1 1 1 0 0 1 2 1 0 1 3 1 2 1 4 0 2 3 1 3 4 3 1 2 2 3 4 4 1 3 3 3 
3 0 2 3 2 4 3 0 2 1 3 3 3 1 3 1 2 2 1 4 2 0 4 2 0 0 1 3 2 3 3 3 1 3 4 1 2 3 3 2 0 0 2 4 3 0 1 3 3 3 1 4 0 3 3 0 2 4 2 3 3 3 1 1 1 3 1 2 1 1 1 0 0 1 2 1 0 1 3 1 2 1 4 0 2 3 1 3 4 3 1 2 2 3 4 4 1 3 3 3 
# knockout 43
3 0 2 3 2 3 3 0 2 1 3 3 3 1 3 1 2 2 1 3 2 0 4 2 0 0 1 3 2 3 3 2 1 3 4 1 2 3 3 3 0 1 0 4 3 0 1 3 2 3 2 4 1 4 4 0 2 3 2 3 3 2 2 1 1 3 1 2 1 1 1 0 0 2 2 1 0 1 3 1 2 0 3 0 2 3 1 3 4 2 1 2 2 3 4 4 1 3 3 3 
3 0 2 3 2 3 3 0 2 1 3 3 3 1 3 1 2 2 1 3 2 0 4 2 0 0 1 3 2 3 3 2 1 3 4 1 2 3 3 3 0 1 0 4 3 0 1 3 2 3 2 4 1 4 4 0 2 3 2 3 3 2 2 1 1 3 1 2 1 1 1 0 0 2 2 1 0 1 3 1 2 0 3 0 2 3 1 3 4 2 1 2 2 3 4 4 1 3 3 3 
# knockout 44
3 1 2 3 2 3 3 0 2 1 3 3 2 1 4 1 2 2 1 3 2 0 4 2 0 0 1 3 2 3 2 3 1 3 4 1 2 3 3 1 0 1 2 0 3 0 1 3 1 3 1 4 0 3 4 0 2 4 2 3 3 3 2 1 1 3 1 2 1 1 1 0 0 2 2 1 0 2 3 1 2 1 3 1 2 3 1 3 4 3 1 2 2 2 4 4 1 3 3 3 
3 1 2 3 2 3 3 0 2 1 3 3 2 1 4 1 2 2 1 3 2 0 4 2 0 0 1 3 2 3 2 3 1 3 4 1 2 3 3 1 0 1 2 0 3 0 1 3 1 3 1 4 0 3 4 0 2 4 2 3 3 3 2 1 1 3 1 2 1 1 1 0 0 2 2 1 0 2 3 1 2 1 3 1 2 3 1 3 4 3 1 2 2 2 4 4 1 3 3 3 
# knockout 45
3 0 2 3 2 3 3 0 2 2 4 3 3 1 3 1 2 2 2 3 2 0 4 2 0 0 1 3 2 3 3 3 1 3 4 1 3 3 3 2 0 1 2 4 0 0 1 3 0 3 1 4 0 3 3 0 2 4 2 3 0 3 2 1 2 3 1 2 1 1 1 0 0 2 2 1 0 1 3 1 2 0 3 1 2 3 2 3 4 3 1 2 2 3 4 4 0 3 3 3 
3 0 2 3 2 3 3 0 2 2 4 3 3 1 3 1 2 2 2 3 2 0 4 2 0 0 1 3 2 3 3 3 1 3 4 1 3 3 3 2 0 1 2 4 0 0 1 3 0 3 1 4 0 3 3 0 2 4 2 3 0 3 2 1 2 3 1 2 1 1 1 0 0 2 2 1 0 1 3 1 2 0 3 1 2 3 2 3 4 3 1 2 2 3 4 4 0 3 3 3 
# knockout 46
3 0 3 3 2 3 3 0 2 1 3 3 3 1 3 1 2 1 1 3 2 0 4 2 0 0 1 3 2 3 3 2 0 4 4 1 2 3 3 2 0 1 1 4 2 0 1 3 2 3 1 4 0 3 4 0 2 4 2 3 2 3 1 1 1 3 1 2 1 1 1 0 0 2 2 1 0 1 3 1 2 0 3 0 2 3 1 2 4 3 1 2 2 3 4 4 1 3 3 3 
3 0 3 3 2 3 3 0 2 1 3 3 3 1 3 1 2 1 1 3 2 0 4 2 0 0 1 3 2 3 3 2 0 4 4 1 2 3 3 2 0 1 1 4 2 0 1 3 2 3 1 4 0 3 4 0 2 4 2 3 2 3 1 1 1 3 1 2 1 1 1 0 0 2 2 1 0 1 3 1 2 0 3 0 2 3 1 2 4 3 1 2 2 3 4 4 1 3 3 3 
# knockout 47
3 0 2 3 2 3 3 0 2 1 3 3 3 1 3 1 2 2 1 3 2 0 3 2 0 0 1 3 3 3 3 3 1 3 4 1 2 3 3 3 0 1 2 4 3 0 0 3 2 3 1 4 0 3 3 0 2 3 2 3 2 3 1 1 1 3 1 2 3 0 1 0 0 2 2 0 0 1 3 1 2 1 3 1 2 3 1 3 4 3 1 2 2 3 4 4 1 3 3 3 
3 0 2 3 2 3 3 0 2 1 3 3 3 1 3 1 2 2 1 3 2 0 3 2 0 0 1 3 3 3 3 3 1 3 4 1 2 3 3 3 0 1 2 4 3 0 0 3 2 3 1 4 0 3 3 0 2 3 2 3 2 3 1 1 1 3 1 2 3 0 1 0 0 2 2 0 0 1 3 1 2 1 3 1 2 3 1 3 4 3 1 2 2 3 4 4 1 3 3 3 
# knockout 48
3 0 2 3 2 3 3 0 2 1 3 3 3 1 3 1 2 2 1 3 2 0 4 2 0 0 1 3 2 3 3 2 1 4 4 1 2 3 3 2 0 1 2 4 2 0 1 0 4 3 1 4 0 3 3 0 2 3 2 3 3 3 2 1 1 2 1 2 1 1 1 0 0 3 2 1 0 1 3 1 2 0 3 1 2 4 1 3 4 3 1 2 3 4 4 4 1 3 3 3 
3 0 2 3 2 3 3 0 2 1 3 3 3 1 3 1 2 2 1 3 2 0 4 2 0 0 1 3 2 3 3 2 1 4 4 1 2 3 3 2 0 1 2 4 2 0 1 0 4 3 1 4 0 3 3 0 2 3 2 3 3 3 2 1 1 2 1 2 1 1 1 0 0 3 2 1 0 1 3 1 2 0 3 1 2 4 1 3 4 3 1 2 3 4 4 4 1 3 3 3 
# knockout 49
3 0 2 3 2 3 3 0 3 1 3 3 3 1 4 1 2 2 2 3 2 0 4 2 0 0 0 3 2 3 3 2 1 2 4 1 2 3 3 2 0 1 2 4 3 0 1 3 0 4 0 4 0 3 3 1 2 4 2 3 3 3 2 1 1 3 1 2 1 1 1 0 0 2 2 1 0 1 3 1 2 0 3 1 2 3 1 3 4 3 1 2 2 4 3 4 1 3 3 3 
3 0 2 3 2 3 3 0 3 1 3 3 3 1 4 1 2 2 2 3 2 0 4 2 0 0 0 3 2 3 3 2 1 2 4 1 2 3 3 2 0 1 2 4 3 0 1 3 0 4 0 4 0 3 3 1 2 4 2 3 3 3 2 1 1 3 1 2 1 1 1 0 0 2 2 1 0 1 3 1 2 0 3 1 2 3 1 3 4 3 1 2 2 4 3 4 1 3 3 3 
# knockout 50
3 0 2 2 2 3 3 0 3 1 3 0 2 0 2 1 2 2 1 3 3 0 4 2 0 0 1 3 2 3 3 3 1 3 4 1 2 3 3 2 0 4 1 4 3 0 1 3 3 0 1 4 4 1 4 0 2 4 2 3 3 3 2 1 1 3 1 2 2 0 1 0 0 2 2 1 0 1 3 1 2 1 3 1 2 3 1 4 4 3 1 2 2 4 4 4 0 3 4 3 
3 0 2 2 2 3 3 0 3 1 3 0 2 0 2 1 2 2 1 3 3 0 4 2 0 0 1 3 2 3 3 3 1 3 4 1 2 3 3 2 0 4 1 4 3 0 1 3 3 0 1 4 4 1 4 0 2 4 2 3 3 3 2 1 1 3 1 2 2 0 1 0 0 2 2 1 0 1 3 1 2 1 3 1 2 3 1 4 4 3 1 2 2 4 4 4 0 3 4 3 
# knockout 51
3 0 3 3 2 3 3 0 3 1 3 3 3 1 3 1 1 2 2 2 2 0 4 2 0 0 1 3 2 3 3 3 1 3 4 1 1 3 3 2 0 1 2 4 3 0 1 3 2 3 0 4 0 3 4 0 2 4 2 3 3 3 1 1 1 3 1 2 1 0 1 0 0 3 2 1 0 1 3 1 2 0 4 0 2 2 1 2 4 3 1 2 2 3 4 4 1 3 3 3 
3 0 3 3 2 3 3 0 3 1 3 3 3 1 3 1 1 2 2 2 2 0 4 2 0 0 1 3 2 3 3 3 1 3 4 1 1 3 3 2 0 1 2 4 3 0 1 3 2 3 0 4 0 3 4 0 2 4 2 3 3 3 1 1 1 3 1 2 1 0 1 0 0 3 2 1 0 1 3 1 2 0 4 0 2 2 1 2 4 3 1 2 2 3 4 4 1 3 3 3 
# knockout 52
3 0 2 2 2 3 3 0 2 1 3 3 3 1 3 1 1 1 2 3 1 0 4 2 0 0 1 3 2 3 3 3 1 4 4 1 3 3 3 2 0 1 2 4 3 0 1 3 3 3 1 0 0 2 4 0 2 3 2 4 3 3 2 1 0 3 0 2 1 0 0 0 0 2 2 1 0 1 3 1 2 0 3 1 2 3 1 3 4 3 1 2 2 3 4 4 1 3 3 3 
3 0 2 2 2 3 3 0 2 1 3 3 3 1 3 1 1 1 2 3 1 0 4 2 0 0 1 3 2 3 3 3 1 4 4 1 3 3 3 2 0 1 2 4 3 0 1 3 3 3 1 0 0 2 4 0 2 3 2 4 3 3 2 1 0 3 0 2 1 0 0 0 0 2 2 1 0 1 3 1 2 0 3 1 2 3 1 3 4 3 1 2 2 3 4 4 1 3 3 3 
# knockout 53
3 0 2 3 2 3 3 0 2 1 3 3 3 1 3 1 2 2 1 3 2 0 4 2 0 0 1 3 2 3 3 2 0 3 4 1 2 3 3 2 0 1 2 3 3 0 1 3 2 3 2 4 0 3 4 0 2 4 2 3 3 3 2 1 2 3 1 2 1 1 1 0 0 2 2 1 0 1 3 1 2 1 3 1 2 3 1 3 4 3 2 2 2 3 4 4 1 3 3 3 
3 0 2 3 2 3 3 0 2 1 3 3 3 1 3 1 2 2 1 3 2 0 4 2 0 0 1 3 2 3 3 2 0 3 4 1 2 3 3 2 0 1 2 3 3 0 1 3 2 3 2 4 0 3 4 0 2 4 2 3 3 3 2 1 2 3 1 2 1 1 1 0 0 2 2 1 0 1 3 1 2 1 3 1 2 3 1 3 4 3 2 2 2 3 4 4 1 3 3 3 
# knockout 54
3 0 2 2 2 3 3 0 2 1 4 3 2 1 4 1 2 2 1 3 2 0 4 2 0 0 1 3 2 3 3 4 0 3 4 1 2 3 3 2 0 1 2 4 3 0 1 3 2 3 2 4 0 0 4 0 2 4 2 3 3 3 2 1 1 3 2 2 1 0 1 0 0 2 2 1 0 1 3 1 2 1 3 1 3 3 1 3 4 3 1 2 2 3 4 4 1 3 3 3 
3 0 2 2 2 3 3 0 2 1 4 3 2 1 4 1 2 2 1 3 2 0 4 2 0 0 1 3 2 3 3 4 0 3 4 1 2 3 3 2 0 1 2 4 3 0 1 3 2 3 2 4 0 0 4 0 2 4 2 3 3 3 2 1 1 3 2 2 1 0 1 0 0 2 2 1 0 1 3 1 2 1 3 1 3 3 1 3 4 3 1 2 2 3 4 4 1 3 3 3 
# knockout 55
3 0 2 2 1 3 3 0 2 1 3 3 3 1 3 1 2 2 2 3 1 0 4 2 0 0 1 3 2 3 3 3 1 3 4 1 2 3 3 2 0 1 2 4 2 0 1 3 3 4 0 4 0 3 0 0 2 3 2 3 3 3 2 1 1 3 1 2 1 1 1 0 0 2 2 1 0 1 3 1 2 0 3 0 2 4 1 3 4 3 1 1 2 3 3 4 1 3 2 3 
3 0 2 2 1 3 3 0 2 1 3 3 3 1 3 1 2 2 2 3 1 0 4 2 0 0 1 3 2 3 3 3 1 3 4 1 2 3 3 2 0 1 2 4 2 0 1 3 3 4 0 4 0 3 0 0 2 3 2 3 3 3 2 1 1 3 1 2 1 1 1 0 0 2 2 1 0 1 3 1 2 0 3 0 2 4 1 3 4 3 1 1 2 3 3 4 1 3 2 3 
# knockout 56
3 0 2 3 2 3 3 0 2 1 4 3 3 1 3 1 2 2 1 3 2 0 4 3 0 0 0 3 2 3 3 3 1 3 4 1 2 3 4 2 0 1 3 4 2 0 1 3 2 2 2 4 0 3 4 0 2 4 2 3 3 2 2 1 1 3 1 2 1 1 1 0 0 2 2 1 0 1 3 1 1 1 3 1 2 3 1 3 4 3 1 2 2 3 4 4 1 3 3 3 
3 0 2 3 2 3 3 0 2 1 4 3 3 1 3 1 2 2 1 3 2 0 4 3 0 0 0 3 2 3 3 3 1 3 4 1 2 3 4 2 0 1 3 4 2 0 1 3 2 2 2 4 0 3 4 0 2 4 2 3 3 2 2 1 1 3 1 2 1 1 1 0 0 2 2 1 0 1 3 1 1 1 3 1 2 3 1 3 4 3 1 2 2 3 4 4 1 3 3 3 
# knockout 57
3 0 2 3 2 3 3 0 2 1 3 3 3 1 3 1 2 2 1 4 2 0 4 2 0 0 0 3 2 3 3 3 1 3 4 1 2 3 3 2 0 1 2 4 2 0 1 3 2 3 1 4 0 3 4 0 0 4 2 4 2 4 2 1 1 3 1 2 2 0 1 0 0 2 2 1 0 1 3 1 2 0 3 1 2 3 1 3 3 3 1 2 2 3 4 4 1 3 3 3 
3 0 2 3 2 3 3 0 2 1 3 3 3 1 3 1 2 2 1 4 2 0 4 2 0 0 0 3 2 3 3 3 1 3 4 1 2 3 3 2 0 1 2 4 2 0 1 3 2 3 1 4 0 3 4 0 0 4 2 4 2 4 2 1 1 3 1 2 2 0 1 0 0 2 2 1 0 1 3 1 2 0 3 1 2 3 1 3 3 3 1 2 2 3 4 4 1 3 3 3 
# knockout 58
2 0 2 3 2 3 3 0 2 1 3 3 3 1 3 1 2 2 1 3 2 0 4 2 0 0 1 3 2 3 3 2 1 2 4 1 2 2 3 2 0 1 2 4 3 0 1 2 2 2 1 4 0 3 3 0 2 0 2 3 3 3 2 1 1 3 1 2 1 0 1 0 0 2 2 1 0 1 3 1 2 0 4 2 2 3 1 3 4 3 1 2 2 3 4 4 1 3 3 3 
2 0 2 3 2 3 3 0 2 1 3 3 3 1 3 1 2 2 1 3 2 0 4 2 0 0 1 3 2 3 3 2 1 2 4 1 2 2 3 2 0 1 2 4 3 0 1 2 2 2 1 4 0 3 3 0 2 0 2 3 3 3 2 1 1 3 1 2 1 0 1 0 0 2 2 1 0 1 3 1 2 0 4 2 2 3 1 3 4 3 1 2 2 3 4 4 1 3 3 3 
# knockout 59
3 0 2 3 2 3 3 0 2 1 3 3 3 1 3 1 2 2 1 2 2 0 3 2 0 0 1 3 2 3 3 2 1 3 4 1 2 3 3 2 0 1 3 4 4 0 1 3 2 3 1 4 0 3 3 0 2 3 0 3 2 3 2 1 1 3 2 2 1 1 1 0 0 3 2 1 0 1 3 2 2 0 3 0 2 3 1 3 4 3 1 2 2 3 4 4 1 3 3 3 
3 0 2 3 2 3 3 0 2 1 3 3 3 1 3 1 2 2 1 2 2 0 3 2 0 0 1 3 2 3 3 2 1 3 4 1 2 3 3 2 0 1 3 4 4 0 1 3 2 3 1 4 0 3 3 0 2 3 0 3 2 3 2 1 1 3 2 2 1 1 1 0 0 3 2 1 0 1 3 2 2 0 3 0 2 3 1 3 4 3 1 2 2 3 4 4 1 3 3 3 
# knockout 60
4 0 2 3 2 3 3 0 2 1 3 3 3 1 3 1 2 2 1 3 2 0 4 3 0 0 1 3 2 3 3 3 1 3 4 2 2 3 3 2 0 1 2 4 3 0 1 3 2 3 1 4 0 3 4 0 2 3 4 0 3 4 2 1 1 3 1 2 1 1 1 0 0 2 2 1 0 1 3 1 2 0 3 0 2 3 1 2 3 3 2 2 2 3 4 4 1 3 3 3 
4 0 2 3 2 3 3 0 2 1 3 3 3 1 3 1 2 2 1 3 2 0 4 3 0 0 1 3 2 3 3 3 1 3 4 2 2 3 3 2 0 1 2 4 3 0 1 3 2 3 1 4 0 3 4 0 2 3 4 0 3 4 2 1 1 3 1 2 1 1 1 0 0 2 2 1 0 1 3 1 2 0 3 0 2 3 1 2 3 3 2 2 2 3 4 4 1 3 3 3 
# knockout 61
3 0 2 3 2 3 3 0 2 1 3 3 3 1 3 1 2 2 1 3 2 0 4 2 0 0 1 4 2 3 3 4 1 3 4 1 3 3 3 2 0 1 3 4 3 0 1 3 2 3 1 4 0 3 4 0 2 4 2 3 0 3 1 1 1 3 1 1 2 1 1 0 0 2 2 1 0 1 3 2 2 0 3 1 2 3 1 3 4 3 1 2 2 3 4 4 1 4 3 3 
3 0 2 3 2 3 3 0 2 1 3 3 3 1 3 1 2 2 1 3 2 0 4 2 0 0 1 4 2 3 3 4 1 3 4 1 3 3 3 2 0 1 3 4 3 0 1 3 2 3 1 4 0 3 4 0 2 4 2 3 0 3 1 1 1 3 1 1 2 1 1 0 0 2 2 1 0 1 3 2 2 0 3 1 2 3 1 3 4 3 1 2 2 3 4 4 1 4 3 3 
# knockout 62
3 0 2 2 2 3 3 0 2 1 3 3 3 1 3 4 2 1 1 3 2 0 4 2 0 0 1 3 2 3 0 3 1 3 4 1 2 3 3 2 0 1 2 4 3 0 1 3 2 3 1 4 0 3 3 1 2 4 2 0 3 0 2 1 2 3 2 2 1 4 0 0 0 4 2 0 0 1 3 1 2 1 3 0 4 3 1 3 4 3 1 2 2 3 4 4 1 2 3 4 
3 0 2 2 2 3 3 0 2 1 3 3 3 1 3 4 2 1 1 3 2 0 4 2 0 0 1 3 2 3 0 3 1 3 4 1 2 3 3 2 0 1 2 4 3 0 1 3 2 3 1 4 0 3 3 1 2 4 2 0 3 0 2 1 2 3 2 2 1 4 0 0 0 4 2 0 0 1 3 1 2 1 3 0 4 3 1 3 4 3 1 2 2 3 4 4 1 2 3 4 
# knockout 63
3 0 2 3 2 3 3 0 3 1 3 3 3 1 3 2 2 2 1 3 2 0 4 2 0 0 2 3 2 3 3 4 1 3 4 1 2 3 3 2 0 1 1 4 3 0 1 3 3 3 1 4 0 3 3 0 2 4 2 3 2 3 0 1 1 3 2 2 1 1 1 0 0 2 2 1 0 0 3 1 4 0 4 2 2 3 1 3 4 3 1 1 1 3 4 4 0 2 3 3 
3 0 2 3 2 3 3 0 3 1 3 3 3 1 3 2 2 2 1 3 2 0 4 2 0 0 2 3 2 3 3 4 1 3 4 1 2 3 3 2 0 1 1 4 3 0 1 3 3 3 1 4 0 3 3 0 2 4 2 3 2 3 0 1 1 3 2 2 1 1 1 0 0 2 2 1 0 0 3 1 4 0 4 2 2 3 1 3 4 3 1 1 1 3 4 4 0 2 3 3 
# knockout 64
3 0 2 3 2 3 3 0 3 1 3 3 3 2 3 1 3 2 2 3 2 0 4 3 0 0 1 3 2 3 3 3 1 3 4 1 2 3 3 2 0 1 3 4 3 0 1 3 2 3 1 4 0 3 4 0 2 3 1 3 3 3 2 0 1 0 2 2 1 1 0 0 0 2 2 1 0 1 3 2 2 1 3 0 2 3 1 2 3 3 1 2 2 3 4 4 1 3 3 4 
3 0 2 3 2 3 3 0 3 1 3 3 3 2 3 1 3 2 2 3 2 0 4 3 0 0 1 3 2 3 3 3 1 3 4 1 2 3 3 2 0 1 3 4 3 0 1 3 2 3 1 4 0 3 4 0 2 3 1 3 3 3 2 0 1 0 2 2 1 1 0 0 0 2 2 1 0 1 3 2 2 1 3 0 2 3 1 2 3 3 1 2 2 3 4 4 1 3 3 4 
# knockout 65
3 0 2 3 2 3 4 0 2 1 3 3 3 1 3 2 1 2 1 3 2 0 4 2 0 0 1 3 2 3 3 3 1 4 4 1 2 3 4 2 0 1 2 4 3 0 1 3 2 4 1 4 0 3 4 0 2 3 2 3 2 3 2 1 0 3 1 2 1 1 1 0 0 2 2 1 0 1 3 1 2 0 3 1 2 3 1 3 4 3 1 2 2 3 4 4 1 2 3 3 
3 0 2 3 2 3 4 0 2 1 3 3 3 1 3 2 1 2 1 3 2 0 4 2 0 0 1 3 2 3 3 3 1 4 4 1 2 3 4 2 0 1 2 4 3 0 1 3 2 4 1 4 0 3 4 0 2 3 2 3 2 3 2 1 0 3 1 2 1 1 1 0 0 2 2 1 0 1 3 1 2 0 3 1 2 3 1 3 4 3 1 2 2 3 4 4 1 2 3 3 
# knockout 66
3 0 2 2 2 3 3 0 2 1 3 3 2 2 3 1 2 2 1 3 2 0 4 2 0 0 1 3 3 3 3 3 1 3 4 1 3 3 3 2 0 1 2 4 3 0 1 3 2 3 1 4 0 3 4 0 2 4 2 3 3 3 2 4 4 0 2 2 2 1 1 0 0 2 2 1 0 1 3 1 2 0 3 1 2 3 1 3 4 3 1 2 2 3 4 4 1 3 3 3 
3 0 2 2 2 3 3 0 2 1 3 3 2 2 3 1 2 2 1 3 2 0 4 2 0 0 1 3 3 3 3 3 1 3 4 1 3 3 3 2 0 1 2 4 3 0 1 3 2 3 1 4 0 3 4 0 2 4 2 3 3 3 2 4 4 0 2 2 2 1 1 0 0 2 2 1 0 1 3 1 2 0 3 1 2 3 1 3 4 3 1 2 2 3 4 4 1 3 3 3 
# knockout 67
3 0 2 3 2 3 3 0 3 1 3 3 2 1 3 2 2 2 1 3 3 0 4 2 0 0 1 3 2 3 3 3 0 3 4 1 2 3 3 2 0 0 2 4 3 0 1 3 2 2 2 4 0 3 4 0 2 4 3 3 3 3 2 1 1 3 0 2 3 1 1 0 0 2 2 1 0 1 3 1 2 0 4 1 2 3 1 3 4 3 2 2 2 3 4 4 1 3 3 3 
3 0 2 3 2 3 3 0 3 1 3 3 2 1 3 2 2 2 1 3 3 0 4 2 0 0 1 3 2 3 3 3 0 3 4 1 2 3 3 2 0 0 2 4 3 0 1 3 2 2 2 4 0 3 4 0 2 4 3 3 3 3 2 1 1 3 0 2 3 1 1 0 0 2 2 1 0 1 3 1 2 0 4 1 2 3 1 3 4 3 2 2 2 3 4 4 1 3 3 3 
# knockout 68
3 0 2 3 2 3 3 0 2 1 3 3 3 1 4 1 2 3 1 3 2 0 4 2 0 0 1 3 2 3 3 3 1 3 4 1 2 3 3 2 0 1 1 4 3 0 2 4 2 3 1 4 0 3 3 0 2 3 2 3 3 3 2 1 1 2 2 0 4 1 1 2 0 2 2 1 0 2 3 1 3 1 3 0 2 2 1 3 4 3 1 1 2 3 4 4 1 3 3 3 
3 0 2 3 2 3 3 0 2 1 3 3 3 1 4 1 2 3 1 3 2 0 4 2 0 0 1 3 2 3 3 3 1 3 4 1 2 3 3 2 0 1 1 4 3 0 2 4 2 3 1 4 0 3 3 0 2 3 2 3 3 3 2 1 1 2 2 0 4 1 1 2 0 2 2 1 0 2 3 1 3 1 3 0 2 2 1 3 4 3 1 1 2 3 4 4 1 3 3 3 
# knockout 69
3 0 2 3 2 3 3 0 3 1 3 3 2 1 3 1 2 2 1 3 2 0 4 2 0 0 1 3 2 3 3 3 1 3 4 1 3 3 4 2 0 1 3 3 3 0 1 3 2 3 1 4 1 3 3 0 2 4 2 3 3 3 2 1 2 3 1 2 0 0 0 0 0 2 2 1 0 1 3 2 2 0 3 1 2 3 1 3 4 3 1 2 2 3 4 4 1 3 4 3 
3 0 2 3 2 3 3 0 3 1 3 3 2 1 3 1 2 2 1 3 2 0 4 2 0 0 1 3 2 3 3 3 1 3 4 1 3 3 4 2 0 1 3 3 3 0 1 3 2 3 1 4 1 3 3 0 2 4 2 3 3 3 2 1 2 3 1 2 0 0 0 0 0 2 2 1 0 1 3 2 2 0 3 1 2 3 1 3 4 3 1 2 2 3 4 4 1 3 4 3 
# knockout 70
3 0 2 3 2 3 3 0 2 1 3 3 3 1 3 1 2 2 1 3 2 0 3 3 0 0 1 3 2 3 4 3 1 3 4 1 3 3 3 2 0 1 2 4 3 0 1 2 2 3 1 4 0 3 4 0 3 4 2 3 3 3 2 1 1 3 1 2 1 0 1 0 0 2 2 1 0 3 3 1 2 0 3 1 2 3 1 3 4 3 1 1 2 3 4 4 1 4 3 3 
3 0 2 3 2 3 3 0 2 1 3 3 3 1 3 1 2 2 1 3 2 0 3 3 0 0 1 3 2 3 4 3 1 3 4 1 3 3 3 2 0 1 2 4 3 0 1 2 2 3 1 4 0 3 4 0 3 4 2 3 3 3 2 1 1 3 1 2 1 0 1 0 0 2 2 1 0 3 3 1 2 0 3 1 2 3 1 3 4 3 1 1 2 3 4 4 1 4 3 3 
# knockout 71
3 0 2 3 2 3 3 0 3 1 3 3 2 1 3 1 2 2 1 4 2 0 4 1 0 0 1 3 2 3 3 3 1 3 4 1 2 3 3 2 0 1 2 4 2 0 1 3 2 3 1 4 0 2 3 0 2 3 2 3 4 3 2 1 1 3 1 2 1 1 0 0 0 2 2 1 0 1 3 1 2 0 3 1 2 3 1 3 4 3 1 2 2 3 4 4 1 3 3 3 
3 0 2 3 2 3 3 0 3 1 3 3 2 1 3 1 2 2 1 4 2 0 4 1 0 0 1 3 2 3 3 3 1 3 4 1 2 3 3 2 0 1 2 4 2 0 1 3 2 3 1 4 0 2 3 0 2 3 2 3 4 3 2 1 1 3 1 2 1 1 0 0 0 2 2 1 0 1 3 1 2 0 3 1 2 3 1 3 4 3 1 2 2 3 4 4 1 3 3 3 
# knockout 72
4 0 2 3 1 3 2 0 2 1 3 3 3 1 3 1 2 2 1 3 2 0 4 2 0 0 1 3 2 3 3 2 1 3 4 1 2 3 3 2 0 1 2 4 3 0 2 3 2 3 0 4 0 3 4 1 2 3 2 3 3 3 2 1 1 3 0 2 1 1 1 0 0 2 2 1 0 1 3 1 2 1 3 1 2 3 1 3 4 3 1 2 2 3 4 4 1 3 3 3 
4 0 2 3 1 3 2 0 2 1 3 3 3 1 3 1 2 2 1 3 2 0 4 2 0 0 1 3 2 3 3 2 1 3 4 1 2 3 3 2 0 1 2 4 3 0 2 3 2 3 0 4 0 3 4 1 2 3 2 3 3 3 2 1 1 3 0 2 1 1 1 0 0 2 2 1 0 1 3 1 2 1 3 1 2 3 1 3 4 3 1 2 2 3 4 4 1 3 3 3 
# knockout 73
3 0 3 3 2 3 3 0 2 1 3 3 3 1 3 1 2 1 1 3 2 0 4 2 0 0 1 3 2 3 3 3 1 3 4 1 2 3 3 2 0 1 2 4 3 0 1 3 2 3 0 4 0 3 3 1 2 4 2 3 2 3 2 1 2 4 1 2 1 1 1 0 0 2 2 1 0 1 3 1 2 0 3 2 2 3 2 3 4 3 1 2 2 3 4 4 1 3 3 3 
3 0 3 3 2 3 3 0 2 1 3 3 3 1 3 1 2 1 1 3 2 0 4 2 0 0 1 3 2 3 3 3 1 3 4 1 2 3 3 2 0 1 2 4 3 0 1 3 2 3 0 4 0 3 3 1 2 4 2 3 2 3 2 1 2 4 1 2 1 1 1 0 0 2 2 1 0 1 3 1 2 0 3 2 2 3 2 3 4 3 1 2 2 3 4 4 1 3 3 3 
# knockout 74
3 0 3 3 2 3 4 0 2 1 3 3 3 1 4 1 2 2 1 3 2 0 3 2 0 0 1 3 3 3 3 3 0 4 4 1 2 3 3 2 0 1 1 4 2 0 1 3 2 4 1 4 0 3 4 0 2 4 2 3 3 3 2 1 1 3 1 2 1 1 0 0 0 0 2 1 0 1 3 1 2 0 3 1 2 3 1 3 4 2 1 2 2 3 4 4 1 3 2 3 
3 0 3 3 2 3 4 0 2 1 3 3 3 1 4 1 2 2 1 3 2 0 3 2 0 0 1 3 3 3 3 3 0 4 4 1 2 3 3 2 0 1 1 4 2 0 1 3 2 4 1 4 0 3 4 0 2 4 2 3 3 3 2 1 1 3 1 2 1 1 0 0 0 0 2 1 0 1 3 1 2 0 3 1 2 3 1 3 4 2 1 2 2 3 4 4 1 3 2 3 
# knockout 75
3 0 2 3 2 3 3 0 2 1 3 3 3 1 3 1 2 2 1 3 2 0 4 2 0 0 1 3 2 3 3 3 1 3 4 1 3 3 4 2 0 1 2 4 3 0 1 3 2 3 1 4 0 3 4 0 3 3 2 3 3 3 1 1 1 3 1 2 1 1 1 0 0 2 0 1 0 1 3 1 3 1 3 1 2 3 1 2 4 3 1 2 2 3 3 4 1 3 3 3 
3 0 2 3 2 3 3 0 2 1 3 3 3 1 3 1 2 2 1 3 2 0 4 2 0 0 1 3 2 3 3 3 1 3 4 1 3 3 4 2 0 1 2 4 3 0 1 3 2 3 1 4 0 3 4 0 3 3 2 3 3 3 1 1 1 3 1 2 1 1 1 0 0 2 0 1 0 1 3 1 3 1 3 1 2 3 1 2 4 3 1 2 2 3 3 4 1 3 3 3 
# knockout 76
3 0 2 3 2 3 3 0 2 1 3 3 3 1 3 1 2 2 1 3 3 0 4 2 0 0 1 3 2 3 3 4 0 3 4 1 2 3 3 3 0 1 2 4 3 0 1 3 3 3 1 4 0 4 3 0 3 4 2 4 3 2 1 1 1 3 2 2 1 1 1 1 0 2 2 0 0 1 3 1 3 0 3 1 2 3 1 3 4 3 0 2 2 3 4 4 1 3 3 3 
3 0 2 3 2 3 3 0 2 1 3 3 3 1 3 1 2 2 1 3 3 0 4 2 0 0 1 3 2 3 3 4 0 3 4 1 2 3 3 3 0 1 2 4 3 0 1 3 3 3 1 4 0 4 3 0 3 4 2 4 3 2 1 1 1 3 2 2 1 1 1 1 0 2 2 0 0 1 3 1 3 0 3 1 2 3 1 3 4 3 0 2 2 3 4 4 1 3 3 3 
# knockout 77
4 0 2 3 2 3 3 0 2 1 3 3 3 1 3 1 2 2 2 3 2 0 4 1 0 0 1 4 2 3 3 2 1 3 4 1 2 4 3 2 0 1 2 4 2 0 1 3 2 3 1 4 0 3 4 0 2 4 3 3 3 4 2 1 1 3 1 2 2 1 1 0 0 1 2 1 0 1 3 1 3 1 3 1 2 3 1 3 4 3 1 2 4 3 4 4 1 3 3 3 
4 0 2 3 2 3 3 0 2 1 3 3 3 1 3 1 2 2 2 3 2 0 4 1 0 0 1 4 2 3 3 2 1 3 4 1 2 4 3 2 0 1 2 4 2 0 1 3 2 3 1 4 0 3 4 0 2 4 3 3 3 4 2 1 1 3 1 2 2 1 1 0 0 1 2 1 0 1 3 1 3 1 3 1 2 3 1 3 4 3 1 2 4 3 4 4 1 3 3 3 
# knockout 78
3 0 2 3 2 3 3 0 2 1 3 3 3 1 3 1 2 2 1 3 2 0 4 2 0 0 1 3 2 4 3 3 1 3 4 1 2 3 3 1 0 1 2 4 3 0 1 3 2 3 2 4 1 3 4 0 2 4 2 3 3 3 2 1 1 3 1 2 1 1 1 0 0 2 2 0 0 0 3 1 2 0 3 1 3 2 1 3 4 2 1 2 2 3 4 4 1 3 3 3 
3 0 2 3 2 3 3 0 2 1 3 3 3 1 3 1 2 2 1 3 2 0 4 2 0 0 1 3 2 4 3 3 1 3 4 1 2 3 3 1 0 1 2 4 3 0 1 3 2 3 2 4 1 3 4 0 2 4 2 3 3 3 2 1 1 3 1 2 1 1 1 0 0 2 2 0 0 0 3 1 2 0 3 1 3 2 1 3 4 2 1 2 2 3 4 4 1 3 3 3 
# knockout 79
3 0 2 3 2 3 3 0 0 1 3 4 3 2 4 1 2 2 2 3 2 0 4 2 0 0 1 3 2 3 3 2 1 3 4 1 2 3 3 2 0 1 2 4 4 0 2 4 2 3 1 4 0 3 3 0 2 4 2 4 2 3 2 1 1 3 1 1 1 1 1 0 0 2 4 0 0 0 0 4 2 2 1 0 4 2 2 2 0 4 1 2 2 3 4 4 1 3 3 3 
3 0 2 3 2 3 3 0 0 1 3 4 3 2 4 1 2 2 2 3 2 0 4 2 0 0 1 3 2 3 3 2 1 3 4 1 2 3 3 2 0 1 2 4 4 0 2 4 2 3 1 4 0 3 3 0 2 4 2 4 2 3 2 1 1 3 1 1 1 1 1 0 0 2 4 0 0 0 0 4 2 2 1 0 4 2 2 2 0 4 1 2 2 3 4 4 1 3 3 3 
# knockout 80
3 0 3 3 2 3 3 0 0 1 3 3 3 2 4 1 1 2 1 3 2 0 4 2 0 0 1 3 2 3 3 3 1 3 4 1 3 3 3 2 0 1 2 4 1 0 4 4 1 3 0 4 0 3 4 0 2 4 1 3 0 3 1 1 2 4 1 1 1 1 1 0 0 2 2 1 0 1 4 0 2 0 3 0 2 3 1 1 0 4 1 0 2 4 4 4 1 3 3 4 
3 0 3 3 2 3 3 0 0 1 3 3 3 2 4 1 1 2 1 3 2 0 4 2 0 0 1 3 2 3 3 3 1 3 4 1 3 3 3 2 0 1 2 4 1 0 4 4 1 3 0 4 0 3 4 0 2 4 1 3 0 3 1 1 2 4 1 1 1 1 1 0 0 2 2 1 0 1 4 0 2 0 3 0 2 3 1 1 0 4 1 0 2 4 4 4 1 3 3 4 
# knockout 81
4 0 3 3 2 3 3 0 2 1 3 3 3 1 3 1 2 2 1 3 2 0 4 2 0 0 1 3 2 3 3 3 1 3 4 1 2 3 4 2 0 1 3 4 3 0 1 3 3 3 1 4 0 3 4 0 2 4 2 3 3 3 1 1 1 3 1 2 1 1 1 0 0 2 2 1 0 1 3 1 0 0 3 1 2 3 1 3 4 3 2 2 2 3 4 4 1 3 3 3 
4 0 3 3 2 3 3 0 2 1 3 3 3 1 3 1 2 2 1 3 2 0 4 2 0 0 1 3 2 3 3 3 1 3 4 1 2 3 4 2 0 1 3 4 3 0 1 3 3 3 1 4 0 3 4 0 2 4 2 3 3 3 1 1 1 3 1 2 1 1 1 0 0 2 2 1 0 1 3 1 0 0 3 1 2 3 1 3 4 3 2 2 2 3 4 4 1 3 3 3 
# knockout 82
3 0 2 3 2 3 3 0 2 1 3 3 3 1 3 1 2 2 1 3 2 0 4 3 0 0 1 3 2 3 3 2 1 3 4 1 2 3 3 2 0 1 3 4 3 0 1 3 2 3 1 4 0 3 4 0 2 4 2 3 3 4 2 1 1 3 1 2 1 1 1 0 0 2 2 1 0 1 3 1 2 0 3 0 2 3 1 3 3 3 2 2 2 3 3 4 1 3 3 4 
3 0 2 3 2 3 3 0 2 1 3 3 3 1 3 1 2 2 1 3 2 0 4 3 0 0 1 3 2 3 3 2 1 3 4 1 2 3 3 2 0 1 3 4 3 0 1 3 2 3 1 4 0 3 4 0 2 4 2 3 3 4 2 1 1 3 1 2 1 1 1 0 0 2 2 1 0 1 3 1 2 0 3 0 2 3 1 3 3 3 2 2 2 3 3 4 1 3 3 4 
# knockout 83
3 0 2 3 2 3 3 0 2 1 3 3 3 1 3 1 2 2 2 3 2 0 4 2 0 0 1 2 2 4 3 3 1 3 4 1 2 3 3 1 0 1 2 4 3 0 1 3 3 3 1 4 1 3 4 0 2 4 3 3 3 3 1 1 1 3 1 2 1 0 1 0 0 2 2 1 0 1 3 1 2 0 0 1 2 3 1 3 4 3 1 2 2 3 3 4 1 3 3 3 
3 0 2 3 2 3 3 0 2 1 3 3 3 1 3 1 2 2 2 3 2 0 4 2 0 0 1 2 2 4 3 3 1 3 4 1 2 3 3 1 0 1 2 4 3 0 1 3 3 3 1 4 1 3 4 0 2 4 3 3 3 3 1 1 1 3 1 2 1 0 1 0 0 2 2 1 0 1 3 1 2 0 0 1 2 3 1 3 4 3 1 2 2 3 3 4 1 3 3 3 
# knockout 84
3 0 2 3 1 3 3 0 3 1 4 3 3 1 3 1 2 2 2 3 2 0 4 3 0 0 0 3 3 3 3 3 1 3 4 2 3 3 4 3 0 1 4 4 3 0 1 3 2 3 1 4 0 3 4 0 2 4 3 3 3 3 2 1 1 3 1 2 1 1 1 0 0 2 2 1 0 1 3 1 2 1 4 0 2 3 1 3 4 3 1 1 2 4 4 4 1 3 3 3 
3 0 2 3 1 3 3 0 3 1 4 3 3 1 3 1 2 2 2 3 2 0 4 3 0 0 0 3 3 3 3 3 1 3 4 2 3 3 4 3 0 1 4 4 3 0 1 3 2 3 1 4 0 3 4 0 2 4 3 3 3 3 2 1 1 3 1 2 1 1 1 0 0 2 2 1 0 1 3 1 2 1 4 0 2 3 1 3 4 3 1 1 2 4 4 4 1 3 3 3 
# knockout 85
3 0 2 3 2 3 3 0 2 1 3 3 2 1 3 1 2 2 1 3 2 0 4 2 0 0 1 2 2 3 3 2 1 4 4 1 2 3 3 2 0 1 1 4 3 0 1 3 2 3 1 4 0 4 4 0 2 4 2 3 3 3 2 1 2 3 1 2 1 1 1 0 0 1 2 1 0 1 3 1 2 0 3 1 0 3 2 3 4 3 1 2 2 4 4 4 1 3 3 3 
3 0 2 3 2 3 3 0 2 1 3 3 2 1 3 1 2 2 1 3 2 0 4 2 0 0 1 2 2 3 3 2 1 4 4 1 2 3 3 2 0 1 1 4 3 0 1 3 2 3 1 4 0 4 4 0 2 4 2 3 3 3 2 1 2 3 1 2 1 1 1 0 0 1 2 1 0 1 3 1 2 0 3 1 0 3 2 3 4 3 1 2 2 4 4 4 1 3 3 3 
# knockout 86
2 0 2 3 2 3 3 0 2 1 3 3 3 1 3 1 2 2 1 4 2 0 4 2 0 0 1 4 2 3 2 3 0 3 4 1 2 3 3 1 0 1 3 3 3 0 1 3 3 3 1 4 0 2 4 0 2 4 2 3 3 3 2 1 1 3 1 2 1 1 1 0 0 2 2 1 0 1 3 1 2 0 3 1 2 0 1 3 4 3 1 2 2 3 4 4 1 3 3 3 
2 0 2 3 2 3 3 0 2 1 3 3 3 1 3 1 2 2 1 4 2 0 4 2 0 0 1 4 2 3 2 3 0 3 4 1 2 3 3 1 0 1 3 3 3 0 1 3 3 3 1 4 0 2 4 0 2 4 2 3 3 3 2 1 1 3 1 2 1 1 1 0 0 2 2 1 0 1 3 1 2 0 3 1 2 0 1 3 4 3 1 2 2 3 4 4 1 3 3 3 
# knockout 87
3 0 2 3 2 3 3 0 3 1 3 3 3 1 3 1 2 2 1 3 2 0 4 2 0 0 1 3 2 3 3 4 1 2 4 1 2 3 4 2 0 1 2 4 3 0 1 3 2 3 1 4 0 3 4 0 3 4 2 3 3 4 2 1 1 3 1 2 1 0 2 0 0 2 2 1 0 1 3 1 2 0 3 0 2 3 0 3 4 3 1 2 2 4 4 4 1 3 4 3 
3 0 2 3 2 3 3 0 3 1 3 3 3 1 3 1 2 2 1 3 2 0 4 2 0 0 1 3 2 3 3 4 1 2 4 1 2 3 4 2 0 1 2 4 3 0 1 3 2 3 1 4 0 3 4 0 3 4 2 3 3 4 2 1 1 3 1 2 1 0 2 0 0 2 2 1 0 1 3 1 2 0 3 0 2 3 0 3 4 3 1 2 2 4 4 4 1 3 4 3 
# knockout 88
3 0 2 2 2 3 3 0 2 1 3 3 3 1 3 1 2 2 2 3 1 0 4 2 0 0 1 3 2 3 3 3 1 3 4 1 2 3 3 2 0 1 3 4 2 0 1 3 2 4 0 4 0 2 4 1 2 3 2 3 3 3 1 1 1 3 1 2 1 0 1 1 0 2 2 1 0 1 3 1 2 0 3 1 2 3 1 0 4 3 2 2 2 3 4 4 1 3 3 3 
3 0 2 2 2 3 3 0 2 1 3 3 3 1 3 1 2 2 2 3 1 0 4 2 0 0 1 3 2 3 3 3 1 3 4 1 2 3 3 2 0 1 3 4 2 0 1 3 2 4 0 4 0 2 4 1 2 3 2 3 3 3 1 1 1 3 1 2 1 0 1 1 0 2 2 1 0 1 3 1 2 0 3 1 2 3 1 0 4 3 2 2 2 3 4 4 1 3 3 3 
# knockout 89
3 0 3 3 2 3 3 0 2 1 3 3 3 1 3 1 2 2 1 3 2 0 4 2 0 0 1 3 2 3 3 3 1 3 4 1 2 3 3 2 0 1 3 4 3 0 2 3 1 3 2 4 0 3 4 0 2 4 2 3 3 3 2 1 2 3 1 2 1 1 1 0 0 2 2 1 0 1 3 1 2 0 3 1 3 3 2 3 0 3 1 2 2 3 4 3 1 3 3 4 
3 0 3 3 2 3 3 0 2 1 3 3 3 1 3 1 2 2 1 3 2 0 4 2 0 0 1 3 2 3 3 3 1 3 4 1 2 3 3 2 0 1 3 4 3 0 2 3 1 3 2 4 0 3 4 0 2 4 2 3 3 3 2 1 2 3 1 2 1 1 1 0 0 2 2 1 0 1 3 1 2 0 3 1 3 3 2 3 0 3 1 2 2 3 4 3 1 3 3 4 
# knockout 90
2 0 3 3 2 3 3 0 2 1 3 3 3 1 3 2 2 2 1 3 1 0 4 2 0 0 1 3 2 3 3 2 1 3 4 1 2 3 3 2 0 1 2 4 3 0 1 3 4 4 1 4 0 3 3 0 2 4 3 3 3 3 2 1 1 3 1 2 1 1 1 0 0 2 2 1 0 1 3 1 2 1 3 0 2 3 1 3 4 0 4 2 2 3 4 4 1 3 4 3 
2 0 3 3 2 3 3 0 2 1 3 3 3 1 3 2 2 2 1 3 1 0 4 2 0 0 1 3 2 3 3 2 1 3 4 1 2 3 3 2 0 1 2 4 3 0 1 3 4 4 1 4 0 3 3 0 2 4 3 3 3 3 2 1 1 3 1 2 1 1 1 0 0 2 2 1 0 1 3 1 2 1 3 0 2 3 1 3 4 0 4 2 2 3 4 4 1 3 4 3 
# knockout 91
3 0 2 2 2 3 3 0 2 1 3 3 3 1 3 2 2 2 1 3 2 0 4 2 0 0 1 3 2 3 3 3 1 3 4 1 2 3 3 2 0 1 3 4 3 0 1 3 2 3 0 4 0 3 4 0 2 4 2 3 3 3 2 1 1 3 1 2 1 1 0 0 0 2 2 1 0 1 3 1 4 1 3 1 2 3 1 3 4 3 0 2 2 4 4 4 1 3 3 3 
3 0 2 2 2 3 3 0 2 1 3 3 3 1 3 2 2 2 1 3 2 0 4 2 0 0 1 3 2 3 3 3 1 3 4 1 2 3 3 2 0 1 3 4 3 0 1 3 2 3 0 4 0 3 4 0 2 4 2 3 3 3 2 1 1 3 1 2 1 1 0 0 0 2 2 1 0 1 3 1 4 1 3 1 2 3 1 3 4 3 0 2 2 4 4 4 1 3 3 3 
# knockout 92
3 0 2 3 2 3 2 0 3 2 3 3 3 1 3 1 2 2 1 4 2 0 3 2 0 0 1 3 2 4 4 3 1 3 4 1 2 3 3 2 0 1 2 4 3 0 1 3 2 3 1 4 0 3 4 0 2 3 2 3 3 3 2 1 2 3 1 2 1 0 1 0 0 2 2 1 0 1 3 1 2 0 3 1 2 3 1 3 4 3 1 0 2 3 4 4 1 3 3 3 
3 0 2 3 2 3 2 0 3 2 3 3 3 1 3 1 2 2 1 4 2 0 3 2 0 0 1 3 2 4 4 3 1 3 4 1 2 3 3 2 0 1 2 4 3 0 1 3 2 3 1 4 0 3 4 0 2 3 2 3 3 3 2 1 2 3 1 2 1 0 1 0 0 2 2 1 0 1 3 1 2 0 3 1 2 3 1 3 4 3 1 0 2 3 4 4 1 3 3 3 
# knockout 93
2 0 2 3 2 3 3 0 2 1 3 3 3 1 3 1 2 2 1 3 2 0 4 2 0 0 1 3 2 3 3 3 1 3 4 1 2 3 3 2 0 1 3 4 2 0 1 4 2 3 1 4 0 3 4 0 2 4 3 3 3 3 2 1 1 3 1 2 2 1 1 0 0 1 2 1 0 1 3 1 3 2 3 0 1 2 1 2 3 2 2 2 0 3 4 4 1 3 3 3 
2 0 2 3 2 3 3 0 2 1 3 3 3 1 3 1 2 2 1 3 2 0 4 2 0 0 1 3 2 3 3 3 1 3 4 1 2 3 3 2 0 1 3 4 2 0 1 4 2 3 1 4 0 3 4 0 2 4 3 3 3 3 2 1 1 3 1 2 2 1 1 0 0 1 2 1 0 1 3 1 3 2 3 0 1 2 1 2 3 2 2 2 0 3 4 4 1 3 3 3 
# knockout 94
3 0 2 3 3 3 3 0 2 1 3 3 3 1 3 1 2 0 1 3 2 0 4 2 0 0 2 4 1 3 3 3 1 3 4 1 2 3 4 2 0 1 2 4 3 0 2 3 3 3 1 4 0 4 3 0 2 4 2 3 4 3 2 1 1 3 1 2 1 1 1 0 0 1 2 1 0 1 3 2 2 0 3 0 2 3 1 3 3 3 2 2 2 0 0 4 1 3 3 2 
3 0 2 3 3 3 3 0 2 1 3 3 3 1 3 1 2 0 1 3 2 0 4 2 0 0 2 4 1 3 3 3 1 3 4 1 2 3 4 2 0 1 2 4 3 0 2 3 3 3 1 4 0 4 3 0 2 4 2 3 4 3 2 1 1 3 1 2 1 1 1 0 0 1 2 1 0 1 3 2 2 0 3 0 2 3 1 3 3 3 2 2 2 0 0 4 1 3 3 2 
# knockout 95
3 0 2 4 2 3 3 0 2 2 4 3 3 1 3 1 2 2 1 3 2 0 4 2 0 1 3 3 2 3 3 3 1 3 4 1 2 3 4 2 0 1 2 4 3 0 1 4 3 3 1 4 0 3 4 0 2 4 2 3 3 3 2 1 1 3 2 2 1 1 1 0 0 2 1 1 0 1 3 1 2 0 3 1 2 3 1 2 4 3 1 2 2 3 0 4 1 3 3 3 
3 0 2 4 2 3 3 0 2 2 4 3 3 1 3 1 2 2 1 3 2 0 4 2 0 1 3 3 2 3 3 3 1 3 4 1 2 3 4 2 0 1 2 4 3 0 1 4 3 3 1 4 0 3 4 0 2 4 2 3 3 3 2 1 1 3 2 2 1 1 1 0 0 2 1 1 0 1 3 1 2 0 3 1 2 3 1 2 4 3 1 2 2 3 0 4 1 3 3 3 
# knockout 96
3 0 2 3 2 3 3 0 2 1 3 3 3 1 3 2 2 2 1 3 2 0 4 2 0 4 4 3 1 3 3 2 1 3 4 1 2 3 4 2 0 1 3 4 3 0 1 3 2 3 1 4 0 3 4 0 2 4 3 3 3 3 0 1 1 3 1 2 1 1 1 0 0 2 2 0 0 1 3 1 2 0 3 1 1 3 1 3 4 3 1 2 0 4 4 0 0 3 3 4 
3 0 2 3 2 3 3 0 2 1 3 3 3 1 3 2 2 2 1 3 2 0 4 2 0 4 4 3 1 3 3 2 1 3 4 1 2 3 4 2 0 1 3 4 3 0 1 3 2 3 1 4 0 3 4 0 2 4 3 3 3 3 0 1 1 3 1 2 1 1 1 0 0 2 2 0 0 1 3 1 2 0 3 1 1 3 1 3 4 3 1 2 0 4 4 0 0 3 3 4 
# knockout 97
3 0 2 3 2 3 3 0 3 1 3 3 3 1 3 1 2 1 2 3 2 0 4 2 0 0 1 4 3 3 3 3 1 3 4 1 2 3 3 2 0 1 3 4 3 0 1 4 2 3 1 4 0 3 3 0 2 3 2 3 3 3 2 1 1 3 1 2 1 1 1 0 0 2 3 1 0 1 3 1 2 1 3 1 2 3 1 3 4 3 1 2 2 3 4 4 0 3 3 3 
3 0 2 3 2 3 3 0 3 1 3 3 3 1 3 1 2 1 2 3 2 0 4 2 0 0 1 4 3 3 3 3 1 3 4 1 2 3 3 2 0 1 3 4 3 0 1 4 2 3 1 4 0 3 3 0 2 3 2 3 3 3 2 1 1 3 1 2 1 1 1 0 0 2 3 1 0 1 3 1 2 1 3 1 2 3 1 3 4 3 1 2 2 3 4 4 0 3 3 3 
# knockout 98
3 0 3 3 2 3 3 0 2 1 3 3 3 1 3 1 2 3 1 3 2 0 4 3 0 0 1 3 2 3 2 3 1 3 4 2 3 3 3 2 0 1 2 4 3 4 1 3 2 3 0 4 0 3 3 0 2 4 2 3 3 4 2 1 1 3 1 2 2 1 1 0 0 2 2 1 0 1 3 1 3 1 3 1 2 3 1 3 4 3 1 2 2 3 3 4 1 0 4 3 
3 0 3 3 2 3 3 0 2 1 3 3 3 1 3 1 2 3 1 3 2 0 4 3 0 0 1 3 2 3 2 3 1 3 4 2 3 3 3 2 0 1 2 4 3 4 1 3 2 3 0 4 0 3 3 0 2 4 2 3 3 4 2 1 1 3 1 2 2 1 1 0 0 2 2 1 0 1 3 1 3 1 3 1 2 3 1 3 4 3 1 2 2 3 3 4 1 0 4 3 
# knockout 99
3 0 3 2 2 3 3 0 2 1 3 3 3 2 3 2 2 2 2 3 2 0 4 3 0 0 1 3 2 3 3 3 1 3 4 1 2 3 3 3 0 1 2 4 3 0 1 3 2 3 0 4 0 3 3 0 2 1 0 3 3 3 1 1 1 3 1 2 1 1 1 0 0 2 2 0 0 1 3 1 2 0 3 1 2 3 1 3 4 3 1 2 2 3 4 4 1 3 0 3 
3 0 3 2 2 3 3 0 2 1 3 3 3 2 3 2 2 2 2 3 2 0 4 3 0 0 1 3 2 3 3 3 1 3 4 1 2 3 3 3 0 1 2 4 3 0 1 3 2 3 0 4 0 3 3 0 2 1 0 3 3 3 1 1 1 3 1 2 1 1 1 0 0 2 2 0 0 1 3 1 2 0 3 1 2 3 1 3 4 3 1 2 2 3 4 4 1 3 0 3 
# knockout 100
3 0 2 3 2 3 4 0 2 1 3 3 2 1 3 1 2 2 1 3 2 0 4 2 0 0 1 3 2 3 3 3 1 3 4 1 2 3 3 2 0 1 3 4 3 0 1 3 3 3 1 4 0 3 4 1 2 3 2 3 3 3 2 1 1 3 1 2 1 1 1 0 0 1 2 1 0 1 3 1 2 1 3 0 3 3 1 3 4 3 2 2 2 4 4 4 1 3 3 0 
3 0 2 3 2 3 4 0 2 1 3 3 2 1 3 1 2 2 1 3 2 0 4 2 0 0 1 3 2 3 3 3 1 3 4 1 2 3 3 2 0 1 3 4 3 0 1 3 3 3 1 4 0 3 4 1 2 3 2 3 3 3 2 1 1 3 1 2 1 1 1 0 0 1 2 1 0 1 3 1 2 1 3 0 3 3 1 3 4 3 2 2 2 4 4 4 1 3 3 0 
