10 7 1
10 2 1
9 7 1
9 6 1
9 5 1
9 2 1
8 9 1
8 2 1
7 2 1
6 7 1
6 2 1
5 9 1
5 2 1
4 7 1
4 5 1
4 2 1
3 7 1
3 2 1
2 9 1
2 7 1
2 6 1
1 9 1
1 7 1
1 6 1
1 5 1
1 2 1
7 4 .7
10 9 .5
10 8 .5
10 6 .5
10 5 .5
10 4 .5
10 3 .5
9 10 .5
9 8 .5
9 4 .5
8 10 .5
8 7 .5
8 6 .5
8 5 .5
8 1 .5
7 8 .5
7 6 .5
7 5 .5
7 3 .5
6 10 .5
6 9 .5
6 8 .5
6 5 .5
5 10 .5
5 8 .5
5 7 .5
5 6 .5
5 3 .5
4 10 .5
4 8 .5
4 6 .5
3 10 .5
3 8 .5
3 6 .5
3 5 .5
3 4 .5
2 10 .5
2 8 .5
2 5 .5
2 3 .5
1 10 .5
1 8 .5
1 4 .5
1 3 .5
9 1 .2
8 4 .1
4 9 .1
