10 8 1
10 7 1
10 6 1
9 10 1
9 8 1
9 3 1
9 2 1
9 1 1
8 9 1
8 7 1
8 6 1
8 4 1
8 2 1
8 1 1
6 10 1
6 1 1
4 10 1
4 2 1
4 1 1
3 10 1
3 9 1
3 8 1
3 7 1
3 6 1
3 4 1
3 2 1
2 10 1
2 8 1
2 3 1
2 1 1
1 10 1
1 9 1
1 8 1
1 2 1
8 10 .9325
8 3 .913
6 8 .8955
3 1 .895
6 9 .887
6 3 .883
6 7 .8745
10 1 .873
1 6 .8705
4 9 .8675
10 3 .8625
10 2 .8625
6 2 .862
1 3 .8555
2 9 .8545
1 7 .8535
4 8 .853
7 2 .8505
7 6 .849
7 1 .849
10 9 .8485
2 6 .8475
7 8 .8465
4 3 .846
6 4 .8415
7 10 .8405
5 10 .8395
5 1 .8385
2 7 .8375
7 9 .837
9 6 .8365
5 4 .835
5 9 .8345
7 3 .834
9 4 .8335
4 6 .833
5 6 .831
5 2 .8225
1 4 .822
5 3 .8205
5 8 .8155
4 7 .807
9 7 .806
2 4 .806
7 4 .798
5 7 .7925
10 4 .778
7 5 .727
4 5 .6825
10 5 .6685
9 5 .6665
2 5 .6495
1 5 .6465
6 5 .64
3 5 .6285
8 5 .577
