5 15 .99
63 20 .98
5 20 .98
37 72 .97
5 11 .96
37 74 .94
96 21 .93
85 9 .9
78 20 .9
98 72 .89
93 72 .88
85 88 .88
57 72 .88
35 72 .88
56 20 .87
84 72 .85
43 72 .85
17 15 .85
94 72 .83
76 72 .83
60 20 .83
55 72 .83
10 72 .83
1 20 .83
98 20 .82
87 72 .82
82 20 .82
46 9 .82
26 72 .82
5 14 .82
100 11 .8
85 39 .8
80 20 .8
63 80 .8
36 72 .8
33 15 .8
31 72 .8
29 72 .8
27 72 .8
85 20 .78
68 11 .78
52 72 .78
49 11 .78
48 20 .78
46 72 .78
40 41 .78
85 25 .75
72 15 .75
67 15 .75
63 79 .75
63 15 .75
59 72 .75
42 72 .75
28 72 .75
17 72 .75
16 72 .75
94 15 .72
85 87 .72
84 15 .72
83 88 .72
77 20 .72
53 15 .72
51 72 .72
48 72 .72
32 20 .72
23 72 .72
18 11 .72
15 72 .72
5 6 .72
2 11 .72
96 11 .67
89 20 .67
89 11 .67
83 11 .67
77 72 .67
74 72 .67
66 72 .67
65 66 .67
63 78 .67
63 59 .67
30 72 .67
26 34 .67
20 72 .67
11 20 .67
7 72 .67
93 41 .61
83 9 .61
78 72 .61
71 11 .61
65 72 .61
64 72 .61
57 20 .61
53 20 .61
47 72 .61
47 15 .61
37 77 .61
33 72 .61
26 15 .61
24 14 .61
24 11 .61
20 32 .61
4 88 .61
100 74 .51
100 72 .51
95 14 .51
90 15 .51
86 20 .51
85 84 .51
85 80 .51
85 38 .51
83 20 .51
75 20 .51
61 15 .51
56 15 .51
48 15 .51
46 74 .51
45 72 .51
42 41 .51
40 72 .51
37 24 .51
37 23 .51
33 11 .51
32 41 .51
25 15 .51
23 74 .51
19 15 .51
16 41 .51
12 11 .51
11 72 .51
10 74 .51
8 74 .51
7 20 .51
100 21 .37
99 9 .37
92 73 .37
90 74 .37
87 41 .37
86 61 .37
85 74 .37
83 87 .37
83 38 .37
81 39 .37
81 25 .37
77 15 .37
74 61 .37
73 74 .37
72 41 .37
71 21 .37
70 72 .37
70 11 .37
66 74 .37
66 41 .37
64 74 .37
63 75 .37
63 74 .37
63 61 .37
63 24 .37
61 11 .37
60 25 .37
58 14 .37
57 11 .37
56 25 .37
52 25 .37
50 41 .37
50 15 .37
46 58 .37
46 57 .37
46 53 .37
45 11 .37
44 79 .37
44 31 .37
40 20 .37
38 41 .37
38 11 .37
37 73 .37
37 59 .37
37 29 .37
37 25 .37
34 72 .37
33 74 .37
32 15 .37
26 33 .37
26 32 .37
26 30 .37
26 29 .37
26 27 .37
25 20 .37
21 11 .37
20 25 .37
19 32 .37
16 20 .37
15 11 .37
15 9 .37
14 20 .37
13 20 .37
10 70 .37
10 59 .37
10 20 .37
9 74 .37
8 72 .37
8 25 .37
8 11 .37
5 17 .37
4 32 .37
4 25 .37
3 25 .37
1 15 .37
100 41 .14
100 9 .14
99 25 .14
97 39 .14
96 97 .14
96 80 .14
96 14 .14
95 88 .14
95 74 .14
94 34 .14
93 95 .14
93 24 .14
93 20 .14
93 14 .14
92 41 .14
91 92 .14
91 74 .14
91 41 .14
91 32 .14
90 84 .14
90 61 .14
90 41 .14
90 28 .14
90 20 .14
87 32 .14
85 77 .14
84 74 .14
84 34 .14
84 9 .14
83 86 .14
83 70 .14
83 49 .14
83 39 .14
83 25 .14
82 38 .14
80 25 .14
80 15 .14
79 59 .14
79 58 .14
78 25 .14
78 21 .14
77 88 .14
76 80 .14
76 61 .14
76 15 .14
75 72 .14
75 38 .14
75 24 .14
72 24 .14
72 11 .14
70 88 .14
69 15 .14
67 80 .14
66 25 .14
66 11 .14
65 74 .14
65 24 .14
64 25 .14
63 72 .14
63 60 .14
63 41 .14
63 25 .14
62 50 .14
61 74 .14
61 20 .14
60 41 .14
59 74 .14
59 56 .14
59 24 .14
59 14 .14
58 41 .14
55 66 .14
55 54 .14
55 41 .14
54 89 .14
54 88 .14
54 82 .14
54 38 .14
54 25 .14
51 11 .14
50 32 .14
48 11 .14
47 66 .14
47 21 .14
46 48 .14
46 25 .14
46 22 .14
46 16 .14
46 15 .14
46 14 .14
45 89 .14
45 34 .14
45 31 .14
44 80 .14
44 78 .14
44 75 .14
44 64 .14
44 59 .14
44 50 .14
44 41 .14
43 80 .14
43 64 .14
43 44 .14
43 31 .14
41 80 .14
41 66 .14
41 24 .14
40 89 .14
39 66 .14
39 62 .14
39 32 .14
39 21 .14
38 89 .14
38 14 .14
37 88 .14
37 71 .14
37 69 .14
37 62 .14
37 60 .14
36 25 .14
34 74 .14
34 21 .14
34 20 .14
33 20 .14
33 14 .14
32 80 .14
31 80 .14
31 79 .14
31 74 .14
29 20 .14
28 88 .14
28 84 .14
28 80 .14
28 20 .14
26 41 .14
26 31 .14
26 11 .14
25 11 .14
24 25 .14
24 9 .14
23 66 .14
23 24 .14
22 88 .14
22 25 .14
21 41 .14
21 34 .14
21 13 .14
20 56 .14
20 21 .14
19 61 .14
16 61 .14
14 21 .14
13 66 .14
13 25 .14
12 24 .14
10 71 .14
10 25 .14
9 38 .14
9 24 .14
8 39 .14
8 32 .14
8 9 .14
6 11 .14
5 74 .14
5 12 .14
5 4 .14
4 77 .14
4 15 .14
3 74 .14
3 38 .14
