10 4 .434524
2 4 .434524
1 4 .434524
10 1 .422594
7 1 .422594
6 1 .422594
4 1 .422594
2 1 .422594
8 3 .410354
6 3 .410354
4 3 .410354
1 3 .410354
7 5 .385354
6 5 .385354
4 5 .385354
10 2 .371368
7 2 .371368
6 2 .371368
4 2 .371368
1 2 .371368
10 8 .271368
7 8 .271368
4 8 .271368
2 8 .271368
1 8 .271368
10 7 .251166
6 7 .251166
4 7 .251166
2 7 .251166
1 7 .251166
7 10 .215909
6 10 .215909
4 10 .215909
2 10 .215909
1 10 .215909
10 9 .194444
4 9 .194444
2 9 .194444
10 6 .174242
7 6 .174242
4 6 .174242
3 6 .174242
2 6 .174242
1 6 .174242
