72 87 .97
22 87 .97
71 93 .96
13 87 .96
88 87 .95
17 93 .95
15 87 .95
71 89 .94
71 59 .94
92 87 .92
71 44 .92
64 89 .92
46 87 .92
22 89 .92
64 93 .91
72 38 .9
93 87 .89
64 87 .89
68 87 .88
36 87 .88
32 87 .88
9 87 .88
26 89 .87
36 89 .85
15 38 .85
1 87 .85
59 87 .83
98 84 .82
13 38 .82
71 5 .8
17 95 .8
71 99 .78
71 15 .78
22 38 .78
26 38 .75
15 89 .75
72 15 .72
13 30 .72
72 93 .67
43 89 .67
32 93 .67
13 15 .67
64 95 .61
64 38 .61
36 38 .61
30 93 .61
9 10 .61
2 42 .61
95 93 .51
88 15 .51
75 15 .51
74 93 .51
74 72 .51
65 93 .51
65 87 .51
65 15 .51
61 42 .51
49 87 .51
49 30 .51
43 38 .51
36 63 .51
35 93 .51
31 42 .51
27 42 .51
22 93 .51
17 5 .51
9 12 .51
99 93 .37
98 15 .37
97 61 .37
96 93 .37
95 15 .37
93 89 .37
91 42 .37
88 30 .37
85 42 .37
84 51 .37
84 15 .37
84 13 .37
82 93 .37
82 15 .37
81 93 .37
79 21 .37
75 93 .37
74 99 .37
74 73 .37
74 36 .37
74 13 .37
72 80 .37
72 65 .37
72 63 .37
72 36 .37
72 24 .37
71 82 .37
68 89 .37
66 84 .37
65 51 .37
65 44 .37
64 94 .37
63 30 .37
59 61 .37
56 42 .37
51 84 .37
46 42 .37
41 87 .37
41 42 .37
35 58 .37
33 93 .37
22 44 .37
20 73 .37
17 15 .37
16 15 .37
10 15 .37
8 30 .37
5 93 .37
4 82 .37
3 93 .37
2 93 .37
1 15 .37
100 67 .14
96 99 .14
96 87 .14
96 84 .14
95 76 .14
94 87 .14
94 38 .14
93 58 .14
93 38 .14
91 45 .14
90 44 .14
90 15 .14
89 13 .14
88 36 .14
88 24 .14
87 93 .14
85 93 .14
85 61 .14
84 72 .14
83 25 .14
83 15 .14
82 64 .14
82 30 .14
81 51 .14
80 93 .14
80 64 .14
79 93 .14
79 42 .14
78 42 .14
78 15 .14
77 59 .14
76 84 .14
76 15 .14
74 88 .14
74 85 .14
74 70 .14
74 65 .14
74 29 .14
74 21 .14
72 100 .14
72 68 .14
72 21 .14
72 5 .14
72 2 .14
71 100 .14
71 81 .14
71 79 .14
71 78 .14
71 74 .14
71 72 .14
71 65 .14
71 58 .14
71 34 .14
71 21 .14
71 18 .14
71 13 .14
71 2 .14
70 74 .14
69 74 .14
69 58 .14
68 93 .14
68 64 .14
68 36 .14
68 15 .14
67 93 .14
66 93 .14
66 72 .14
66 45 .14
65 89 .14
65 80 .14
65 73 .14
65 68 .14
65 56 .14
65 36 .14
65 27 .14
65 2 .14
64 96 .14
64 73 .14
64 44 .14
64 36 .14
64 29 .14
64 27 .14
64 5 .14
63 84 .14
63 70 .14
63 61 .14
62 64 .14
62 31 .14
61 73 .14
60 84 .14
60 44 .14
60 13 .14
59 89 .14
58 13 .14
56 15 .14
55 73 .14
55 51 .14
54 84 .14
53 74 .14
52 89 .14
52 73 .14
52 42 .14
51 93 .14
50 93 .14
50 44 .14
50 10 .14
49 15 .14
46 58 .14
46 24 .14
46 22 .14
46 13 .14
46 10 .14
44 93 .14
44 74 .14
44 42 .14
43 61 .14
41 99 .14
41 61 .14
41 35 .14
41 30 .14
38 93 .14
38 58 .14
37 64 .14
37 15 .14
36 22 .14
36 15 .14
35 73 .14
34 87 .14
34 84 .14
34 64 .14
34 61 .14
34 15 .14
33 42 .14
33 15 .14
32 84 .14
32 61 .14
32 15 .14
32 5 .14
30 74 .14
29 93 .14
29 59 .14
29 56 .14
28 84 .14
28 64 .14
28 10 .14
27 93 .14
27 56 .14
27 51 .14
27 38 .14
27 34 .14
26 74 .14
26 59 .14
25 15 .14
23 74 .14
23 51 .14
22 80 .14
22 15 .14
21 72 .14
18 42 .14
17 96 .14
17 64 .14
17 59 .14
17 34 .14
17 31 .14
16 87 .14
16 51 .14
15 36 .14
15 30 .14
14 74 .14
13 80 .14
13 24 .14
13 18 .14
13 8 .14
12 74 .14
10 93 .14
8 80 .14
8 61 .14
8 24 .14
8 20 .14
7 13 .14
4 84 .14
2 99 .14
2 87 .14
2 36 .14
1 5 .14
1 2 .14
