10 4 1
10 2 1
8 7 1
8 6 1
8 5 1
8 3 1
7 2 1
6 10 1
6 7 1
6 2 1
6 1 1
5 3 1
4 2 1
4 1 1
3 10 1
3 9 1
3 8 1
3 7 1
3 2 1
2 10 1
2 9 1
2 1 1
1 10 1
1 5 1
1 3 1
1 2 1
9 10 .962
9 2 .962
5 2 .943
10 1 .9215
5 10 .9205
5 1 .919
9 4 .917
7 10 .9145
8 2 .9085
1 6 .9075
1 7 .9045
6 8 .899
6 3 .8975
5 6 .8965
10 3 .8935
1 8 .8935
8 10 .893
2 3 .89
10 7 .8885
3 6 .8855
4 10 .885
4 3 .885
10 6 .884
9 7 .882
3 1 .881
9 3 .8765
7 3 .876
7 1 .876
4 6 .8755
9 1 .8735
10 9 .8715
5 8 .8715
3 4 .8715
2 7 .8715
6 5 .87
7 8 .8695
9 8 .869
4 7 .869
7 4 .8685
7 6 .8675
2 6 .863
9 6 .8615
2 4 .8575
8 1 .856
2 8 .85
1 4 .8485
6 9 .8455
4 8 .8445
10 5 .843
1 9 .839
5 7 .8375
4 9 .8355
3 5 .8355
9 5 .835
7 9 .835
6 4 .835
10 8 .829
7 5 .8135
5 4 .8105
4 5 .807
8 9 .7935
5 9 .7905
2 5 .785
8 4 .784
