10 9 1
10 7 1
10 5 1
10 4 1
9 10 1
9 8 1
9 7 1
9 6 1
9 5 1
9 4 1
9 3 1
9 2 1
9 1 1
8 5 1
8 4 1
8 3 1
8 1 1
5 10 1
5 9 1
5 8 1
5 7 1
5 4 1
5 3 1
5 2 1
5 1 1
3 9 1
3 7 1
3 6 1
3 5 1
3 2 1
3 1 1
2 7 1
2 3 1
1 10 1
1 4 1
1 3 1
1 2 1
6 4 .9675
6 10 .967
6 2 .966
6 9 .9615
3 4 .9515
2 10 .9475
2 4 .947
6 3 .946
6 1 .9455
3 10 .942
2 1 .938
2 5 .9355
4 9 .931
4 1 .928
2 8 .927
4 3 .926
4 2 .9245
2 9 .9225
4 10 .9215
4 7 .918
6 7 .915
2 6 .915
1 9 .9085
8 2 .907
4 8 .906
4 5 .904
7 4 .9015
4 6 .901
8 9 .9
7 2 .899
7 9 .8985
1 5 .8985
7 8 .897
7 3 .8965
1 7 .8955
7 1 .895
7 5 .8925
1 8 .8915
8 7 .891
6 8 .8905
10 2 .8885
8 10 .8875
7 10 .887
7 6 .883
10 1 .882
6 5 .882
10 8 .8785
3 8 .876
10 3 .8755
8 6 .863
1 6 .8605
10 6 .857
5 6 .799
