# knockout 1
1 0 1 1 0 0 0 1 0 1 0 0 0 0 1 
1 1 1 1 0 0 0 1 0 1 0 0 0 0 1 
# knockout 2
1 1 1 1 0 1 1 0 1 0 0 0 1 0 0 
1 1 1 1 0 1 1 1 1 0 0 0 1 0 0 
# knockout 3
1 0 1 1 0 0 1 1 1 0 1 0 0 0 0 
1 1 1 1 0 0 0 1 1 0 1 0 0 0 0 
# knockout 4
1 1 1 1 0 1 0 1 1 0 0 0 1 0 0 
1 1 1 1 0 1 1 1 1 0 0 0 1 0 0 
# knockout 5
1 1 1 1 0 1 1 1 1 1 0 1 0 0 0 
0 1 1 1 0 1 1 1 1 1 0 1 0 0 0 
# knockout 6
1 0 1 1 0 1 0 1 1 1 0 0 0 0 0 
1 0 1 1 0 1 0 1 1 1 0 0 0 0 0 
# knockout 7
1 0 1 1 0 1 0 1 0 1 0 1 0 0 0 
1 0 1 1 1 1 0 1 0 1 0 1 0 0 0 
# knockout 8
1 0 1 1 1 1 0 1 0 1 0 1 0 0 0 
1 1 1 1 1 1 0 1 0 1 0 1 0 0 0 
# knockout 9
1 1 1 1 1 1 0 1 0 1 0 1 0 0 0 
1 1 1 1 0 1 1 1 0 1 0 1 0 0 0 
# knockout 10
1 0 1 1 0 0 0 1 1 0 1 0 0 0 0 
1 0 1 1 0 0 1 1 1 0 1 0 0 0 0 
# knockout 11
0 1 1 1 0 1 1 1 1 1 0 1 0 0 0 
1 0 1 1 0 1 1 1 1 1 0 1 0 0 0 
# knockout 12
1 1 1 1 0 1 0 1 1 1 0 0 0 0 1 
1 0 1 1 0 1 1 1 1 1 0 0 0 0 1 
# knockout 13
1 1 1 0 1 1 1 1 0 1 0 1 0 0 0 
1 1 1 1 0 1 1 1 1 1 0 1 0 0 0 

